0 0.7098484848484848 0.18518518518518517 0.07121212121212121 0.125
0 0.668939393939394 0.037037037037037035 0.07727272727272727 0.07407407407407407
0 0.5151515151515151 0.23032407407407407 0.11363636363636363 0.12962962962962962
0 0.37727272727272726 0.08796296296296297 0.09696969696969697 0.13425925925925927
0 0.24242424242424243 0.2673611111111111 0.07727272727272727 0.12731481481481483
0 0.19015151515151515 0.5416666666666666 0.06666666666666667 0.10648148148148148
0 0.278030303030303 0.8206018518518519 0.0803030303030303 0.12962962962962962
0 0.31666666666666665 0.8460648148148148 0.06666666666666667 0.11574074074074074
0 0.48863636363636365 0.9363425925925926 0.07575757575757576 0.11805555555555555
0 0.1159090909090909 0.2199074074074074 0.06363636363636363 0.10648148148148148
1 0.23863636363636365 0.5543981481481481 0.07727272727272727 0.10185185185185185
1 0.13484848484848486 0.2337962962962963 0.08636363636363636 0.12962962962962962
1 0.18409090909090908 0.1863425925925926 0.06515151515151515 0.1111111111111111
1 0.7568181818181818 0.4386574074074074 0.07878787878787878 0.10416666666666667
1 0.6712121212121213 0.7685185185185185 0.08787878787878788 0.1412037037037037
1 0.28106060606060607 0.43171296296296297 0.08333333333333333 0.13657407407407407