0 0.233983286908078 0.5502136752136753 0.06685236768802229 0.10683760683760683
0 0.2883008356545961 0.5673076923076923 0.07103064066852367 0.1047008547008547
0 0.38997214484679665 0.5267094017094017 0.06545961002785515 0.09401709401709402
0 0.22910863509749305 0.3247863247863248 0.07103064066852367 0.11324786324786325
0 0.3934540389972145 0.13675213675213677 0.08774373259052924 0.11965811965811966
0 0.7054317548746518 0.35149572649572647 0.07520891364902507 0.11965811965811966
0 0.6525069637883009 0.7596153846153846 0.09192200557103064 0.15384615384615385
0 0.6135097493036211 0.8621794871794872 0.0584958217270195 0.0876068376068376
1 0.7061281337047354 0.1282051282051282 0.05013927576601671 0.06623931623931624
1 0.13788300835654596 0.5470085470085471 0.055710306406685235 0.09401709401709402
1 0.30362116991643456 0.8098290598290598 0.09192200557103064 0.12179487179487179
1 0.49930362116991645 0.6057692307692307 0.07242339832869081 0.1282051282051282