0 0.2608359133126935 0.9741379310344828 0.05108359133126935 0.027093596059113302
0 0.6664086687306502 0.9113300492610837 0.05572755417956656 0.05665024630541872
0 0.781733746130031 0.39901477832512317 0.06037151702786378 0.12315270935960591
0 0.7856037151702786 0.2857142857142857 0.06037151702786378 0.11330049261083744
0 0.7964396284829721 0.16995073891625614 0.05417956656346749 0.1330049261083744
0 0.21284829721362228 0.22536945812807882 0.043343653250773995 0.10591133004926108
0 0.21517027863777088 0.3522167487684729 0.05572755417956656 0.13793103448275862
0 0.35294117647058826 0.4248768472906404 0.06346749226006192 0.10591133004926108
1 0.28328173374613 0.7783251231527094 0.08823529411764706 0.09852216748768473
1 0.3753869969040248 0.8866995073891626 0.05572755417956656 0.11330049261083744
1 0.663312693498452 0.6674876847290641 0.07894736842105263 0.10098522167487685
1 0.6099071207430341 0.16502463054187191 0.07120743034055728 0.12561576354679804
1 0.6787925696594427 0.01600985221674877 0.07894736842105263 0.017241379310344827
1 0.4481424148606811 0.10467980295566502 0.07275541795665634 0.06403940886699508
1 0.4241486068111455 0.12931034482758622 0.10371517027863777 0.10098522167487685
1 0.2964396284829721 0.1145320197044335 0.07585139318885449 0.06403940886699508
1 0.3993808049535604 0.008620689655172414 0.058823529411764705 0.017241379310344827