0 0.8918128654970761 0.15531914893617021 0.059941520467836254 0.1
0 0.6907894736842105 0.17872340425531916 0.07017543859649122 0.06595744680851064
0 0.5497076023391813 0.41702127659574467 0.08625730994152046 0.12127659574468085
0 0.4788011695906433 0.40106382978723404 0.06578947368421052 0.14893617021276595
0 0.7426900584795322 0.6180851063829788 0.06140350877192982 0.1276595744680851
0 0.7602339181286549 0.7308510638297873 0.04678362573099415 0.1127659574468085
0 0.5847953216374269 0.8819148936170212 0.06432748538011696 0.13617021276595745
0 0.3121345029239766 0.9553191489361702 0.07163742690058479 0.08936170212765958
0 0.26169590643274854 0.8968085106382979 0.10526315789473684 0.11702127659574468
0 0.09576023391812866 0.8808510638297873 0.0891812865497076 0.09787234042553192
1 0.831140350877193 0.24361702127659574 0.06432748538011696 0.08297872340425531
1 0.7156432748538012 0.3904255319148936 0.07748538011695906 0.09361702127659574
1 0.38084795321637427 0.1776595744680851 0.06871345029239766 0.10212765957446808
1 0.266812865497076 0.2691489361702128 0.07602339181286549 0.13829787234042554
1 0.12719298245614036 0.5882978723404255 0.07309941520467836 0.10638297872340426
1 0.07675438596491228 0.5627659574468085 0.08625730994152046 0.09361702127659574
1 0.5533625730994152 0.6468085106382979 0.07456140350877193 0.1127659574468085
1 0.5687134502923976 0.7638297872340426 0.06432748538011696 0.09787234042553192
1 0.3391812865497076 0.9031914893617021 0.05701754385964912 0.10638297872340426