0 0.6843657817109144 0.43991416309012876 0.10029498525073746 0.1630901287553648
0 0.7839233038348082 0.9195278969957081 0.06932153392330384 0.1223175965665236
0 0.6194690265486725 0.9195278969957081 0.07669616519174041 0.1223175965665236
0 0.19174041297935104 0.8047210300429185 0.06784660766961652 0.14377682403433475
0 0.26548672566371684 0.6416309012875536 0.12094395280235988 0.14377682403433475
0 0.23893805309734514 0.5815450643776824 0.08997050147492626 0.10085836909871244
0 0.29867256637168144 0.5257510729613734 0.08997050147492626 0.15021459227467812
0 0.37831858407079644 0.44313304721030045 0.0855457227138643 0.16738197424892703
0 0.24557522123893805 0.06652360515021459 0.09882005899705015 0.13304721030042918
1 0.8539823008849557 0.5160944206008584 0.0752212389380531 0.11802575107296137
1 0.1261061946902655 0.31223175965665234 0.08112094395280237 0.12446351931330472
1 0.07374631268436578 0.41738197424892703 0.0752212389380531 0.11802575107296137
1 0.011799410029498525 0.6491416309012875 0.02359882005899705 0.13090128755364808
1 0.06047197640117994 0.8186695278969958 0.11651917404129794 0.09656652360515021
1 0.42920353982300885 0.6791845493562232 0.084070796460177 0.1351931330472103
1 0.4107669616519174 0.8680257510729614 0.08259587020648967 0.13948497854077252
1 0.6408554572271387 0.8819742489270386 0.084070796460177 0.13948497854077252