0 0.15297202797202797 0.3815789473684211 0.024475524475524476 0.07177033492822966
0 0.22552447552447552 0.31220095693779903 0.07517482517482517 0.11483253588516747
0 0.22465034965034966 0.23923444976076555 0.0472027972027972 0.1076555023923445
0 0.25961538461538464 0.1291866028708134 0.050699300699300696 0.11722488038277512
0 0.7753496503496503 0.13277511961722488 0.05419580419580419 0.0861244019138756
0 0.736013986013986 0.6854066985645934 0.08741258741258741 0.15550239234449761
1 0.1284965034965035 0.6076555023923444 0.04020979020979021 0.07655502392344497
1 0.3513986013986014 0.5155502392344498 0.08566433566433566 0.08851674641148326
1 0.3479020979020979 0.2894736842105263 0.05944055944055944 0.09808612440191387
1 0.44143356643356646 0.1590909090909091 0.08916083916083917 0.11722488038277512
1 0.6363636363636364 0.1375598086124402 0.055944055944055944 0.0861244019138756
1 0.7342657342657343 0.4102870813397129 0.07867132867132867 0.09569377990430622