0 0.8133680555555556 0.20023696682464456 0.08854166666666667 0.12322274881516587
0 0.9513888888888888 0.37203791469194314 0.09722222222222222 0.13744075829383887
0 0.3411458333333333 0.052132701421800945 0.09027777777777778 0.08767772511848342
0 0.2647569444444444 0.034360189573459717 0.08159722222222222 0.06872037914691943
0 0.1762152777777778 0.06042654028436019 0.0798611111111111 0.0995260663507109
0 0.017361111111111112 0.45260663507109006 0.034722222222222224 0.10426540284360189
0 0.016493055555555556 0.6090047393364929 0.03298611111111111 0.0995260663507109
0 0.11371527777777778 0.6990521327014217 0.08680555555555555 0.12085308056872038
0 0.2361111111111111 0.3447867298578199 0.10416666666666667 0.14454976303317535
1 0.9835069444444444 0.3424170616113744 0.03298611111111111 0.13507109004739337
1 0.9314236111111112 0.6670616113744076 0.09375 0.1066350710900474
1 0.2916666666666667 0.8187203791469194 0.08854166666666667 0.12796208530805686
1 0.09288194444444445 0.5710900473933649 0.0798611111111111 0.10900473933649289
1 0.11197916666666667 0.6492890995260664 0.06944444444444445 0.10900473933649289
1 0.0703125 0.1943127962085308 0.059027777777777776 0.1066350710900474
1 0.18489583333333334 0.2014218009478673 0.078125 0.10900473933649289
1 0.23958333333333334 0.2571090047393365 0.09375 0.12085308056872038