0 0.43316831683168316 0.07722513089005235 0.07095709570957096 0.1099476439790576
0 0.47194719471947194 0.8102094240837696 0.0891089108910891 0.13350785340314136
0 0.42574257425742573 0.7382198952879581 0.07425742574257425 0.12827225130890052
1 0.6575907590759076 0.01832460732984293 0.10066006600660066 0.03664921465968586
1 0.9207920792079208 0.1793193717277487 0.0858085808580858 0.12303664921465969
1 0.9067656765676567 0.6583769633507853 0.066006600660066 0.0968586387434555
1 0.6864686468646864 0.8573298429319371 0.09405940594059406 0.13612565445026178
1 0.5610561056105611 0.9332460732984293 0.09900990099009901 0.13350785340314136
1 0.5618811881188119 0.5418848167539267 0.09570957095709572 0.15706806282722513
1 0.3102310231023102 0.6086387434554974 0.0924092409240924 0.1387434554973822
1 0.23184818481848185 0.7094240837696335 0.0924092409240924 0.13089005235602094