0 0.2184931506849315 0.7712053571428571 0.05342465753424658 0.10044642857142858
0 0.35547945205479453 0.9654017857142857 0.0589041095890411 0.06919642857142858
0 0.6301369863013698 0.7109375 0.0684931506849315 0.11607142857142858
0 0.6952054794520548 0.859375 0.0684931506849315 0.11383928571428571
0 0.5 0.24665178571428573 0.07534246575342465 0.10714285714285714
0 0.45273972602739726 0.09375 0.0684931506849315 0.11160714285714286
0 0.6458904109589041 0.0625 0.08904109589041095 0.125
0 0.7643835616438356 0.08705357142857142 0.06712328767123288 0.12053571428571429
0 0.763013698630137 0.23102678571428573 0.09315068493150686 0.16294642857142858
0 0.9267123287671233 0.6741071428571429 0.0863013698630137 0.13839285714285715
1 0.06780821917808219 0.515625 0.052054794520547946 0.078125
1 0.12534246575342467 0.6439732142857143 0.050684931506849315 0.08482142857142858
1 0.09657534246575343 0.9151785714285714 0.04246575342465753 0.07142857142857142
1 0.2465753424657534 0.6037946428571429 0.0547945205479452 0.07589285714285714
1 0.3013698630136986 0.5613839285714286 0.07534246575342465 0.09375
1 0.4849315068493151 0.90625 0.08082191780821918 0.13616071428571427
1 0.7294520547945206 0.3861607142857143 0.08904109589041095 0.16294642857142858
1 0.36027397260273974 0.16183035714285715 0.07123287671232877 0.09821428571428571
1 0.6547945205479452 0.125 0.08904109589041095 0.125
1 0.8013698630136986 0.029017857142857144 0.06027397260273973 0.05803571428571429
1 0.5952054794520548 0.013392857142857142 0.06438356164383562 0.026785714285714284
1 0.913013698630137 0.09933035714285714 0.057534246575342465 0.12723214285714285
1 0.7342465753424657 0.28683035714285715 0.07534246575342465 0.11607142857142858
1 0.6465753424657534 0.29910714285714285 0.08082191780821918 0.13616071428571427
1 0.7732876712328767 0.5133928571428571 0.08904109589041095 0.14955357142857142
1 0.8575342465753425 0.43080357142857145 0.07808219178082192 0.11383928571428571
1 0.8794520547945206 0.7276785714285714 0.08493150684931507 0.14285714285714285