0 0.221976401179941 0.09533898305084745 0.048672566371681415 0.08050847457627118
0 0.47640117994100295 0.0211864406779661 0.04129793510324484 0.0423728813559322
0 0.3134218289085546 0.7213983050847458 0.04129793510324484 0.13347457627118645
0 0.5449852507374632 0.5995762711864406 0.07964601769911504 0.09745762711864407
0 0.7684365781710915 0.4205508474576271 0.05014749262536873 0.0826271186440678
0 0.7227138643067846 0.878177966101695 0.03687315634218289 0.05296610169491525
1 0.29277286135693215 0.1048728813559322 0.045722713864306784 0.09322033898305085
1 0.4830383480825959 0.676906779661017 0.05457227138643068 0.1038135593220339
1 0.30457227138643067 0.9809322033898306 0.051622418879056046 0.0211864406779661
1 0.7035398230088495 0.4417372881355932 0.051622418879056046 0.09322033898305085
1 0.700589970501475 0.6578389830508474 0.06784660766961652 0.09533898305084745
1 0.7323008849557522 0.7139830508474576 0.048672566371681415 0.06779661016949153