0 0.5074906367041199 0.6027027027027027 0.06179775280898876 0.0891891891891892
0 0.34269662921348315 0.8986486486486487 0.07677902621722846 0.15675675675675677
0 0.26685393258426965 0.2635135135135135 0.06554307116104868 0.07837837837837838
0 0.7874531835205992 0.3810810810810811 0.05056179775280899 0.13243243243243244
0 0.7930711610486891 0.2594594594594595 0.06928838951310862 0.12162162162162163
0 0.40168539325842695 0.26756756756756755 0.08426966292134831 0.08378378378378379
0 0.3136704119850187 0.0472972972972973 0.04307116104868914 0.0945945945945946
1 0.5374531835205992 0.05 0.05805243445692884 0.1
1 0.4307116104868914 0.016216216216216217 0.08239700374531835 0.032432432432432434
1 0.23220973782771537 0.5567567567567567 0.11423220973782772 0.12972972972972974
1 0.2752808988764045 0.8716216216216216 0.08801498127340825 0.12972972972972974
1 0.5936329588014981 0.6472972972972973 0.09737827715355805 0.13783783783783785
1 0.5683520599250936 0.3810810810810811 0.0749063670411985 0.14324324324324325
1 0.5664794007490637 0.22837837837837838 0.07865168539325842 0.12432432432432433