0 0.8974763406940063 0.5607798165137615 0.07097791798107256 0.09862385321100918
0 0.5630914826498423 0.8727064220183486 0.10410094637223975 0.1628440366972477
0 0.5449526813880127 0.9655963302752294 0.0804416403785489 0.06880733944954129
0 0.06545741324921135 0.625 0.0914826498422713 0.1353211009174312
0 0.4518927444794953 0.02522935779816514 0.09936908517350158 0.05045871559633028
0 0.36198738170347006 0.0194954128440367 0.08990536277602523 0.0389908256880734
1 0.9676656151419558 0.7052752293577982 0.06466876971608833 0.11697247706422019
1 0.6411671924290221 0.8944954128440367 0.11829652996845426 0.14678899082568808
1 0.388801261829653 0.6926605504587156 0.09305993690851735 0.15825688073394495
1 0.38170347003154576 0.8279816513761468 0.07413249211356467 0.11926605504587157
1 0.19085173501577288 0.35894495412844035 0.083596214511041 0.11467889908256881
1 0.1167192429022082 0.24426605504587157 0.11829652996845426 0.14220183486238533