0 0.684984520123839 0.7645089285714286 0.04179566563467492 0.08258928571428571
0 0.6160990712074303 0.9174107142857143 0.07120743034055728 0.09151785714285714
0 0.576625386996904 0.9296875 0.06037151702786378 0.08705357142857142
0 0.2592879256965944 0.6685267857142857 0.05572755417956656 0.07142857142857142
0 0.21671826625386997 0.6104910714285714 0.05572755417956656 0.08482142857142858
1 0.25386996904024767 0.20870535714285715 0.07430340557275542 0.10714285714285714
1 0.24922600619195046 0.32924107142857145 0.06656346749226007 0.11607142857142858
1 0.34907120743034054 0.47433035714285715 0.0804953560371517 0.15401785714285715
1 0.5394736842105263 0.6685267857142857 0.06346749226006192 0.10491071428571429
1 0.5139318885448917 0.7399553571428571 0.05108359133126935 0.09151785714285714
1 0.42724458204334365 0.8872767857142857 0.05417956656346749 0.10267857142857142