0 0.9924242424242424 0.510989010989011 0.015151515151515152 0.14285714285714285
0 0.9488636363636364 0.4793956043956044 0.10227272727272728 0.12087912087912088
0 0.9100378787878788 0.8681318681318682 0.07765151515151515 0.14835164835164835
0 0.5198863636363636 0.08379120879120878 0.14204545454545456 0.16758241758241757
0 0.4081439393939394 0.3695054945054945 0.14583333333333334 0.20054945054945056
0 0.4043560606060606 0.49862637362637363 0.1268939393939394 0.2032967032967033
1 0.9299242424242424 0.8008241758241759 0.06818181818181818 0.11538461538461539
1 0.8560606060606061 0.7554945054945055 0.10795454545454546 0.1401098901098901
1 0.015151515151515152 0.6442307692307693 0.030303030303030304 0.1565934065934066
1 0.08143939393939394 0.28846153846153844 0.125 0.19230769230769232
1 0.12310606060606061 0.08791208791208792 0.10037878787878787 0.17307692307692307