0 0.30223880597014924 0.4523809523809524 0.09888059701492537 0.17261904761904762
0 0.769589552238806 0.625 0.08582089552238806 0.19940476190476192
0 0.8003731343283582 0.38244047619047616 0.0708955223880597 0.16666666666666666
0 0.789179104477612 0.5431547619047619 0.05783582089552239 0.12797619047619047
1 0.41884328358208955 0.9360119047619048 0.08768656716417911 0.11607142857142858
1 0.5970149253731343 0.31845238095238093 0.08955223880597014 0.14583333333333334
1 0.5606343283582089 0.46279761904761907 0.08768656716417911 0.1636904761904762
1 0.6958955223880597 0.1488095238095238 0.11194029850746269 0.08630952380952381
1 0.5531716417910447 0.025297619047619048 0.09514925373134328 0.050595238095238096
1 0.4832089552238806 0.03125 0.06716417910447761 0.0625
1 0.25 0.21577380952380953 0.08395522388059702 0.10416666666666667