0 0.8866071428571428 0.40025906735751293 0.08392857142857142 0.12176165803108809
0 0.7785714285714286 0.38212435233160624 0.10714285714285714 0.16062176165803108
0 0.73125 0.344559585492228 0.11964285714285715 0.15803108808290156
0 0.7758928571428572 0.30440414507772023 0.11428571428571428 0.15803108808290156
0 0.13214285714285715 0.5090673575129534 0.09821428571428571 0.15284974093264247
0 0.04642857142857143 0.6489637305699482 0.03571428571428571 0.04145077720207254
1 0.6089285714285714 0.7033678756476683 0.09464285714285714 0.13989637305699482
1 0.7491071428571429 0.7046632124352331 0.11428571428571428 0.16839378238341968
1 0.3366071428571429 0.5466321243523317 0.1 0.15544041450777202
1 0.34464285714285714 0.7007772020725389 0.11428571428571428 0.17357512953367876
1 0.17410714285714285 0.7474093264248705 0.06785714285714285 0.09585492227979274