0 0.7808734939759037 0.6743421052631579 0.06325301204819277 0.1074561403508772
0 0.572289156626506 0.5592105263157895 0.10090361445783133 0.14912280701754385
0 0.5579819277108434 0.45394736842105265 0.10692771084337349 0.1337719298245614
0 0.5060240963855421 0.9024122807017544 0.09337349397590361 0.1206140350877193
0 0.4375 0.9583333333333334 0.07981927710843373 0.08333333333333333
0 0.2748493975903614 0.7730263157894737 0.09939759036144578 0.12719298245614036
0 0.12048192771084337 0.42105263157894735 0.09186746987951808 0.12719298245614036
0 0.15135542168674698 0.3223684210526316 0.10542168674698796 0.16885964912280702
1 0.6483433734939759 0.7839912280701754 0.08132530120481928 0.12719298245614036
1 0.6716867469879518 0.23684210526315788 0.08283132530120482 0.11842105263157894
1 0.5707831325301205 0.10855263157894737 0.10542168674698796 0.1425438596491228
1 0.42018072289156627 0.6458333333333334 0.09186746987951808 0.13157894736842105
1 0.34789156626506024 0.7094298245614035 0.0783132530120482 0.1118421052631579
1 0.17394578313253012 0.4342105263157895 0.07981927710843373 0.1074561403508772