0 0.3487460815047022 0.14875 0.0768025078369906 0.09
0 0.5078369905956113 0.05375 0.07523510971786834 0.1075
0 0.554858934169279 0.03625 0.07523510971786834 0.0725
0 0.23981191222570533 0.535 0.06269592476489028 0.1225
0 0.19827586206896552 0.98875 0.054858934169279 0.0225
0 0.7343260188087775 0.6075 0.08463949843260188 0.13
0 0.719435736677116 0.87625 0.08934169278996865 0.115
0 0.8424764890282131 0.84625 0.07523510971786834 0.0625
0 0.8330721003134797 0.06 0.05642633228840126 0.1075
0 0.9098746081504702 0.015 0.045454545454545456 0.03
0 0.5384012539184952 0.10375 0.06583072100313479 0.09
1 0.23432601880877743 0.30125 0.05956112852664577 0.1025
1 0.3722570532915361 0.44 0.07366771159874608 0.1375
1 0.3683385579937304 0.19625 0.06739811912225706 0.1275
1 0.5642633228840125 0.2325 0.08463949843260188 0.115
1 0.7084639498432602 0.16125 0.07210031347962383 0.1275
1 0.7570532915360502 0.175 0.06426332288401254 0.1375
1 0.2907523510971787 0.715 0.07523510971786834 0.11
1 0.853448275862069 0.68125 0.08307210031347963 0.1475
1 0.9717868338557993 0.5975 0.05642633228840126 0.16
1 0.9678683385579937 0.29875 0.045454545454545456 0.1
1 0.9098746081504702 0.2975 0.07366771159874608 0.1075
1 0.8252351097178683 0.44875 0.06583072100313479 0.115