0 0.7047970479704797 0.06060606060606061 0.1088560885608856 0.08333333333333333
0 0.5304428044280443 0.2765151515151515 0.09225092250922509 0.1590909090909091
0 0.764760147601476 0.30934343434343436 0.06457564575645756 0.1691919191919192
0 0.6531365313653137 0.6123737373737373 0.06457564575645756 0.12626262626262627
0 0.6485239852398524 0.7702020202020202 0.046125461254612546 0.12121212121212122
0 0.6236162361623616 0.8813131313131313 0.046125461254612546 0.11616161616161616
0 0.1282287822878229 0.696969696969697 0.025830258302583026 0.08080808080808081
1 0.7785977859778598 0.1893939393939394 0.07380073800738007 0.09090909090909091
1 0.7297047970479705 0.2361111111111111 0.055350553505535055 0.1414141414141414
1 0.5599630996309963 0.4305555555555556 0.046125461254612546 0.1414141414141414
1 0.7850553505535055 0.43686868686868685 0.07564575645756458 0.09090909090909091
1 0.492619926199262 0.7310606060606061 0.06088560885608856 0.10606060606060606
1 0.46586715867158673 0.8295454545454546 0.06457564575645756 0.09595959595959595
1 0.24538745387453875 0.9330808080808081 0.06273062730627306 0.07323232323232323