0 0.9419354838709677 0.31057268722466963 0.09516129032258064 0.13215859030837004
0 0.6056451612903225 0.06387665198237885 0.09032258064516129 0.12555066079295155
0 0.49516129032258066 0.08149779735682819 0.08387096774193549 0.09691629955947137
0 0.42016129032258065 0.05726872246696035 0.07580645161290323 0.09911894273127753
0 0.3088709677419355 0.2522026431718062 0.11612903225806452 0.17400881057268722
0 0.2314516129032258 0.6387665198237885 0.09032258064516129 0.11894273127753303
0 0.13629032258064516 0.5803964757709251 0.08225806451612903 0.1013215859030837
0 0.07741935483870968 0.5055066079295154 0.06451612903225806 0.08370044052863436
0 0.016129032258064516 0.42290748898678415 0.03225806451612903 0.0881057268722467
1 0.8879032258064516 0.4856828193832599 0.0967741935483871 0.13656387665198239
1 0.7733870967741936 0.18502202643171806 0.08387096774193549 0.11894273127753303
1 0.4129032258064516 0.4779735682819383 0.09193548387096774 0.13215859030837004
1 0.3758064516129032 0.7830396475770925 0.07741935483870968 0.11674008810572688
1 0.17419354838709677 0.4196035242290749 0.08225806451612903 0.11894273127753303
1 0.09919354838709678 0.3314977973568282 0.08064516129032258 0.10572687224669604
1 0.5096774193548387 0.22687224669603523 0.07419354838709677 0.10572687224669604
1 0.3185483870967742 0.17731277533039647 0.06612903225806452 0.09691629955947137