0 0.709366391184573 0.23464912280701755 0.07300275482093664 0.10526315789473684
0 0.6205234159779615 0.35964912280701755 0.0674931129476584 0.10307017543859649
0 0.39600550964187325 0.24671052631578946 0.06336088154269973 0.125
0 0.3918732782369146 0.43859649122807015 0.06611570247933884 0.10526315789473684
0 0.23209366391184574 0.49451754385964913 0.07713498622589532 0.1513157894736842
0 0.1921487603305785 0.36622807017543857 0.07024793388429752 0.14473684210526316
0 0.4455922865013774 0.04824561403508772 0.07024793388429752 0.06798245614035088
1 0.5971074380165289 0.05043859649122807 0.07575757575757576 0.10087719298245613
1 0.5764462809917356 0.40021929824561403 0.0674931129476584 0.10307017543859649
1 0.331267217630854 0.14912280701754385 0.08402203856749312 0.10964912280701754
1 0.2706611570247934 0.24890350877192982 0.07575757575757576 0.1206140350877193
1 0.4834710743801653 0.11074561403508772 0.06473829201101929 0.09429824561403509