0 0.8872377622377622 0.19743589743589743 0.08391608391608392 0.12051282051282051
0 0.6118881118881119 0.01282051282051282 0.07342657342657342 0.02564102564102564
0 0.4729020979020979 0.17435897435897435 0.10664335664335664 0.16153846153846155
0 0.12412587412587413 0.3269230769230769 0.10314685314685315 0.14358974358974358
0 0.3347902097902098 0.1782051282051282 0.08216783216783216 0.1076923076923077
0 0.49125874125874125 0.3346153846153846 0.1048951048951049 0.18205128205128204
0 0.21066433566433568 0.7166666666666667 0.09265734265734266 0.1564102564102564
0 0.40996503496503495 0.967948717948718 0.09615384615384616 0.0641025641025641
0 0.5743006993006993 0.8333333333333334 0.1048951048951049 0.16666666666666666
0 0.5603146853146853 0.6641025641025641 0.10664335664335664 0.16666666666666666
1 0.972027972027972 0.3384615384615385 0.055944055944055944 0.08717948717948718
1 0.9326923076923077 0.3871794871794872 0.08041958041958042 0.10512820512820513
1 0.7875874125874126 0.4076923076923077 0.07692307692307693 0.09487179487179487
1 0.7211538461538461 0.45 0.0979020979020979 0.1282051282051282
1 0.5882867132867133 0.13974358974358975 0.08566433566433566 0.14102564102564102
1 0.42045454545454547 0.07179487179487179 0.09090909090909091 0.12051282051282051
1 0.34965034965034963 0.07692307692307693 0.08391608391608392 0.08717948717948718
1 0.05244755244755245 0.27307692307692305 0.08566433566433566 0.11538461538461539
1 0.1547202797202797 0.4371794871794872 0.0944055944055944 0.15384615384615385
1 0.2744755244755245 0.38333333333333336 0.09265734265734266 0.15128205128205127
1 0.23339160839160839 0.5551282051282052 0.11888111888111888 0.16666666666666666
1 0.4431818181818182 0.5705128205128205 0.0979020979020979 0.15384615384615385
1 0.3277972027972028 0.782051282051282 0.07342657342657342 0.13076923076923078
1 0.32867132867132864 0.9217948717948717 0.0944055944055944 0.14102564102564102
1 0.19318181818181818 0.9384615384615385 0.08916083916083917 0.12307692307692308