0 0.860410094637224 0.894927536231884 0.06782334384858044 0.06280193236714976
0 0.7988958990536278 0.8852657004830918 0.07097791798107256 0.09178743961352658
0 0.4676656151419558 0.8756038647342995 0.07097791798107256 0.07971014492753623
0 0.4582018927444795 0.8067632850241546 0.05993690851735016 0.0821256038647343
0 0.668769716088328 0.0821256038647343 0.09305993690851735 0.12560386473429952
0 0.5678233438485805 0.3973429951690821 0.09621451104100946 0.14251207729468598
0 0.7783911671924291 0.3079710144927536 0.1056782334384858 0.1642512077294686
0 0.9274447949526814 0.04106280193236715 0.06624605678233439 0.0821256038647343
1 0.4921135646687697 0.3611111111111111 0.0804416403785489 0.10144927536231885
1 0.7925867507886435 0.5954106280193237 0.07728706624605679 0.12560386473429952
1 0.6458990536277602 0.644927536231884 0.07728706624605679 0.12318840579710146
1 0.6569400630914827 0.8345410628019324 0.055205047318611984 0.07246376811594203
1 0.9660883280757098 0.7439613526570048 0.0583596214511041 0.09420289855072464
1 0.9093059936908517 0.42028985507246375 0.0694006309148265 0.09178743961352658
1 0.973186119873817 0.5531400966183575 0.04574132492113565 0.06038647342995169