0 0.8406593406593407 0.18375 0.1043956043956044 0.09
0 0.7811355311355311 0.1975 0.08791208791208792 0.11
0 0.7078754578754579 0.84875 0.0641025641025641 0.13
0 0.6639194139194139 0.94875 0.06043956043956044 0.1025
0 0.19139194139194138 0.62375 0.08608058608058608 0.1225
0 0.2454212454212454 0.25 0.11172161172161173 0.175
0 0.336996336996337 0.32125 0.11721611721611722 0.1575
1 0.9468864468864469 0.2075 0.038461538461538464 0.06
1 0.8928571428571429 0.4575 0.0347985347985348 0.1
1 0.5641025641025641 0.78125 0.08974358974358974 0.1225
1 0.5228937728937729 0.90125 0.08608058608058608 0.125
1 0.17124542124542125 0.84875 0.08241758241758242 0.0775
1 0.2774725274725275 0.6075 0.09340659340659341 0.105
1 0.19505494505494506 0.5375 0.07875457875457875 0.09