0 0.8138629283489096 0.7647058823529411 0.0794392523364486 0.1085972850678733
0 0.8496884735202492 0.7330316742081447 0.08099688473520249 0.14027149321266968
0 0.8302180685358256 0.6233031674208145 0.08411214953271028 0.11312217194570136
0 0.631619937694704 0.3201357466063348 0.10903426791277258 0.15384615384615385
0 0.5919003115264797 0.2420814479638009 0.10747663551401869 0.14479638009049775
0 0.4151090342679128 0.06447963800904978 0.10124610591900311 0.12895927601809956
0 0.1674454828660436 0.4309954751131222 0.11370716510903427 0.1583710407239819
0 0.102803738317757 0.25 0.09968847352024922 0.13800904977375567
1 0.6799065420560748 0.6346153846153846 0.09968847352024922 0.1244343891402715
1 0.6253894080996885 0.6346153846153846 0.09345794392523364 0.1244343891402715
1 0.735981308411215 0.39592760180995473 0.09813084112149532 0.13122171945701358