0 0.8494897959183674 0.4264705882352941 0.08843537414965986 0.12745098039215685
0 0.9362244897959183 0.30269607843137253 0.0663265306122449 0.09068627450980392
0 0.3945578231292517 0.8284313725490197 0.07142857142857142 0.11274509803921569
0 0.5221088435374149 0.9901960784313726 0.05442176870748299 0.0196078431372549
0 0.4489795918367347 0.6544117647058824 0.09013605442176871 0.14705882352941177
0 0.20578231292517007 0.6691176470588235 0.08503401360544217 0.11274509803921569
0 0.18027210884353742 0.36151960784313725 0.07142857142857142 0.12745098039215685
0 0.29931972789115646 0.1090686274509804 0.11224489795918367 0.15931372549019607
1 0.5816326530612245 0.8112745098039216 0.0935374149659864 0.14215686274509803
1 0.3681972789115646 0.9387254901960784 0.05272108843537415 0.07107843137254902
1 0.30017006802721086 0.4950980392156863 0.07653061224489796 0.12745098039215685
1 0.26105442176870747 0.39705882352941174 0.1054421768707483 0.13725490196078433
1 0.13350340136054423 0.6029411764705882 0.09523809523809523 0.12009803921568628
1 0.21173469387755103 0.3333333333333333 0.09523809523809523 0.12745098039215685