0 0.7942546583850931 0.2288135593220339 0.08850931677018634 0.13559322033898305
0 0.84472049689441 0.5296610169491526 0.08229813664596274 0.1292372881355932
0 0.8059006211180124 0.621822033898305 0.09937888198757763 0.1419491525423729
0 0.7251552795031055 0.5402542372881356 0.09782608695652174 0.11864406779661017
0 0.5815217391304348 0.9300847457627118 0.055900621118012424 0.09533898305084745
0 0.17701863354037267 0.6917372881355932 0.07763975155279502 0.09110169491525423
1 0.6972049689440993 0.211864406779661 0.09006211180124224 0.10805084745762712
1 0.8866459627329193 0.3908898305084746 0.07298136645962733 0.09322033898305085
1 0.7950310559006211 0.3103813559322034 0.07763975155279502 0.09533898305084745
1 0.6180124223602484 0.7669491525423728 0.08074534161490683 0.1016949152542373
1 0.6933229813664596 0.8135593220338984 0.08695652173913043 0.09533898305084745
1 0.4666149068322981 0.8220338983050848 0.08074534161490683 0.1016949152542373
1 0.23214285714285715 0.5254237288135594 0.07298136645962733 0.08686440677966102
1 0.23214285714285715 0.8601694915254238 0.05124223602484472 0.05296610169491525