0 0.3115141955835962 0.2213302752293578 0.04889589905362776 0.11926605504587157
0 0.2578864353312303 0.7534403669724771 0.06782334384858044 0.12614678899082568
0 0.4550473186119874 0.5538990825688074 0.07255520504731862 0.12385321100917432
0 0.830441640378549 0.819954128440367 0.055205047318611984 0.14908256880733944
0 0.6640378548895899 0.555045871559633 0.083596214511041 0.11467889908256881
0 0.7988958990536278 0.7614678899082569 0.06624605678233439 0.12385321100917432
0 0.7712933753943217 0.15481651376146788 0.055205047318611984 0.09862385321100918
0 0.6553627760252366 0.13302752293577982 0.03943217665615142 0.11009174311926606
1 0.48264984227129337 0.27408256880733944 0.04574132492113565 0.12614678899082568
1 0.4889589905362776 0.9392201834862385 0.10410094637223975 0.08027522935779817
1 0.4187697160883281 0.5309633027522935 0.04574132492113565 0.11697247706422019
1 0.7160883280757098 0.9346330275229358 0.0914826498422713 0.10550458715596331
1 0.7681388012618297 0.41284403669724773 0.07728706624605679 0.05045871559633028
1 0.7705047318611987 0.3543577981651376 0.0804416403785489 0.08256880733944955
1 0.6853312302839116 0.3038990825688073 0.07255520504731862 0.10550458715596331