0 0.2617924528301887 0.41094420600858367 0.07389937106918239 0.11373390557939914
0 0.779874213836478 0.7521459227467812 0.06289308176100629 0.08369098712446352
0 0.3050314465408805 0.7660944206008584 0.0440251572327044 0.0944206008583691
0 0.37971698113207547 0.7811158798283262 0.06446540880503145 0.08583690987124463
0 0.33176100628930816 0.8358369098712446 0.04716981132075472 0.09656652360515021
1 0.24135220125786164 0.07081545064377683 0.06132075471698113 0.08583690987124463
1 0.3113207547169811 0.06866952789699571 0.050314465408805034 0.0944206008583691
1 0.49764150943396224 0.02467811158798283 0.07075471698113207 0.04935622317596566
1 0.32547169811320753 0.657725321888412 0.05660377358490566 0.07939914163090128
1 0.39308176100628933 0.6791845493562232 0.0440251572327044 0.07081545064377683
1 0.5487421383647799 0.8862660944206009 0.040880503144654086 0.07725321888412018
1 0.49764150943396224 0.9409871244635193 0.04559748427672956 0.08369098712446352
1 0.7900943396226415 0.5118025751072961 0.05817610062893082 0.06652360515021459