0 0.8683473389355743 0.4609375 0.05322128851540616 0.08482142857142858
0 0.8417366946778712 0.47544642857142855 0.06582633053221289 0.11160714285714286
0 0.592436974789916 0.10825892857142858 0.07142857142857142 0.11607142857142858
0 0.5126050420168067 0.029017857142857144 0.0896358543417367 0.05803571428571429
0 0.5455182072829131 0.07254464285714286 0.06862745098039216 0.109375
0 0.7002801120448179 0.8962053571428571 0.06722689075630252 0.109375
0 0.4789915966386555 0.59375 0.09103641456582633 0.13839285714285715
0 0.31022408963585435 0.7689732142857143 0.0938375350140056 0.12276785714285714
0 0.19817927170868346 0.7254464285714286 0.09663865546218488 0.15625
0 0.2696078431372549 0.7667410714285714 0.06582633053221289 0.09151785714285714
0 0.03431372549019608 0.5 0.06862745098039216 0.14732142857142858
0 0.06792717086834733 0.1875 0.06862745098039216 0.11830357142857142
0 0.0546218487394958 0.41517857142857145 0.10364145658263306 0.16741071428571427
0 0.1134453781512605 0.060267857142857144 0.08123249299719888 0.12053571428571429
0 0.7535014005602241 0.9921875 0.05042016806722689 0.015625
1 0.9222689075630253 0.5513392857142857 0.046218487394957986 0.07366071428571429
1 0.7829131652661064 0.3125 0.06442577030812324 0.109375
1 0.7177871148459384 0.2779017857142857 0.06862745098039216 0.11383928571428571
1 0.788515406162465 0.9497767857142857 0.0700280112044818 0.10044642857142858
1 0.5973389355742297 0.8426339285714286 0.07983193277310924 0.12723214285714285
1 0.2822128851540616 0.47544642857142855 0.10504201680672269 0.16517857142857142
1 0.18907563025210083 0.3080357142857143 0.09663865546218488 0.13616071428571427
1 0.028711484593837534 0.5792410714285714 0.05742296918767507 0.14955357142857142
1 0.009103641456582634 0.49107142857142855 0.018207282913165267 0.09821428571428571
1 0.14495798319327732 0.12053571428571429 0.10504201680672269 0.14285714285714285
1 0.19817927170868346 0.22098214285714285 0.08543417366946779 0.125
1 0.3795518207282913 0.06808035714285714 0.06722689075630252 0.13616071428571427
1 0.16666666666666666 0.4720982142857143 0.05742296918767507 0.12053571428571429