0 0.2532467532467532 0.061611374407582936 0.0633116883116883 0.0995260663507109
0 0.32305194805194803 0.12796208530805686 0.08603896103896104 0.11137440758293839
0 0.6696428571428571 0.6374407582938388 0.14123376623376624 0.24170616113744076
0 0.7978896103896104 0.3886255924170616 0.137987012987013 0.2037914691943128
0 0.8782467532467533 0.30924170616113744 0.12987012987012986 0.17298578199052134
0 0.06574675324675325 0.731042654028436 0.08116883116883117 0.08767772511848342
0 0.024350649350649352 0.6374407582938388 0.048701298701298704 0.10426540284360189
1 0.12905844155844157 0.06990521327014218 0.06168831168831169 0.08530805687203792
1 0.32386363636363635 0.3815165876777251 0.1038961038961039 0.13270142180094788
1 0.8173701298701299 0.8874407582938388 0.09740259740259741 0.14218009478672985
1 0.9099025974025974 0.7985781990521327 0.08603896103896104 0.13507109004739337
1 0.1461038961038961 0.5450236966824644 0.08928571428571429 0.10900473933649289
1 0.04788961038961039 0.3909952606635071 0.07305194805194805 0.09004739336492891