0 0.24291784702549576 0.26914414414414417 0.07223796033994334 0.0990990990990991
0 0.3689801699716714 0.13063063063063063 0.07365439093484419 0.11261261261261261
0 0.40297450424929177 0.07094594594594594 0.07932011331444759 0.13288288288288289
0 0.5113314447592068 0.01463963963963964 0.07932011331444759 0.02927927927927928
0 0.19971671388101983 0.6441441441441441 0.06657223796033994 0.11711711711711711
0 0.6437677053824362 0.536036036036036 0.08356940509915015 0.13063063063063063
0 0.6720963172804533 0.7882882882882883 0.09490084985835694 0.14864864864864866
0 0.7804532577903682 0.7319819819819819 0.08356940509915015 0.12612612612612611
0 0.976628895184136 0.48536036036036034 0.046742209631728045 0.15990990990990991
0 0.6543909348441926 0.037162162162162164 0.059490084985835696 0.07432432432432433
0 0.8519830028328612 0.06531531531531531 0.08923512747875353 0.13063063063063063
0 0.40226628895184136 0.16441441441441443 0.06373937677053824 0.09234234234234234
1 0.16359773371104816 0.44256756756756754 0.060906515580736544 0.0990990990990991
1 0.3038243626062323 0.5157657657657657 0.0764872521246459 0.13063063063063063
1 0.2669971671388102 0.30292792792792794 0.0708215297450425 0.12162162162162163
1 0.443342776203966 0.2668918918918919 0.08073654390934844 0.11936936936936937
1 0.5594900849858357 0.1554054054054054 0.07507082152974505 0.12387387387387387
1 0.6048158640226629 0.15090090090090091 0.0708215297450425 0.12837837837837837
1 0.2698300283286119 0.7837837837837838 0.07365439093484419 0.11036036036036036
1 0.7577903682719547 0.5596846846846847 0.08640226628895184 0.14414414414414414
1 0.9419263456090652 0.5551801801801802 0.08923512747875353 0.14414414414414414
1 0.863314447592068 0.4403153153153153 0.08923512747875353 0.15315315315315314
1 0.8973087818696884 0.18243243243243243 0.08356940509915015 0.13513513513513514
1 0.8257790368271954 0.16666666666666666 0.08923512747875353 0.12837837837837837
1 0.7549575070821529 0.20382882882882883 0.07223796033994334 0.11036036036036036
1 0.7018413597733711 0.36599099099099097 0.06657223796033994 0.11261261261261261