0 0.26015625 0.6964285714285714 0.053125 0.10459183673469388
0 0.296875 0.5114795918367347 0.078125 0.12755102040816327
0 0.365625 0.17857142857142858 0.084375 0.1377551020408163
0 0.265625 0.2538265306122449 0.0921875 0.16071428571428573
0 0.4421875 0.42857142857142855 0.0875 0.1326530612244898
0 0.50625 0.4655612244897959 0.0875 0.14540816326530612
0 0.5359375 0.5076530612244898 0.09375 0.16071428571428573
0 0.54609375 0.7627551020408163 0.09375 0.11989795918367346
0 0.6109375 0.7385204081632653 0.0640625 0.1096938775510204
0 0.665625 0.7206632653061225 0.0625 0.10714285714285714
0 0.646875 0.8150510204081632 0.0765625 0.11479591836734694
0 0.6390625 0.8775510204081632 0.059375 0.10714285714285714
0 0.85078125 0.30994897959183676 0.053125 0.1556122448979592
0 0.840625 0.2614795918367347 0.0703125 0.13010204081632654
1 0.3625 0.7461734693877551 0.0546875 0.09438775510204081
1 0.428125 0.6926020408163265 0.0828125 0.1556122448979592
1 0.3671875 0.4298469387755102 0.090625 0.15051020408163265
1 0.35703125 0.017857142857142856 0.0953125 0.03571428571428571
1 0.41328125 0.07525510204081633 0.0953125 0.15051020408163265
1 0.58203125 0.15178571428571427 0.0953125 0.15051020408163265
1 0.69453125 0.2844387755102041 0.0953125 0.15816326530612246
1 0.6015625 0.548469387755102 0.0875 0.16071428571428573
1 0.71484375 0.49107142857142855 0.0828125 0.14540816326530612
1 0.6609375 0.5625 0.0515625 0.09183673469387756
1 0.72890625 0.6581632653061225 0.065625 0.1096938775510204
1 0.5828125 0.9681122448979592 0.071875 0.06377551020408163
1 0.75078125 0.5676020408163265 0.0515625 0.09183673469387756