0 0.03164556962025317 0.5811855670103093 0.056962025316455694 0.08247422680412371
0 0.4572784810126582 0.9458762886597938 0.0949367088607595 0.10824742268041238
0 0.5965189873417721 0.895618556701031 0.09177215189873418 0.13659793814432988
0 0.6637658227848101 0.8427835051546392 0.07911392405063292 0.13144329896907217
0 0.7333860759493671 0.7938144329896907 0.09335443037974683 0.13917525773195877
0 0.7096518987341772 0.7693298969072165 0.08860759493670886 0.12886597938144329
0 0.7903481012658228 0.5579896907216495 0.0680379746835443 0.11855670103092783
0 0.7689873417721519 0.08505154639175258 0.09651898734177215 0.15463917525773196
0 0.4185126582278481 0.13015463917525774 0.08069620253164557 0.12628865979381443
0 0.5830696202531646 0.15850515463917525 0.09177215189873418 0.14432989690721648
0 0.8370253164556962 0.7061855670103093 0.061708860759493674 0.08762886597938144
1 0.20569620253164558 0.6520618556701031 0.08227848101265822 0.12371134020618557
1 0.12658227848101267 0.604381443298969 0.056962025316455694 0.08762886597938144
1 0.2958860759493671 0.5347938144329897 0.10443037974683544 0.15721649484536082
1 0.5806962025316456 0.5927835051546392 0.10759493670886076 0.16494845360824742
1 0.6645569620253164 0.5231958762886598 0.0981012658227848 0.15206185567010308
1 0.747626582278481 0.46134020618556704 0.08386075949367089 0.14175257731958762
1 0.8481012658227848 0.3801546391752577 0.09968354430379747 0.15979381443298968
1 0.9556962025316456 0.30927835051546393 0.08860759493670886 0.14432989690721648
1 0.8235759493670886 0.6353092783505154 0.07120253164556962 0.1134020618556701
1 0.9564873417721519 0.40335051546391754 0.08702531645569621 0.14690721649484537