0 0.6052631578947368 0.8711656441717791 0.11090225563909774 0.17177914110429449
0 0.34116541353383456 0.2852760736196319 0.09962406015037593 0.17791411042944785
0 0.32048872180451127 0.12116564417177914 0.09398496240601503 0.1165644171779141
0 0.5046992481203008 0.04141104294478527 0.11842105263157894 0.08282208588957055
0 0.668233082706767 0.10276073619631902 0.13721804511278196 0.20552147239263804
0 0.9586466165413534 0.6257668711656442 0.08270676691729323 0.1165644171779141
0 0.9558270676691729 0.19785276073619631 0.06390977443609022 0.15644171779141106
0 0.9577067669172933 0.5383435582822086 0.08082706766917293 0.13803680981595093
1 0.09398496240601503 0.8190184049079755 0.10902255639097744 0.16257668711656442
1 0.16165413533834586 0.6503067484662577 0.08082706766917293 0.1165644171779141
1 0.575187969924812 0.24233128834355827 0.09774436090225563 0.17484662576687116
1 0.6428571428571429 0.2361963190184049 0.11278195488721804 0.18098159509202455
1 0.5864661654135338 0.1058282208588957 0.12218045112781954 0.1901840490797546
1 0.8204887218045113 0.3312883435582822 0.10338345864661654 0.1687116564417178
1 0.6513157894736842 0.36503067484662577 0.11654135338345864 0.19631901840490798
1 0.7293233082706767 0.5122699386503068 0.12406015037593984 0.22085889570552147