0 0.8647959183673469 0.8348837209302326 0.07482993197278912 0.11162790697674418
0 0.5824829931972789 0.9732558139534884 0.06462585034013606 0.04186046511627907
0 0.83078231292517 0.608139534883721 0.07653061224489796 0.12093023255813953
0 0.6726190476190477 0.34186046511627904 0.06462585034013606 0.12093023255813953
0 0.6275510204081632 0.25232558139534883 0.08333333333333333 0.10232558139534884
0 0.685374149659864 0.11046511627906977 0.04591836734693878 0.12558139534883722
0 0.1913265306122449 0.10813953488372093 0.08503401360544217 0.08139534883720931
0 0.21343537414965985 0.6162790697674418 0.10884353741496598 0.11395348837209303
1 0.8137755102040817 0.8546511627906976 0.061224489795918366 0.1372093023255814
1 0.20833333333333334 0.3930232558139535 0.07653061224489796 0.06046511627906977
1 0.20578231292517007 0.3430232558139535 0.09013605442176871 0.06046511627906977
1 0.5306122448979592 0.5534883720930233 0.07993197278911565 0.10930232558139535
1 0.4719387755102041 0.4069767441860465 0.08163265306122448 0.10697674418604651
1 0.7117346938775511 0.34186046511627904 0.06972789115646258 0.07209302325581396
1 0.5229591836734694 0.09534883720930233 0.07142857142857142 0.10232558139534884