0 0.8552215189873418 0.04004329004329004 0.08069620253164557 0.08008658008658008
0 0.7927215189873418 0.551948051948052 0.11392405063291139 0.15367965367965367
0 0.7674050632911392 0.08658008658008658 0.09335443037974683 0.10173160173160173
0 0.7436708860759493 0.05519480519480519 0.0981012658227848 0.11038961038961038
0 0.7365506329113924 0.16558441558441558 0.07278481012658228 0.14285714285714285
0 0.5007911392405063 0.14826839826839827 0.08860759493670886 0.15151515151515152
0 0.44462025316455694 0.09415584415584416 0.10759493670886076 0.10606060606060606
0 0.24050632911392406 0.29978354978354976 0.07753164556962025 0.0670995670995671
0 0.17009493670886075 0.3474025974025974 0.07120253164556962 0.0735930735930736
0 0.12974683544303797 0.9783549783549783 0.060126582278481014 0.04329004329004329
0 0.2824367088607595 0.9502164502164502 0.0680379746835443 0.09956709956709957
1 0.9509493670886076 0.30844155844155846 0.06487341772151899 0.07792207792207792
1 0.9549050632911392 0.4004329004329004 0.07436708860759493 0.1277056277056277
1 0.7974683544303798 0.3625541125541126 0.0949367088607595 0.09740259740259741
1 0.5514240506329114 0.329004329004329 0.08069620253164557 0.10173160173160173
1 0.5506329113924051 0.2012987012987013 0.060126582278481014 0.08658008658008658
1 0.3670886075949367 0.3430735930735931 0.07436708860759493 0.11471861471861472
1 0.28560126582278483 0.22510822510822512 0.058544303797468354 0.11038961038961038
1 0.2935126582278481 0.43722943722943725 0.07753164556962025 0.09740259740259741
1 0.17800632911392406 0.5357142857142857 0.07753164556962025 0.08225108225108226
1 0.42800632911392406 0.8982683982683982 0.06487341772151899 0.11255411255411256
1 0.15664556962025317 0.8906926406926406 0.056962025316455694 0.08441558441558442