0 0.24157303370786518 0.30284552845528456 0.047752808988764044 0.09552845528455285
0 0.39185393258426965 0.1758130081300813 0.08848314606741572 0.14227642276422764
0 0.535814606741573 0.6514227642276422 0.09691011235955056 0.12601626016260162
0 0.35674157303370785 0.698170731707317 0.07162921348314606 0.12601626016260162
0 0.12078651685393259 0.8597560975609756 0.033707865168539325 0.07317073170731707
0 0.12851123595505617 0.8048780487804879 0.03089887640449438 0.07520325203252033
0 0.03581460674157303 0.5995934959349594 0.04915730337078652 0.06300813008130081
0 0.03581460674157303 0.6432926829268293 0.047752808988764044 0.06910569105691057
0 0.09129213483146068 0.8323170731707317 0.037921348314606744 0.08333333333333333
1 0.05547752808988764 0.37703252032520324 0.054775280898876406 0.042682926829268296
1 0.34129213483146065 0.16971544715447154 0.056179775280898875 0.08943089430894309
1 0.6144662921348315 0.18800813008130082 0.07724719101123595 0.15853658536585366
1 0.7528089887640449 0.8089430894308943 0.04915730337078652 0.13414634146341464
1 0.199438202247191 0.7317073170731707 0.0449438202247191 0.1016260162601626
1 0.20084269662921347 0.8038617886178862 0.06320224719101124 0.03861788617886179
1 0.18258426966292135 0.6199186991869918 0.06320224719101124 0.056910569105691054
1 0.13342696629213482 0.6016260162601627 0.054775280898876406 0.06300813008130081
1 0.09199438202247191 0.5894308943089431 0.05056179775280899 0.04878048780487805
1 0.060393258426966294 0.8617886178861789 0.046348314606741575 0.054878048780487805