0 0.8643695014662757 0.11645299145299146 0.04252199413489736 0.05555555555555555
0 0.8079178885630498 0.09508547008547008 0.051319648093841645 0.08974358974358974
0 0.780791788856305 0.10363247863247864 0.05718475073313783 0.09615384615384616
0 0.7375366568914956 0.12927350427350429 0.07331378299120235 0.1346153846153846
0 0.6671554252199413 0.1762820512820513 0.08651026392961877 0.10256410256410256
0 0.7851906158357771 0.2264957264957265 0.05571847507331378 0.06196581196581197
0 0.8599706744868035 0.719017094017094 0.07624633431085044 0.10897435897435898
0 0.7617302052785924 0.5694444444444444 0.10410557184750734 0.16452991452991453
0 0.45894428152492667 0.6655982905982906 0.08504398826979472 0.13034188034188035
0 0.5212609970674487 0.9230769230769231 0.09530791788856305 0.12179487179487179
1 0.9442815249266863 0.19658119658119658 0.0469208211143695 0.09401709401709402
1 0.9134897360703812 0.24893162393162394 0.045454545454545456 0.07264957264957266
1 0.8900293255131965 0.30982905982905984 0.04985337243401759 0.08547008547008547
1 0.8695014662756598 0.42628205128205127 0.07331378299120235 0.08974358974358974
1 0.7727272727272727 0.375 0.07771260997067449 0.07905982905982906
1 0.6994134897360704 0.46260683760683763 0.08504398826979472 0.07692307692307693
1 0.7873900293255132 0.4946581196581197 0.08651026392961877 0.0811965811965812
1 0.782991202346041 0.7905982905982906 0.08797653958944282 0.08974358974358974
1 0.6847507331378299 0.6143162393162394 0.06451612903225806 0.11965811965811966
1 0.33944281524926684 0.7425213675213675 0.09237536656891496 0.11965811965811966