0 0.09105960264900662 0.2357142857142857 0.06456953642384106 0.09047619047619047
0 0.26903973509933776 0.29285714285714287 0.057947019867549666 0.1
0 0.030629139072847682 0.44166666666666665 0.061258278145695365 0.09761904761904762
0 0.3228476821192053 0.9702380952380952 0.08278145695364239 0.05952380952380952
0 0.7425496688741722 0.32142857142857145 0.09105960264900662 0.14047619047619048
0 0.6862582781456954 0.26785714285714285 0.07119205298013245 0.09523809523809523
0 0.9147350993377483 0.10714285714285714 0.061258278145695365 0.07857142857142857
0 0.9751655629139073 0.37023809523809526 0.04304635761589404 0.05476190476190476
1 0.9586092715231788 0.26904761904761904 0.039735099337748346 0.06666666666666667
1 0.9130794701986755 0.28809523809523807 0.0695364238410596 0.0761904761904762
1 0.8493377483443708 0.3773809523809524 0.061258278145695365 0.08571428571428572
1 0.7872516556291391 0.13452380952380952 0.06622516556291391 0.1
1 0.06291390728476821 0.3726190476190476 0.0695364238410596 0.1
1 0.16556291390728478 0.6321428571428571 0.07947019867549669 0.08571428571428572
1 0.3253311258278146 0.6535714285714286 0.10099337748344371 0.11428571428571428