0 0.6450381679389313 0.1298342541436464 0.10114503816793893 0.13812154696132597
0 0.8349236641221374 0.6215469613259669 0.12213740458015267 0.14917127071823205
0 0.2738549618320611 0.893646408839779 0.11068702290076336 0.09116022099447514
0 0.1946564885496183 0.861878453038674 0.08969465648854962 0.08287292817679558
0 0.04389312977099236 0.830110497237569 0.08206106870229007 0.09944751381215469
0 0.28053435114503816 0.16022099447513813 0.07633587786259542 0.13535911602209943
0 0.1851145038167939 0.1712707182320442 0.07824427480916031 0.09668508287292818
0 0.14885496183206107 0.14226519337016574 0.06679389312977099 0.09116022099447514
0 0.04770992366412214 0.1685082872928177 0.026717557251908396 0.06629834254143646
0 0.07729007633587787 0.1574585635359116 0.06297709923664122 0.09668508287292818
1 0.0028625954198473282 0.4889502762430939 0.0057251908396946565 0.0718232044198895
1 0.03625954198473282 0.5276243093922652 0.07251908396946564 0.08287292817679558
1 0.08110687022900763 0.4613259668508287 0.0648854961832061 0.0856353591160221
1 0.1364503816793893 0.5013812154696132 0.08778625954198473 0.11602209944751381
1 0.05152671755725191 0.3825966850828729 0.06870229007633588 0.0856353591160221
1 0.48854961832061067 0.20165745856353592 0.09351145038167939 0.16574585635359115
1 0.7118320610687023 0.4585635359116022 0.15076335877862596 0.16022099447513813
1 0.5486641221374046 0.7472375690607734 0.08969465648854962 0.1685082872928177
1 0.3416030534351145 0.6146408839779005 0.12213740458015267 0.13535911602209943
1 0.22709923664122136 0.5441988950276243 0.09541984732824428 0.12430939226519337