0 0.6904362416107382 0.6702127659574468 0.08389261744966443 0.11170212765957446
0 0.7827181208053692 0.6183510638297872 0.06543624161073826 0.11170212765957446
0 0.21308724832214765 0.35106382978723405 0.05704697986577181 0.15425531914893617
0 0.43791946308724833 0.48404255319148937 0.09060402684563758 0.1356382978723404
0 0.22063758389261745 0.5970744680851063 0.10570469798657718 0.1622340425531915
0 0.8573825503355704 0.18882978723404256 0.06040268456375839 0.05851063829787234
1 0.889261744966443 0.2247340425531915 0.030201342281879196 0.06648936170212766
1 0.7802013422818792 0.3045212765957447 0.09395973154362416 0.14627659574468085
1 0.6308724832214765 0.23404255319148937 0.08221476510067115 0.14095744680851063
1 0.610738255033557 0.043882978723404256 0.06543624161073826 0.05585106382978723
1 0.45721476510067116 0.11702127659574468 0.11577181208053691 0.14627659574468085
1 0.35570469798657717 0.1595744680851064 0.09395973154362416 0.1622340425531915
1 0.16275167785234898 0.8111702127659575 0.08053691275167785 0.0851063829787234