0 0.10606060606060606 0.8341968911917098 0.058712121212121215 0.15803108808290156
0 0.21022727272727273 0.7577720207253886 0.09659090909090909 0.11398963730569948
0 0.1278409090909091 0.6852331606217616 0.0625 0.15025906735751296
0 0.29261363636363635 0.16580310880829016 0.05113636363636364 0.14507772020725387
0 0.8314393939393939 0.49093264248704666 0.0928030303030303 0.11658031088082901
0 0.5511363636363636 0.05310880829015544 0.09848484848484848 0.10621761658031088
0 0.4952651515151515 0.06735751295336788 0.14204545454545456 0.10362694300518134
1 0.3068181818181818 0.6398963730569949 0.07196969696969698 0.11658031088082901
1 0.4393939393939394 0.1800518134715026 0.08143939393939394 0.13471502590673576
1 0.6392045454545454 0.2810880829015544 0.07765151515151515 0.11658031088082901
1 0.8172348484848485 0.21502590673575128 0.07007575757575757 0.11917098445595854
1 0.8068181818181818 0.1489637305699482 0.07765151515151515 0.09585492227979274