0 0.47058823529411764 0.125 0.06191950464396285 0.08258928571428571
0 0.40944272445820434 0.09375 0.07430340557275542 0.08928571428571429
0 0.2693498452012384 0.5747767857142857 0.07894736842105263 0.13169642857142858
0 0.2801857585139319 0.7053571428571429 0.0804953560371517 0.12946428571428573
0 0.3188854489164087 0.7868303571428571 0.08204334365325078 0.11830357142857142
0 0.8142414860681114 0.8459821428571429 0.09287925696594428 0.12946428571428573
1 0.42724458204334365 0.34486607142857145 0.06656346749226007 0.09375
1 0.2801857585139319 0.22433035714285715 0.0804953560371517 0.10714285714285714
1 0.44504643962848295 0.5904017857142857 0.08513931888544891 0.12723214285714285
1 0.43653250773993807 0.6930803571428571 0.09752321981424149 0.12946428571428573
1 0.48761609907120745 0.8861607142857143 0.09597523219814241 0.14732142857142858
1 0.653250773993808 0.9854910714285714 0.10835913312693499 0.029017857142857144