0 0.6657509157509157 0.02925531914893617 0.05311355311355311 0.05851063829787234
0 0.6794871794871795 0.11170212765957446 0.04945054945054945 0.10106382978723404
0 0.8104395604395604 0.46675531914893614 0.07509157509157509 0.13031914893617022
0 0.8104395604395604 0.6396276595744681 0.10073260073260074 0.14095744680851063
0 0.8461538461538461 0.8643617021276596 0.06227106227106227 0.1356382978723404
0 0.17582417582417584 0.6529255319148937 0.029304029304029304 0.10106382978723404
1 0.4542124542124542 0.041223404255319146 0.0641025641025641 0.08244680851063829
1 0.4340659340659341 0.1595744680851064 0.07326007326007326 0.13031914893617022
1 0.6089743589743589 0.21941489361702127 0.0695970695970696 0.1702127659574468
1 0.16483516483516483 0.3257978723404255 0.05311355311355311 0.0851063829787234
1 0.6373626373626373 0.9441489361702128 0.07142857142857142 0.0851063829787234