0 0.7574503311258278 0.5339366515837104 0.10264900662251655 0.15610859728506787
0 0.4420529801324503 0.2986425339366516 0.09933774834437085 0.14027149321266968
0 0.40397350993377484 0.2409502262443439 0.08774834437086093 0.12895927601809956
0 0.5827814569536424 0.01583710407239819 0.09602649006622517 0.03167420814479638
0 0.4759933774834437 0.9671945701357466 0.06788079470198675 0.06561085972850679
0 0.4288079470198676 0.4920814479638009 0.11754966887417219 0.16063348416289594
0 0.26986754966887416 0.3585972850678733 0.08112582781456953 0.08597285067873303
0 0.22102649006622516 0.4321266968325792 0.08112582781456953 0.09276018099547512
1 0.8120860927152318 0.030542986425339366 0.10099337748344371 0.06108597285067873
1 0.8394039735099338 0.016968325791855202 0.059602649006622516 0.033936651583710405
1 0.8468543046357616 0.252262443438914 0.10596026490066225 0.14027149321266968
1 0.6812913907284768 0.18552036199095023 0.1076158940397351 0.167420814479638
1 0.5306291390728477 0.04638009049773756 0.07781456953642384 0.09276018099547512
1 0.3741721854304636 0.45701357466063347 0.0728476821192053 0.09276018099547512
1 0.3220198675496689 0.5565610859728507 0.08112582781456953 0.10633484162895927
1 0.3402317880794702 0.7398190045248869 0.09933774834437085 0.13574660633484162
1 0.609271523178808 0.8665158371040724 0.09933774834437085 0.13800904977375567