0 0.0265748031496063 0.6483050847457628 0.0531496062992126 0.1271186440677966
0 0.26673228346456695 0.5169491525423728 0.12007874015748031 0.1694915254237288
0 0.26476377952755903 0.7598870056497176 0.11220472440944881 0.1553672316384181
0 0.6614173228346457 0.5042372881355932 0.0984251968503937 0.1497175141242938
0 0.36515748031496065 0.12005649717514125 0.08267716535433071 0.09887005649717515
0 0.44881889763779526 0.07909604519774012 0.07677165354330709 0.09322033898305085
1 0.4714566929133858 0.4350282485875706 0.09055118110236221 0.1327683615819209
1 0.5059055118110236 0.3418079096045198 0.09448818897637795 0.12994350282485875
1 0.6082677165354331 0.2443502824858757 0.10039370078740158 0.12994350282485875
1 0.7165354330708661 0.1172316384180791 0.08858267716535433 0.11864406779661017
1 0.8316929133858267 0.07627118644067797 0.08464566929133858 0.11299435028248588