0 0.7861010830324909 0.8232984293193717 0.07581227436823104 0.09162303664921466
0 0.9332129963898917 0.7041884816753927 0.05595667870036101 0.09424083769633508
0 0.9016245487364621 0.6544502617801047 0.09386281588447654 0.1544502617801047
0 0.8402527075812274 0.6348167539267016 0.12815884476534295 0.16230366492146597
0 0.5406137184115524 0.9712041884816754 0.09566787003610108 0.05759162303664921
0 0.4296028880866426 0.856020942408377 0.0703971119133574 0.1256544502617801
0 0.37906137184115524 0.7408376963350786 0.08664259927797834 0.14659685863874344
0 0.22021660649819494 0.1793193717277487 0.09025270758122744 0.1099476439790576
1 0.6958483754512635 0.8259162303664922 0.07220216606498195 0.13089005235602094
1 0.6128158844765343 0.7552356020942408 0.08303249097472924 0.14136125654450263
1 0.5992779783393501 0.6178010471204188 0.08664259927797834 0.13350785340314136
1 0.3276173285198556 0.3992146596858639 0.11732851985559567 0.15706806282722513