0 0.6137048192771084 0.38876146788990823 0.09789156626506024 0.1536697247706422
0 0.9774096385542169 0.23509174311926606 0.045180722891566265 0.13990825688073394
0 0.7108433734939759 0.9747706422018348 0.06325301204819277 0.05045871559633028
0 0.5466867469879518 0.8394495412844036 0.07530120481927711 0.10550458715596331
0 0.41490963855421686 0.7981651376146789 0.058734939759036146 0.08027522935779817
0 0.4329819277108434 0.768348623853211 0.07078313253012049 0.09862385321100918
0 0.5353915662650602 0.7041284403669725 0.060240963855421686 0.11467889908256881
0 0.5850903614457831 0.5584862385321101 0.07078313253012049 0.09174311926605505
1 0.8072289156626506 0.6846330275229358 0.10692771084337349 0.16055045871559634
1 0.927710843373494 0.5676605504587156 0.0677710843373494 0.11697247706422019
1 0.8855421686746988 0.9369266055045872 0.0677710843373494 0.11009174311926606
1 0.6875 0.8589449541284404 0.07379518072289157 0.0871559633027523
1 0.7131024096385542 0.7717889908256881 0.07228915662650602 0.09862385321100918
1 0.6024096385542169 0.6662844036697247 0.07530120481927711 0.0871559633027523