0 0.18706293706293706 0.08974358974358974 0.043706293706293704 0.03076923076923077
0 0.18181818181818182 0.2 0.06818181818181818 0.1
0 0.2097902097902098 0.7064102564102565 0.0472027972027972 0.08717948717948718
0 0.263986013986014 0.6423076923076924 0.08566433566433566 0.14358974358974358
0 0.32604895104895104 0.40384615384615385 0.11888111888111888 0.13076923076923078
0 0.42045454545454547 0.39615384615384613 0.09615384615384616 0.13076923076923078
0 0.5646853146853147 0.9371794871794872 0.0979020979020979 0.12564102564102564
0 0.5856643356643356 0.4653846153846154 0.11013986013986014 0.14871794871794872
0 0.6940559440559441 0.37948717948717947 0.11713286713286714 0.11538461538461539
0 0.833916083916084 0.6141025641025641 0.06643356643356643 0.09743589743589744
0 0.8513986013986014 0.7115384615384616 0.05944055944055944 0.11025641025641025
0 0.666958041958042 0.010256410256410256 0.06468531468531469 0.020512820512820513
1 0.32954545454545453 0.0858974358974359 0.06993006993006994 0.1076923076923077
1 0.32342657342657344 0.2064102564102564 0.05944055944055944 0.11025641025641025
1 0.21765734265734266 0.491025641025641 0.07692307692307693 0.11282051282051282
1 0.3767482517482518 0.95 0.11713286713286714 0.1
1 0.36013986013986016 0.7705128205128206 0.08391608391608392 0.11794871794871795
1 0.46416083916083917 0.8038461538461539 0.10314685314685315 0.12307692307692308
1 0.5166083916083916 0.5525641025641026 0.07342657342657342 0.08974358974358974
1 0.7019230769230769 0.85 0.0944055944055944 0.10512820512820513
1 0.7622377622377622 0.9192307692307692 0.08216783216783216 0.05384615384615385
1 0.8068181818181818 0.7294871794871794 0.07867132867132867 0.12051282051282051
1 0.7447552447552448 0.31025641025641026 0.08916083916083917 0.11282051282051282
1 0.5340909090909091 0.07948717948717948 0.09090909090909091 0.12307692307692308