0 0.6930272108843537 0.1755813953488372 0.09183673469387756 0.12558139534883722
0 0.13690476190476192 0.6837209302325581 0.0782312925170068 0.12093023255813953
0 0.7491496598639455 0.3627906976744186 0.10884353741496598 0.14883720930232558
0 0.6284013605442177 0.7406976744186047 0.10884353741496598 0.1511627906976744
0 0.8545918367346939 0.5395348837209303 0.08503401360544217 0.1325581395348837
0 0.8171768707482994 0.8395348837209302 0.11224489795918367 0.14883720930232558
0 0.9566326530612245 0.5790697674418605 0.08673469387755102 0.14883720930232558
0 0.8188775510204082 0.4686046511627907 0.13095238095238096 0.14883720930232558
1 0.8664965986394558 0.9151162790697674 0.08163265306122448 0.12558139534883722
1 0.9268707482993197 0.5406976744186046 0.09523809523809523 0.1186046511627907
1 0.7389455782312925 0.8232558139534883 0.07993197278911565 0.12325581395348838
1 0.7006802721088435 0.7372093023255814 0.08843537414965986 0.11627906976744186
1 0.7006802721088435 0.4511627906976744 0.10034013605442177 0.13023255813953488
1 0.9702380952380952 0.42093023255813955 0.05952380952380952 0.13488372093023257
1 0.8724489795918368 0.30116279069767443 0.07142857142857142 0.09302325581395349
1 0.27976190476190477 0.8011627906976744 0.08333333333333333 0.11627906976744186