0 0.5229970326409495 0.02478448275862069 0.07270029673590504 0.04956896551724138
0 0.5615727002967359 0.07974137931034483 0.06231454005934718 0.10991379310344827
0 0.607566765578635 0.16379310344827586 0.06083086053412463 0.11637931034482758
0 0.16839762611275966 0.28125 0.09050445103857567 0.12931034482758622
0 0.1728486646884273 0.4073275862068966 0.09198813056379822 0.10560344827586207
0 0.29080118694362017 0.7769396551724138 0.10534124629080119 0.1400862068965517
0 0.4065281899109792 0.8706896551724138 0.11572700296735905 0.16594827586206898
0 0.8308605341246291 0.59375 0.09940652818991098 0.15732758620689655
1 0.3805637982195846 0.18318965517241378 0.0771513353115727 0.1400862068965517
1 0.4621661721068249 0.3081896551724138 0.07566765578635015 0.13577586206896552
1 0.2685459940652819 0.6400862068965517 0.09495548961424333 0.1206896551724138
1 0.30415430267062316 0.4170258620689655 0.10979228486646884 0.15517241379310345
1 0.2707715133531157 0.1810344827586207 0.08011869436201781 0.14224137931034483