0 0.9422382671480144 0.18324607329842932 0.0631768953068592 0.07853403141361257
0 0.9648014440433214 0.506544502617801 0.0703971119133574 0.11780104712041885
0 0.9756317689530686 0.8769633507853403 0.048736462093862815 0.15706806282722513
0 0.973826714801444 0.7460732984293194 0.052346570397111915 0.15706806282722513
0 0.9205776173285198 0.9410994764397905 0.052346570397111915 0.07853403141361257
0 0.47833935018050544 0.9685863874345549 0.08303249097472924 0.06282722513089005
0 0.8465703971119134 0.3782722513089005 0.11010830324909747 0.13089005235602094
0 0.6064981949458483 0.25785340314136124 0.07581227436823104 0.16230366492146597
0 0.3447653429602888 0.1544502617801047 0.11371841155234658 0.14659685863874344
1 0.9169675090252708 0.22643979057591623 0.09025270758122744 0.08638743455497382
1 0.6362815884476535 0.25392670157068065 0.0703971119133574 0.1518324607329843
1 0.33664259927797835 0.29842931937172773 0.09025270758122744 0.13612565445026178
1 0.04332129963898917 0.18586387434554974 0.0776173285198556 0.17015706806282724
1 0.15162454873646208 0.9712041884816754 0.06498194945848375 0.05759162303664921
1 0.7102888086642599 0.9528795811518325 0.07581227436823104 0.07591623036649214
1 0.7770758122743683 0.8468586387434555 0.09386281588447654 0.1256544502617801
1 0.7707581227436823 0.643979057591623 0.09747292418772563 0.15706806282722513