0 0.17837465564738292 0.67152466367713 0.05785123966942149 0.09641255605381166
0 0.36639118457300274 0.23430493273542602 0.07851239669421488 0.13452914798206278
0 0.3140495867768595 0.11883408071748879 0.07713498622589532 0.12556053811659193
0 0.690771349862259 0.12443946188340807 0.09090909090909091 0.10762331838565023
0 0.7920110192837465 0.3273542600896861 0.08953168044077135 0.13901345291479822
0 0.7431129476584022 0.6154708520179372 0.07575757575757576 0.1210762331838565
0 0.6535812672176309 0.5369955156950673 0.08953168044077135 0.12556053811659193
1 0.4855371900826446 0.8127802690582959 0.05509641873278237 0.1031390134529148
1 0.2327823691460055 0.45739910313901344 0.06887052341597796 0.12556053811659193
1 0.5902203856749312 0.11659192825112108 0.10055096418732783 0.1591928251121076
1 0.6432506887052342 0.1446188340807175 0.08539944903581267 0.13228699551569506
1 0.6473829201101928 0.27802690582959644 0.08539944903581267 0.1367713004484305
1 0.6887052341597796 0.7600896860986547 0.0743801652892562 0.12331838565022421
1 0.768595041322314 0.30269058295964124 0.10606060606060606 0.1591928251121076
1 0.8298898071625345 0.40919282511210764 0.07300275482093664 0.12331838565022421
1 0.5227272727272727 0.05829596412556054 0.08953168044077135 0.11659192825112108