0 0.9149253731343283 0.29347826086956524 0.07611940298507462 0.11521739130434783
0 0.8597014925373134 0.2891304347826087 0.07164179104477612 0.06956521739130435
0 0.7649253731343284 0.29456521739130437 0.06567164179104477 0.06521739130434782
0 0.6895522388059702 0.25869565217391305 0.08507462686567165 0.08478260869565217
0 0.48208955223880595 0.125 0.07611940298507462 0.13478260869565217
0 0.4425373134328358 0.15543478260869564 0.08507462686567165 0.1282608695652174
0 0.2455223880597015 0.04565217391304348 0.09104477611940298 0.09130434782608696
0 0.20522388059701493 0.5065217391304347 0.12388059701492538 0.13695652173913042
0 0.027611940298507463 0.7271739130434782 0.05522388059701493 0.10217391304347827
0 0.3522388059701492 0.8586956521739131 0.08358208955223881 0.12608695652173912
0 0.7544776119402985 0.8989130434782608 0.058208955223880594 0.12391304347826088
1 0.9335820895522388 0.5793478260869566 0.06716417910447761 0.07608695652173914
1 0.826865671641791 0.5510869565217391 0.05223880597014925 0.06304347826086956
1 0.7731343283582089 0.5771739130434783 0.07313432835820896 0.06739130434782609
1 0.7074626865671642 0.5423913043478261 0.08358208955223881 0.07608695652173914
1 0.6126865671641791 0.375 0.07462686567164178 0.09130434782608696
1 0.2917910447761194 0.44565217391304346 0.10746268656716418 0.07391304347826087
1 0.0962686567164179 0.8173913043478261 0.07014925373134329 0.08478260869565217
1 0.18208955223880596 0.9184782608695652 0.05223880597014925 0.06521739130434782
1 0.567910447761194 0.9 0.04328358208955224 0.11304347826086956
1 0.5955223880597015 0.9119565217391304 0.04328358208955224 0.11956521739130435