0 0.8052631578947368 0.09771573604060914 0.07543859649122807 0.12944162436548223
0 0.9 0.0799492385786802 0.04736842105263158 0.06852791878172589
0 0.9456140350877194 0.26015228426395937 0.043859649122807015 0.09390862944162437
0 0.9771929824561404 0.17893401015228427 0.03859649122807018 0.1065989847715736
0 0.956140350877193 0.7715736040609137 0.06140350877192982 0.07360406091370558
0 0.8394736842105263 0.7626903553299492 0.04736842105263158 0.09644670050761421
0 0.7333333333333333 0.7068527918781726 0.11403508771929824 0.08121827411167512
0 0.8921052631578947 0.3883248730964467 0.06315789473684211 0.14213197969543148
1 0.5763157894736842 0.0850253807106599 0.07543859649122807 0.16243654822335024
1 0.7236842105263158 0.2766497461928934 0.08771929824561403 0.116751269035533
1 0.9026315789473685 0.2652284263959391 0.06315789473684211 0.09390862944162437
1 0.8105263157894737 0.47588832487309646 0.08771929824561403 0.09644670050761421
1 0.9570175438596491 0.616751269035533 0.056140350877192984 0.09644670050761421
1 0.9543859649122807 0.4581218274111675 0.07894736842105263 0.07614213197969544
1 0.9359649122807018 0.3464467005076142 0.0824561403508772 0.07614213197969544