0 0.6494464944649446 0.08426966292134831 0.08487084870848709 0.16853932584269662
0 0.6854243542435424 0.18820224719101122 0.05904059040590406 0.10393258426966293
0 0.4492619926199262 0.38342696629213485 0.04428044280442804 0.12921348314606743
0 0.35977859778597787 0.8525280898876404 0.09225092250922509 0.12640449438202248
0 0.7177121771217713 0.6053370786516854 0.08671586715867159 0.15168539325842698
0 0.7841328413284133 0.8426966292134831 0.09040590405904059 0.11797752808988764
0 0.19649446494464945 0.5617977528089888 0.05166051660516605 0.13202247191011235
1 0.26476014760147604 0.973314606741573 0.0940959409594096 0.05337078651685393
1 0.22324723247232472 0.3202247191011236 0.08856088560885608 0.10674157303370786
1 0.37915129151291516 0.11938202247191011 0.06457564575645756 0.10955056179775281
1 0.45295202952029523 0.05337078651685393 0.07195571955719557 0.10393258426966293
1 0.5581180811808119 0.425561797752809 0.11254612546125461 0.16292134831460675
1 0.7287822878228782 0.4339887640449438 0.07564575645756458 0.10393258426966293
1 0.2481549815498155 0.4943820224719101 0.08671586715867159 0.14606741573033707
1 0.5654981549815498 0.9648876404494382 0.09040590405904059 0.06741573033707865