0 0.1310344827586207 0.1733490566037736 0.07241379310344828 0.06132075471698113
0 0.4051724137931034 0.2865566037735849 0.11896551724137931 0.14150943396226415
0 0.09655172413793103 0.21108490566037735 0.07413793103448275 0.09198113207547169
0 0.375 0.4233490566037736 0.11896551724137931 0.16981132075471697
0 0.16034482758620688 0.5176886792452831 0.10172413793103448 0.15330188679245282
0 0.3310344827586207 0.7995283018867925 0.05344827586206897 0.11320754716981132
0 0.378448275862069 0.8785377358490566 0.0603448275862069 0.12028301886792453
1 0.20948275862068966 0.1403301886792453 0.07758620689655173 0.07547169811320754
1 0.31551724137931036 0.2606132075471698 0.07758620689655173 0.14150943396226415
1 0.12844827586206897 0.39740566037735847 0.07586206896551724 0.1179245283018868
1 0.27844827586206894 0.6910377358490566 0.09137931034482759 0.09905660377358491
1 0.4224137931034483 0.6839622641509434 0.08448275862068966 0.1179245283018868
1 0.49137931034482757 0.7959905660377359 0.0896551724137931 0.11556603773584906