0 0.8535276073619632 0.32700892857142855 0.0736196319018405 0.11383928571428571
0 0.7737730061349694 0.26450892857142855 0.08895705521472393 0.06473214285714286
0 0.8220858895705522 0.9441964285714286 0.10429447852760736 0.078125
0 0.7292944785276073 0.9051339285714286 0.05368098159509203 0.12053571428571429
0 0.30214723926380366 0.8415178571428571 0.08742331288343558 0.16071428571428573
0 0.2852760736196319 0.5524553571428571 0.11503067484662577 0.14732142857142858
0 0.3328220858895706 0.0859375 0.12269938650306748 0.15625
0 0.3535276073619632 0.09933035714285714 0.09969325153374232 0.12053571428571429
1 0.9716257668711656 0.37611607142857145 0.05521472392638037 0.10267857142857142
1 0.7791411042944786 0.5345982142857143 0.08282208588957055 0.08705357142857142
1 0.8826687116564417 0.7287946428571429 0.07822085889570553 0.08258928571428571
1 0.5682515337423313 0.8861607142857143 0.05521472392638037 0.13392857142857142
1 0.549079754601227 0.8850446428571429 0.05214723926380368 0.13392857142857142
1 0.4562883435582822 0.7879464285714286 0.08742331288343558 0.12276785714285714
1 0.054447852760736194 0.765625 0.0736196319018405 0.14955357142857142
1 0.37193251533742333 0.4107142857142857 0.08282208588957055 0.12053571428571429
1 0.08895705521472393 0.030133928571428572 0.06748466257668712 0.060267857142857144