0 0.438953488372093 0.08628318584070796 0.06976744186046512 0.1084070796460177
0 0.33648255813953487 0.18252212389380532 0.056686046511627904 0.07964601769911504
0 0.30305232558139533 0.2245575221238938 0.05813953488372093 0.09513274336283185
0 0.2441860465116279 0.4944690265486726 0.08284883720930232 0.10176991150442478
0 0.45203488372093026 0.8418141592920354 0.0755813953488372 0.13716814159292035
0 0.28415697674418605 0.7289823008849557 0.07848837209302326 0.13716814159292035
0 0.17732558139534885 0.8440265486725663 0.08139534883720931 0.13938053097345132
0 0.5690406976744186 0.7334070796460177 0.09011627906976744 0.11504424778761062
0 0.6446220930232558 0.963495575221239 0.07994186046511628 0.07300884955752213
0 0.7122093023255814 0.9845132743362832 0.09011627906976744 0.030973451327433628
0 0.7390988372093024 0.7400442477876106 0.09011627906976744 0.12831858407079647
0 0.5719476744186046 0.40154867256637167 0.05813953488372093 0.084070796460177
1 0.6526162790697675 0.15486725663716813 0.055232558139534885 0.10619469026548672
1 0.6736918604651163 0.20243362831858408 0.05232558139534884 0.08628318584070796
1 0.38372093023255816 0.012168141592920354 0.06686046511627906 0.024336283185840708
1 0.29869186046511625 0.47013274336283184 0.0872093023255814 0.10398230088495575
1 0.20930232558139536 0.7997787610619469 0.08866279069767442 0.11946902654867257
1 0.3248546511627907 0.5940265486725663 0.0625 0.12168141592920353
1 0.2449127906976744 0.8561946902654868 0.06831395348837209 0.12168141592920353
1 0.6271802325581395 0.6924778761061947 0.055232558139534885 0.09292035398230089
1 0.7819767441860465 0.49668141592920356 0.06831395348837209 0.09292035398230089