0 0.33207831325301207 0.8179824561403509 0.09036144578313253 0.09210526315789473
0 0.3102409638554217 0.3815789473684211 0.09186746987951808 0.1425438596491228
0 0.6325301204819277 0.13157894736842105 0.09939759036144578 0.15789473684210525
0 0.5963855421686747 0.2774122807017544 0.0963855421686747 0.14692982456140352
0 0.5850903614457831 0.3475877192982456 0.10542168674698796 0.14692982456140352
0 0.5481927710843374 0.5252192982456141 0.08132530120481928 0.14473684210526316
0 0.8177710843373494 0.3684210526315789 0.08433734939759036 0.11403508771929824
0 0.8072289156626506 0.3157894736842105 0.10391566265060241 0.1162280701754386
0 0.6837349397590361 0.9035087719298246 0.08734939759036145 0.10526315789473684
1 0.7492469879518072 0.6260964912280702 0.07228915662650602 0.08552631578947369
1 0.6656626506024096 0.6129385964912281 0.06927710843373494 0.10526315789473684
1 0.6408132530120482 0.8135964912280702 0.07379518072289157 0.1206140350877193
1 0.43599397590361444 0.6414473684210527 0.07379518072289157 0.1118421052631579
1 0.3802710843373494 0.5197368421052632 0.07530120481927711 0.08333333333333333
1 0.36521084337349397 0.14473684210526316 0.06927710843373494 0.1337719298245614