0 0.16171875 0.9821428571428571 0.0640625 0.03571428571428571
0 0.22109375 0.9619047619047619 0.0640625 0.0761904761904762
0 0.5421875 0.8583333333333333 0.065625 0.06666666666666667
0 0.54296875 0.7892857142857143 0.0546875 0.07142857142857142
0 0.24921875 0.1488095238095238 0.0859375 0.10952380952380952
0 0.3859375 0.4238095238095238 0.0875 0.1261904761904762
0 0.16953125 0.39880952380952384 0.09375 0.14761904761904762
0 0.009375 0.16904761904761906 0.01875 0.1
1 0.4546875 0.3678571428571429 0.0734375 0.0880952380952381
1 0.19140625 0.680952380952381 0.06875 0.11190476190476191
1 0.33984375 0.6857142857142857 0.06875 0.10952380952380952
1 0.353125 0.8738095238095238 0.05 0.06190476190476191
1 0.04140625 0.875 0.0515625 0.08333333333333333
1 0.05625 0.5452380952380952 0.0625 0.07857142857142857
1 0.0171875 0.6916666666666667 0.028125 0.05238095238095238