0 0.6992063492063492 0.7728310502283106 0.04126984126984127 0.0776255707762557
0 0.6706349206349206 0.704337899543379 0.05714285714285714 0.07534246575342465
0 0.3603174603174603 0.2853881278538813 0.05873015873015873 0.08904109589041095
0 0.7992063492063493 0.16095890410958905 0.07142857142857142 0.09817351598173515
0 0.39365079365079364 0.5856164383561644 0.06825396825396825 0.11643835616438356
0 0.3515873015873016 0.386986301369863 0.06984126984126984 0.09817351598173515
0 0.276984126984127 0.5148401826484018 0.06031746031746032 0.0958904109589041
0 0.703968253968254 0.908675799086758 0.04126984126984127 0.0776255707762557
1 0.6261904761904762 0.5342465753424658 0.06666666666666667 0.09817351598173515
1 0.530952380952381 0.4874429223744292 0.07301587301587302 0.12100456621004566
1 0.24841269841269842 0.2545662100456621 0.07301587301587302 0.10273972602739725
1 0.24682539682539684 0.5799086757990868 0.05714285714285714 0.11187214611872145
1 0.273015873015873 0.6712328767123288 0.046031746031746035 0.0958904109589041
1 0.5436507936507936 0.8458904109589042 0.07936507936507936 0.09817351598173515
1 0.5873015873015873 0.9611872146118722 0.050793650793650794 0.0776255707762557