0 0.03036723163841808 0.41020408163265304 0.06073446327683616 0.08571428571428572
0 0.01059322033898305 0.45408163265306123 0.0211864406779661 0.05510204081632653
0 0.3036723163841808 0.8204081632653061 0.08898305084745763 0.0653061224489796
0 0.2401129943502825 0.8316326530612245 0.07344632768361582 0.05102040816326531
0 0.15254237288135594 0.7755102040816326 0.05790960451977401 0.07551020408163266
0 0.03672316384180791 0.7673469387755102 0.03672316384180791 0.09795918367346938
0 0.13983050847457626 0.8765306122448979 0.05367231638418079 0.08571428571428572
1 0.025423728813559324 0.6438775510204081 0.03672316384180791 0.05918367346938776
1 0.04590395480225989 0.6010204081632653 0.05649717514124294 0.05918367346938776
1 0.10805084745762712 0.5744897959183674 0.04943502824858757 0.0836734693877551
1 0.16101694915254236 0.47244897959183674 0.07344632768361582 0.07551020408163266
1 0.2344632768361582 0.6204081632653061 0.08898305084745763 0.08775510204081632
1 0.1652542372881356 0.6418367346938776 0.08050847457627118 0.0673469387755102
1 0.13983050847457626 0.7040816326530612 0.07062146892655367 0.11020408163265306
1 0.048728813559322036 0.8357142857142857 0.038135593220338986 0.061224489795918366
1 0.04307909604519774 0.8918367346938776 0.0211864406779661 0.08775510204081632