0 0.6821895424836601 0.9754464285714286 0.08986928104575163 0.049107142857142856
0 0.7933006535947712 0.42410714285714285 0.06862745098039216 0.10714285714285714
0 0.7344771241830066 0.4642857142857143 0.08169934640522876 0.10714285714285714
0 0.619281045751634 0.5859375 0.0915032679738562 0.13169642857142858
0 0.2900326797385621 0.015625 0.07026143790849673 0.03125
0 0.7450980392156863 0.2734375 0.06045751633986928 0.11830357142857142
0 0.7524509803921569 0.15625 0.04738562091503268 0.10044642857142858
1 0.7598039215686274 0.6573660714285714 0.058823529411764705 0.078125
1 0.6348039215686274 0.6729910714285714 0.0915032679738562 0.11607142857142858
1 0.7124183006535948 0.359375 0.06862745098039216 0.07589285714285714
1 0.6184640522875817 0.23325892857142858 0.08333333333333333 0.11160714285714286
1 0.6200980392156863 0.10491071428571429 0.08496732026143791 0.11830357142857142
1 0.397875816993464 0.015625 0.06699346405228758 0.03125
1 0.23447712418300654 0.19196428571428573 0.08496732026143791 0.09821428571428571