0 0.3758503401360544 0.13372093023255813 0.0935374149659864 0.1186046511627907
0 0.391156462585034 0.07209302325581396 0.09183673469387756 0.11395348837209303
0 0.5085034013605442 0.836046511627907 0.10374149659863946 0.16046511627906976
0 0.5901360544217688 0.9197674418604651 0.10034013605442177 0.12790697674418605
1 0.8639455782312925 0.05930232558139535 0.06292517006802721 0.09069767441860466
1 0.79421768707483 0.14883720930232558 0.10374149659863946 0.1186046511627907
1 0.564625850340136 0.18488372093023256 0.08673469387755102 0.1372093023255814
1 0.2891156462585034 0.2651162790697674 0.07312925170068027 0.11627906976744186
1 0.6998299319727891 0.8046511627906977 0.0782312925170068 0.11395348837209303
1 0.45068027210884354 0.9755813953488373 0.07142857142857142 0.04883720930232558
1 0.375 0.9104651162790698 0.0935374149659864 0.12558139534883722
1 0.19982993197278912 0.9406976744186046 0.08843537414965986 0.11162790697674418