0 0.6788856304985337 0.9789029535864979 0.0469208211143695 0.04219409282700422
0 0.6642228739002932 0.830168776371308 0.06598240469208211 0.12869198312236288
0 0.717741935483871 0.4651898734177215 0.06158357771260997 0.10759493670886076
0 0.6495601173020528 0.3818565400843882 0.054252199413489736 0.08016877637130802
0 0.717008797653959 0.32383966244725737 0.036656891495601175 0.07172995780590717
0 0.7199413489736071 0.2489451476793249 0.039589442815249266 0.08016877637130802
0 0.7038123167155426 0.10970464135021098 0.06304985337243402 0.09071729957805907
0 0.20967741935483872 0.7658227848101266 0.06744868035190615 0.07805907172995781
1 0.7346041055718475 0.70042194092827 0.05865102639296188 0.07172995780590717
1 0.47287390029325516 0.29430379746835444 0.04838709677419355 0.08860759493670886
1 0.5623167155425219 0.26582278481012656 0.05278592375366569 0.10126582278481013
1 0.5975073313782991 0.16455696202531644 0.04105571847507331 0.09282700421940929