0 0.2861635220125786 0.8540772532188842 0.09905660377358491 0.1630901287553648
0 0.42452830188679247 0.7113733905579399 0.09276729559748427 0.16523605150214593
0 0.7900943396226415 0.7006437768240343 0.06918238993710692 0.11802575107296137
0 0.8301886792452831 0.1781115879828326 0.06289308176100629 0.07725321888412018
0 0.7712264150943396 0.1351931330472103 0.08490566037735849 0.13948497854077252
0 0.36556603773584906 0.15879828326180256 0.04559748427672956 0.0944206008583691
1 0.19654088050314467 0.6963519313304721 0.08333333333333333 0.10300429184549356
1 0.22877358490566038 0.7800429184549357 0.055031446540880505 0.11158798283261803
1 0.3836477987421384 0.7832618025751072 0.09119496855345911 0.0815450643776824
1 0.6061320754716981 0.75 0.0880503144654088 0.10944206008583691
1 0.49292452830188677 0.22639484978540772 0.07232704402515723 0.10515021459227468
1 0.6147798742138365 0.22532188841201717 0.0770440251572327 0.1223175965665236
1 0.7877358490566038 0.34012875536480686 0.06132075471698113 0.07939914163090128