0 0.06076923076923077 0.2022613065326633 0.06615384615384616 0.1507537688442211
0 0.05846153846153846 0.27261306532663315 0.06769230769230769 0.10552763819095477
0 0.15153846153846154 0.5891959798994975 0.06461538461538462 0.1306532663316583
0 0.10923076923076923 0.7701005025125628 0.06153846153846154 0.09798994974874371
0 0.27692307692307694 0.9371859296482412 0.046153846153846156 0.06281407035175879
0 0.41307692307692306 0.9158291457286433 0.07846153846153846 0.1306532663316583
0 0.5330769230769231 0.9082914572864321 0.08923076923076922 0.10301507537688442
0 0.6707692307692308 0.8844221105527639 0.07076923076923076 0.09798994974874371
0 0.8569230769230769 0.1922110552763819 0.06769230769230769 0.07537688442211055
0 0.8846153846153846 0.2399497487437186 0.05692307692307692 0.0829145728643216
0 0.46384615384615385 0.36432160804020103 0.08307692307692308 0.15326633165829145
0 0.41307692307692306 0.011306532663316583 0.08461538461538462 0.022613065326633167
0 0.32384615384615384 0.07537688442211055 0.06461538461538462 0.1306532663316583
0 0.2953846153846154 0.4434673366834171 0.06615384615384616 0.11809045226130653
1 0.9938461538461538 0.20728643216080403 0.012307692307692308 0.09798994974874371
1 0.9646153846153847 0.271356783919598 0.043076923076923075 0.11557788944723618
1 0.7415384615384616 0.4271356783919598 0.08307692307692308 0.11809045226130653
1 0.8384615384615385 0.8391959798994975 0.05692307692307692 0.12060301507537688
1 0.4307692307692308 0.7123115577889447 0.07846153846153846 0.1306532663316583
1 0.28692307692307695 0.6846733668341709 0.055384615384615386 0.1457286432160804
1 0.4623076923076923 0.05778894472361809 0.08461538461538462 0.11557788944723618
1 0.11153846153846154 0.09798994974874371 0.06 0.135678391959799
1 0.21076923076923076 0.14321608040201006 0.07230769230769231 0.12814070351758794
1 0.14923076923076922 0.19974874371859297 0.09846153846153846 0.12562814070351758
1 0.09307692307692307 0.6809045226130653 0.09384615384615384 0.12060301507537688