0 0.2932098765432099 0.24764150943396226 0.07253086419753087 0.09905660377358491
0 0.6311728395061729 0.27476415094339623 0.06481481481481481 0.10849056603773585
0 0.7175925925925926 0.6650943396226415 0.06481481481481481 0.12028301886792453
0 0.8387345679012346 0.8632075471698113 0.06018518518518518 0.13679245283018868
0 0.5524691358024691 0.9316037735849056 0.07407407407407407 0.125
0 0.2199074074074074 0.33372641509433965 0.05555555555555555 0.12264150943396226
0 0.23842592592592593 0.5931603773584906 0.06790123456790123 0.09905660377358491
0 0.3479938271604938 0.7016509433962265 0.08641975308641975 0.11556603773584906
0 0.24151234567901234 0.9693396226415094 0.06018518518518518 0.06132075471698113
1 0.2785493827160494 0.9433962264150944 0.08487654320987655 0.11320754716981132
1 0.2970679012345679 0.5660377358490566 0.08024691358024691 0.12028301886792453
1 0.44598765432098764 0.6533018867924528 0.09104938271604938 0.1320754716981132
1 0.5509259259259259 0.060141509433962265 0.06481481481481481 0.12028301886792453
1 0.279320987654321 0.0589622641509434 0.06635802469135803 0.04716981132075472