0 0.6223404255319149 0.28762135922330095 0.10283687943262411 0.13592233009708737
0 0.8847517730496454 0.37985436893203883 0.05673758865248227 0.14805825242718446
0 0.8554964539007093 0.2645631067961165 0.09574468085106383 0.12378640776699029
0 0.8803191489361702 0.1638349514563107 0.10638297872340426 0.11165048543689321
1 0.41932624113475175 0.48058252427184467 0.0975177304964539 0.14563106796116504
1 0.2322695035460993 0.7900485436893204 0.08156028368794327 0.08737864077669903
1 0.7810283687943262 0.9259708737864077 0.0425531914893617 0.09223300970873786
1 0.8342198581560284 0.616504854368932 0.06028368794326241 0.11893203883495146
1 0.7278368794326241 0.5424757281553398 0.10106382978723404 0.16990291262135923
1 0.74822695035461 0.30461165048543687 0.0797872340425532 0.1553398058252427
1 0.7544326241134752 0.14441747572815533 0.09574468085106383 0.1407766990291262