0 0.7529411764705882 0.5813253012048193 0.07647058823529412 0.0823293172690763
0 0.7536764705882353 0.7961847389558233 0.06470588235294118 0.06224899598393574
0 0.21691176470588236 0.6405622489959839 0.054411764705882354 0.0963855421686747
0 0.3139705882352941 0.7570281124497992 0.03823529411764706 0.09236947791164658
0 0.3352941176470588 0.856425702811245 0.03529411764705882 0.09236947791164658
0 0.24338235294117647 0.4598393574297189 0.07058823529411765 0.10040160642570281
0 0.17941176470588235 0.3172690763052209 0.07205882352941176 0.13253012048192772
0 0.1610294117647059 0.22088353413654618 0.07941176470588235 0.142570281124498
0 0.3014705882352941 0.04718875502008032 0.07794117647058824 0.03614457831325301
1 0.14558823529411766 0.08634538152610442 0.052941176470588235 0.04216867469879518
1 0.3323529411764706 0.06827309236947791 0.075 0.09036144578313253
1 0.37058823529411766 0.21987951807228914 0.0661764705882353 0.1285140562248996
1 0.40294117647058825 0.36947791164658633 0.061764705882352944 0.0963855421686747
1 0.5463235294117647 0.013052208835341365 0.06323529411764706 0.02610441767068273
1 0.7205882352941176 0.32831325301204817 0.07647058823529412 0.0823293172690763
1 0.35 0.6455823293172691 0.06470588235294118 0.0963855421686747
1 0.45441176470588235 0.7630522088353414 0.075 0.08835341365461848
1 0.46397058823529413 0.8443775100401606 0.054411764705882354 0.08032128514056225
1 0.7338235294117647 0.6164658634538153 0.052941176470588235 0.08433734939759036