0 0.40668523676880225 0.7120535714285714 0.06545961002785515 0.10044642857142858
0 0.21030640668523676 0.24665178571428573 0.0905292479108635 0.10491071428571429
0 0.4115598885793872 0.24776785714285715 0.06824512534818941 0.109375
0 0.6942896935933147 0.19642857142857142 0.07381615598885793 0.11160714285714286
1 0.17827298050139276 0.11049107142857142 0.05013927576601671 0.08258928571428571
1 0.35236768802228413 0.20200892857142858 0.06128133704735376 0.09375
1 0.39763231197771587 0.15513392857142858 0.07103064066852367 0.08258928571428571
1 0.47980501392757663 0.0234375 0.05988857938718663 0.046875
1 0.5954038997214485 0.1484375 0.07938718662952646 0.11160714285714286
1 0.7228412256267409 0.03794642857142857 0.06963788300835655 0.07589285714285714
1 0.4157381615598886 0.9776785714285714 0.057103064066852366 0.044642857142857144