0 0.15416666666666667 0.22355769230769232 0.016666666666666666 0.10096153846153846
0 0.18583333333333332 0.2668269230769231 0.065 0.10096153846153846
0 0.30583333333333335 0.04447115384615385 0.075 0.07451923076923077
0 0.7458333333333333 0.1778846153846154 0.08166666666666667 0.09134615384615384
0 0.5891666666666666 0.4266826923076923 0.07166666666666667 0.11057692307692307
0 0.25583333333333336 0.8353365384615384 0.043333333333333335 0.09615384615384616
0 0.265 0.9423076923076923 0.043333333333333335 0.0985576923076923
1 0.5416666666666666 0.054086538461538464 0.06666666666666667 0.10817307692307693
1 0.6591666666666667 0.7632211538461539 0.085 0.11057692307692307
1 0.43166666666666664 0.9086538461538461 0.06166666666666667 0.10576923076923077
1 0.39916666666666667 0.9699519230769231 0.051666666666666666 0.06009615384615385