0 0.20772594752186588 0.7647058823529411 0.06997084548104957 0.10504201680672269
0 0.22813411078717202 0.6470588235294118 0.06705539358600583 0.1134453781512605
0 0.3228862973760933 0.27205882352941174 0.04664723032069971 0.08403361344537816
0 0.3403790087463557 0.19642857142857142 0.04664723032069971 0.0819327731092437
0 0.3520408163265306 0.07142857142857142 0.043731778425655975 0.07773109243697479
0 0.7565597667638484 0.6207983193277311 0.056851311953352766 0.07142857142857142
0 0.7674927113702624 0.7436974789915967 0.048104956268221574 0.0819327731092437
1 0.3811953352769679 0.805672268907563 0.0728862973760933 0.12184873949579832
1 0.45918367346938777 0.33718487394957986 0.05393586005830904 0.10504201680672269
1 0.5080174927113703 0.1565126050420168 0.05102040816326531 0.10714285714285714
1 0.4752186588921283 0.06302521008403361 0.052478134110787174 0.09873949579831932
1 0.7157434402332361 0.9747899159663865 0.07871720116618076 0.05042016806722689
1 0.6829446064139941 0.7951680672268907 0.06559766763848396 0.08823529411764706