0 0.7896440129449838 0.2810880829015544 0.08576051779935275 0.12953367875647667
0 0.5396440129449838 0.11658031088082901 0.07119741100323625 0.12953367875647667
0 0.6148867313915858 0.3329015544041451 0.11650485436893204 0.11398963730569948
0 0.9692556634304207 0.538860103626943 0.061488673139158574 0.17616580310880828
0 0.21440129449838188 0.05699481865284974 0.05825242718446602 0.10880829015544041
0 0.25 0.7409326424870466 0.07119741100323625 0.09067357512953368
1 0.7580906148867314 0.11917098445595854 0.07119741100323625 0.09326424870466321
1 0.9765372168284789 0.18911917098445596 0.04692556634304207 0.06735751295336788
1 0.7338187702265372 0.5310880829015544 0.07766990291262135 0.17616580310880828
1 0.8940129449838188 0.9844559585492227 0.09223300970873786 0.031088082901554404
1 0.4344660194174757 0.6424870466321243 0.0970873786407767 0.13471502590673576
1 0.4085760517799353 0.08549222797927461 0.07766990291262135 0.14766839378238342
1 0.2702265372168285 0.33419689119170987 0.09061488673139159 0.13212435233160622
1 0.1779935275080906 0.5297927461139896 0.06957928802588997 0.09844559585492228