0 0.12279411764705882 0.6094377510040161 0.08676470588235294 0.1144578313253012
0 0.14558823529411766 0.6566265060240963 0.07941176470588235 0.13453815261044177
0 0.38823529411764707 0.1676706827309237 0.06323529411764706 0.10843373493975904
0 0.42205882352941176 0.10943775100401607 0.05588235294117647 0.08634538152610442
0 0.48823529411764705 0.23393574297188754 0.07352941176470588 0.10441767068273092
0 0.8330882352941177 0.29518072289156627 0.06470588235294118 0.10040160642570281
0 0.7897058823529411 0.3453815261044177 0.08088235294117647 0.10441767068273092
1 0.3176470588235294 0.714859437751004 0.07352941176470588 0.12449799196787148
1 0.46911764705882353 0.30120481927710846 0.075 0.10441767068273092
1 0.6220588235294118 0.31626506024096385 0.07647058823529412 0.10843373493975904
1 0.5235294117647059 0.1676706827309237 0.05588235294117647 0.0783132530120482
1 0.7272058823529411 0.22289156626506024 0.07058823529411765 0.09437751004016064
1 0.7404411764705883 0.5281124497991968 0.08235294117647059 0.10040160642570281