0 0.5508595988538681 0.11307053941908714 0.09169054441260745 0.14730290456431536
0 0.6454154727793696 0.07572614107883817 0.06446991404011461 0.0912863070539419
0 0.8073065902578797 0.1358921161825726 0.07736389684813753 0.11825726141078838
0 0.9727793696275072 0.3495850622406639 0.054441260744985676 0.11825726141078838
0 0.9426934097421203 0.35684647302904565 0.06876790830945559 0.10995850622406639
0 0.9505730659025788 0.3070539419087137 0.05730659025787966 0.0912863070539419
0 0.9512893982808023 0.25 0.06160458452722063 0.1037344398340249
1 0.8595988538681948 0.06639004149377593 0.06876790830945559 0.0995850622406639
1 0.836676217765043 0.0954356846473029 0.07020057306590258 0.11618257261410789
1 0.6883954154727794 0.022821576763485476 0.07879656160458452 0.04564315352697095
1 0.7041547277936963 0.34024896265560167 0.08595988538681948 0.11825726141078838
1 0.7614613180515759 0.27385892116182575 0.06303724928366762 0.0912863070539419
1 0.8302292263610315 0.2842323651452282 0.07163323782234957 0.1037344398340249
1 0.8531518624641834 0.2842323651452282 0.07163323782234957 0.0954356846473029
1 0.8502865329512894 0.41804979253112035 0.08022922636103152 0.12240663900414937
1 0.9326647564469914 0.4730290456431535 0.06017191977077364 0.07883817427385892