0 0.1750788643533123 0.7373853211009175 0.09621451104100946 0.12155963302752294
0 0.11987381703470032 0.6880733944954128 0.07728706624605679 0.09403669724770643
0 0.3438485804416404 0.06880733944954129 0.1167192429022082 0.13761467889908258
0 0.4944794952681388 0.11009174311926606 0.11356466876971609 0.15825688073394495
0 0.6727129337539433 0.08830275229357798 0.0804416403785489 0.08944954128440367
0 0.8903785488958991 0.4025229357798165 0.11041009463722397 0.1628440366972477
1 0.30441640378548895 0.5355504587155964 0.09305993690851735 0.13990825688073394
1 0.20662460567823343 0.4552752293577982 0.08832807570977919 0.11009174311926606
1 0.21687697160883282 0.4243119266055046 0.08201892744479496 0.10550458715596331
1 0.3840694006309148 0.4954128440366973 0.0946372239747634 0.12844036697247707
1 0.5362776025236593 0.15137614678899083 0.10252365930599369 0.11238532110091744
1 0.7988958990536278 0.4919724770642202 0.0946372239747634 0.1536697247706422