0 0.6923076923076923 0.031413612565445025 0.060897435897435896 0.06282722513089005
0 0.7443910256410257 0.17539267015706805 0.035256410256410256 0.0968586387434555
0 0.7419871794871795 0.7159685863874345 0.08012820512820513 0.09424083769633508
0 0.6690705128205128 0.75 0.07852564102564102 0.12303664921465969
0 0.3886217948717949 0.862565445026178 0.08012820512820513 0.13089005235602094
0 0.2916666666666667 0.7971204188481675 0.08974358974358974 0.1806282722513089
0 0.7956730769230769 0.3913612565445026 0.03205128205128205 0.10471204188481675
1 0.65625 0.42408376963350786 0.08173076923076923 0.1518324607329843
1 0.6858974358974359 0.5484293193717278 0.07692307692307693 0.1649214659685864
1 0.7347756410256411 0.6727748691099477 0.07532051282051282 0.10471204188481675
1 0.7948717948717948 0.8298429319371727 0.05608974358974359 0.07329842931937172