0 0.754601226993865 0.6949339207048458 0.05674846625766871 0.07048458149779736
0 0.5375766871165644 0.6035242290748899 0.06748466257668712 0.07488986784140969
0 0.39800613496932513 0.7312775330396476 0.04754601226993865 0.07048458149779736
0 0.2898773006134969 0.20704845814977973 0.05061349693251534 0.07048458149779736
0 0.4049079754601227 0.289647577092511 0.05674846625766871 0.0947136563876652
0 0.3911042944785276 0.023127753303964757 0.03680981595092025 0.030837004405286344
1 0.6932515337423313 0.9449339207048458 0.06288343558282208 0.07929515418502203
1 0.29141104294478526 0.9581497797356828 0.07975460122699386 0.08370044052863436
1 0.5996932515337423 0.34801762114537443 0.04447852760736196 0.07268722466960352
1 0.5973926380368099 0.14096916299559473 0.05828220858895705 0.10572687224669604
1 0.3619631901840491 0.14427312775330398 0.06288343558282208 0.07488986784140969
1 0.28680981595092025 0.43942731277533037 0.06288343558282208 0.0947136563876652