0 0.23443579766536965 0.3670212765957447 0.0933852140077821 0.11170212765957446
0 0.21011673151750973 0.26063829787234044 0.07976653696498054 0.09840425531914894
0 0.2607003891050584 0.23138297872340424 0.06031128404669261 0.11436170212765957
0 0.21011673151750973 0.17819148936170212 0.12062256809338522 0.14361702127659576
0 0.7237354085603113 0.0199468085106383 0.05058365758754864 0.0398936170212766
1 0.6974708171206225 0.8909574468085106 0.10311284046692606 0.11170212765957446
1 0.632295719844358 0.15558510638297873 0.0914396887159533 0.15159574468085107
1 0.566147859922179 0.04654255319148936 0.10116731517509728 0.09308510638297872
1 0.433852140077821 0.28324468085106386 0.09533073929961089 0.14893617021276595
1 0.321011673151751 0.5877659574468085 0.11089494163424124 0.1276595744680851
1 0.3443579766536965 0.3829787234042553 0.07976653696498054 0.09840425531914894