0 0.5340236686390533 0.0825242718446602 0.0621301775147929 0.09951456310679611
0 0.45340236686390534 0.17718446601941748 0.0621301775147929 0.10679611650485436
0 0.5244082840236687 0.4538834951456311 0.060650887573964495 0.10922330097087378
0 0.5229289940828402 0.5813106796116505 0.0695266272189349 0.08980582524271845
0 0.5421597633136095 0.654126213592233 0.07248520710059171 0.1407766990291262
0 0.6590236686390533 0.7463592233009708 0.05621301775147929 0.08737864077669903
0 0.6871301775147929 0.8871359223300971 0.04585798816568047 0.06796116504854369
0 0.599112426035503 0.8240291262135923 0.047337278106508875 0.08009708737864078
0 0.34393491124260356 0.9466019417475728 0.060650887573964495 0.06796116504854369
0 0.5665680473372781 0.9004854368932039 0.042899408284023666 0.07281553398058252
0 0.3646449704142012 0.8216019417475728 0.0621301775147929 0.06067961165048544
0 0.27514792899408286 0.024271844660194174 0.0621301775147929 0.04854368932038835
0 0.24186390532544377 0.12985436893203883 0.060650887573964495 0.11407766990291263
0 0.04437869822485207 0.2524271844660194 0.060650887573964495 0.0825242718446602
0 0.010355029585798817 0.9053398058252428 0.020710059171597635 0.02912621359223301
0 0.0643491124260355 0.5097087378640777 0.04881656804733728 0.09951456310679611
1 0.5791420118343196 0.3628640776699029 0.07396449704142012 0.08980582524271845
1 0.3239644970414201 0.1262135922330097 0.07100591715976332 0.12864077669902912
1 0.363905325443787 0.2342233009708738 0.08136094674556213 0.1262135922330097
1 0.08875739644970414 0.027912621359223302 0.05325443786982249 0.055825242718446605
1 0.06360946745562131 0.12014563106796117 0.07100591715976332 0.10194174757281553
1 0.022928994082840236 0.32038834951456313 0.03254437869822485 0.07766990291262135
1 0.019230769230769232 0.5910194174757282 0.038461538461538464 0.09466019417475728
1 0.047337278106508875 0.8483009708737864 0.07396449704142012 0.08737864077669903
1 0.15384615384615385 0.9223300970873787 0.057692307692307696 0.050970873786407765
1 0.34393491124260356 0.46359223300970875 0.07988165680473373 0.09466019417475728
1 0.32988165680473375 0.6614077669902912 0.06656804733727811 0.11650485436893204
1 0.5192307692307693 0.7512135922330098 0.06656804733727811 0.06553398058252427
1 0.4822485207100592 0.8118932038834952 0.05917159763313609 0.07766990291262135
1 0.7855029585798816 0.8349514563106796 0.05029585798816568 0.08980582524271845
1 0.6738165680473372 0.8179611650485437 0.051775147928994084 0.09466019417475728
1 0.22337278106508876 0.5497572815533981 0.051775147928994084 0.08009708737864078
1 0.5318047337278107 0.9065533980582524 0.04437869822485207 0.06796116504854369