0 0.9723796033994334 0.3958333333333333 0.05524079320113314 0.10648148148148148
0 0.876770538243626 0.30671296296296297 0.049575070821529746 0.09490740740740741
0 0.9943342776203966 0.4409722222222222 0.0113314447592068 0.0625
0 0.9773371104815864 0.4525462962962963 0.043909348441926344 0.06481481481481481
0 0.8286118980169972 0.7418981481481481 0.03824362606232295 0.06712962962962964
0 0.6048158640226629 0.8067129629629629 0.07790368271954674 0.17592592592592593
0 0.43130311614730876 0.41550925925925924 0.0821529745042493 0.10648148148148148
0 0.37889518413597734 0.43287037037037035 0.0764872521246459 0.125
0 0.37252124645892354 0.6944444444444444 0.08356940509915015 0.125
0 0.13101983002832862 0.12037037037037036 0.07507082152974505 0.14351851851851852
0 0.09773371104815864 0.09837962962962964 0.06515580736543909 0.11805555555555555
0 0.16288951841359772 0.4131944444444444 0.0708215297450425 0.10648148148148148
0 0.08427762039660057 0.5173611111111112 0.05807365439093484 0.09722222222222222
0 0.034702549575070823 0.4224537037037037 0.06657223796033994 0.12268518518518519
1 0.7818696883852692 0.19212962962962962 0.06657223796033994 0.11574074074074074
1 0.9093484419263456 0.3287037037037037 0.042492917847025496 0.08796296296296297
1 0.9787535410764873 0.6608796296296297 0.039660056657223795 0.06018518518518518
1 0.9454674220963173 0.6493055555555556 0.046742209631728045 0.06944444444444445
1 0.8045325779036827 0.5023148148148148 0.07223796033994334 0.11342592592592593
1 0.7995750708215298 0.6828703703703703 0.053824362606232294 0.07407407407407407
1 0.7549575070821529 0.6527777777777778 0.0708215297450425 0.1087962962962963
1 0.6749291784702549 0.6157407407407407 0.06940509915014165 0.09490740740740741
1 0.4065155807365439 0.6215277777777778 0.06232294617563739 0.13425925925925927
1 0.24787535410764872 0.6585648148148148 0.060906515580736544 0.09490740740740741
1 0.12889518413597734 0.6921296296296297 0.08073654390934844 0.11342592592592593
1 0.14943342776203966 0.7638888888888888 0.043909348441926344 0.09490740740740741
1 0.03611898016997167 0.7175925925925926 0.06940509915014165 0.09953703703703703
1 0.08356940509915015 0.20717592592592593 0.07507082152974505 0.10416666666666667
1 0.5524079320113314 0.1701388888888889 0.08781869688385269 0.11342592592592593