0 0.6142638036809815 0.14397321428571427 0.07208588957055215 0.125
0 0.6441717791411042 0.25111607142857145 0.07668711656441718 0.109375
0 0.7676380368098159 0.6517857142857143 0.09815950920245399 0.13392857142857142
0 0.8427914110429447 0.8515625 0.08742331288343558 0.125
0 0.2147239263803681 0.24330357142857142 0.10276073619631902 0.13616071428571427
0 0.36503067484662577 0.4609375 0.09049079754601227 0.14285714285714285
0 0.23542944785276074 0.3169642857142857 0.09355828220858896 0.11607142857142858
0 0.17561349693251535 0.3247767857142857 0.0705521472392638 0.14285714285714285
1 0.38880368098159507 0.12834821428571427 0.07208588957055215 0.13169642857142858
1 0.4831288343558282 0.36495535714285715 0.07668711656441718 0.12946428571428573
1 0.25153374233128833 0.8738839285714286 0.07975460122699386 0.06696428571428571
1 0.3128834355828221 0.6037946428571429 0.08742331288343558 0.08928571428571429
1 0.19708588957055215 0.5446428571428571 0.07822085889570553 0.11830357142857142
1 0.2691717791411043 0.20870535714285715 0.09049079754601227 0.07366071428571429