0 0.7425650557620818 0.44923857868020306 0.13382899628252787 0.1598984771573604
0 0.7778810408921933 0.5482233502538071 0.10408921933085502 0.1751269035532995
0 0.5659851301115242 0.833756345177665 0.0687732342007435 0.12436548223350254
0 0.5120817843866171 0.9378172588832487 0.07063197026022305 0.116751269035533
0 0.04460966542750929 0.6637055837563451 0.04275092936802974 0.08629441624365482
1 0.5975836431226765 0.3362944162436548 0.09479553903345725 0.13705583756345177
1 0.7063197026022305 0.3604060913705584 0.07992565055762081 0.10406091370558376
1 0.5520446096654275 0.6256345177664975 0.10223048327137546 0.1319796954314721
1 0.6366171003717472 0.7766497461928934 0.09665427509293681 0.10913705583756345
1 0.4591078066914498 0.7258883248730964 0.09107806691449814 0.1319796954314721
1 0.35315985130111527 0.8895939086294417 0.07992565055762081 0.12690355329949238
1 0.12174721189591078 0.4467005076142132 0.040892193308550186 0.07614213197969544