0 0.2757009345794392 0.27714932126696834 0.0778816199376947 0.13574660633484162
0 0.23598130841121495 0.4061085972850679 0.07009345794392523 0.14027149321266968
0 0.3037383177570093 0.5124434389140271 0.09813084112149532 0.12217194570135746
0 0.6744548286604362 0.1165158371040724 0.08099688473520249 0.11312217194570136
0 0.7157320872274143 0.38574660633484165 0.11993769470404984 0.16968325791855204
0 0.7585669781931464 0.5361990950226244 0.1261682242990654 0.18552036199095023
0 0.8200934579439252 0.5305429864253394 0.08099688473520249 0.11312217194570136
1 0.37616822429906543 0.7409502262443439 0.09501557632398754 0.12895927601809956
1 0.5630841121495327 0.31447963800904977 0.09968847352024922 0.1425339366515837
1 0.5809968847352025 0.19230769230769232 0.07009345794392523 0.09276018099547512
1 0.7554517133956387 0.3416289592760181 0.06386292834890965 0.10180995475113122
1 0.46105919003115264 0.05203619909502263 0.07476635514018691 0.10407239819004525
1 0.40965732087227413 0.3382352941176471 0.06697819314641744 0.12895927601809956