0 0.84375 0.11341463414634147 0.07094594594594594 0.11219512195121951
0 0.8302364864864865 0.3926829268292683 0.057432432432432436 0.10975609756097561
0 0.737331081081081 0.7865853658536586 0.04391891891891892 0.1024390243902439
0 0.7179054054054054 0.8902439024390244 0.04391891891891892 0.0951219512195122
0 0.6765202702702703 0.9719512195121951 0.05574324324324324 0.05609756097560976
0 0.33192567567567566 0.8158536585365853 0.048986486486486486 0.06097560975609756
0 0.28800675675675674 0.8048780487804879 0.052364864864864864 0.05853658536585366
0 0.24239864864864866 0.8073170731707318 0.05405405405405406 0.07073170731707316
0 0.36655405405405406 0.28292682926829266 0.08277027027027027 0.0951219512195122
1 0.799831081081081 0.6621951219512195 0.07601351351351351 0.06585365853658537
1 0.5591216216216216 0.8548780487804878 0.060810810810810814 0.1048780487804878
1 0.5329391891891891 0.9304878048780488 0.05067567567567568 0.09268292682926829
1 0.4907094594594595 0.9707317073170731 0.05912162162162162 0.05853658536585366
1 0.34797297297297297 0.5426829268292683 0.057432432432432436 0.09024390243902439
1 0.2998310810810811 0.5634146341463414 0.0625 0.08536585365853659
1 0.23986486486486486 0.551219512195122 0.07939189189189189 0.07804878048780488
1 0.4172297297297297 0.5975609756097561 0.08614864864864864 0.1048780487804878