0 0.5541666666666667 0.8907766990291263 0.08166666666666667 0.14805825242718446
0 0.5941666666666666 0.7657766990291263 0.09 0.15776699029126215
0 0.52 0.7985436893203883 0.095 0.16262135922330098
0 0.12083333333333333 0.7075242718446602 0.075 0.0970873786407767
0 0.5466666666666666 0.05218446601941747 0.11666666666666667 0.10436893203883495
0 0.7975 0.24150485436893204 0.10333333333333333 0.18932038834951456
0 0.8575 0.1941747572815534 0.07833333333333334 0.10922330097087378
0 0.795 0.15048543689320387 0.09 0.09466019417475728
1 0.3775 0.7949029126213593 0.08666666666666667 0.14563106796116504
1 0.29333333333333333 0.6092233009708737 0.07 0.1407766990291262
1 0.43583333333333335 0.5813106796116505 0.09166666666666666 0.17233009708737865
1 0.1825 0.4186893203883495 0.06833333333333333 0.11407766990291263
1 0.24916666666666668 0.09951456310679611 0.051666666666666666 0.09951456310679611
1 0.6658333333333334 0.42961165048543687 0.09666666666666666 0.1650485436893204