0 0.046357615894039736 0.6545893719806763 0.06456953642384106 0.09420289855072464
0 0.11092715231788079 0.6896135265700483 0.09602649006622517 0.12318840579710146
0 0.15480132450331127 0.7415458937198067 0.08443708609271523 0.14492753623188406
0 0.19288079470198677 0.5905797101449275 0.0695364238410596 0.13526570048309178
0 0.26241721854304634 0.49516908212560384 0.09437086092715231 0.1473429951690821
0 0.6581125827814569 0.3333333333333333 0.12748344370860928 0.17391304347826086
0 0.8327814569536424 0.4311594202898551 0.10927152317880795 0.178743961352657
0 0.8344370860927153 0.3031400966183575 0.08774834437086093 0.13768115942028986
0 0.8617549668874173 0.966183574879227 0.07450331125827815 0.06763285024154589
1 0.11175496688741722 0.41545893719806765 0.07781456953642384 0.10869565217391304
1 0.46771523178807944 0.678743961352657 0.09768211920529801 0.1497584541062802
1 0.3890728476821192 0.783816425120773 0.09271523178807947 0.15217391304347827
1 0.3509933774834437 0.928743961352657 0.06788079470198675 0.0748792270531401
1 0.6887417218543046 0.7717391304347826 0.10430463576158941 0.13526570048309178
1 0.7682119205298014 0.8297101449275363 0.08609271523178808 0.11835748792270531
1 0.9685430463576159 0.6545893719806763 0.06291390728476821 0.10628019323671498