0 0.2747603833865815 0.11009174311926606 0.07028753993610223 0.10321100917431193
0 0.5023961661341853 0.5091743119266054 0.08466453674121406 0.08027522935779817
0 0.3027156549520767 0.6536697247706422 0.038338658146964855 0.10321100917431193
0 0.2995207667731629 0.7431192660550459 0.038338658146964855 0.07110091743119266
0 0.707667731629393 0.9896788990825688 0.04472843450479233 0.020642201834862386
0 0.7667731629392971 0.6869266055045872 0.05591054313099041 0.10550458715596331
0 0.805111821086262 0.6594036697247706 0.05910543130990415 0.07568807339449542
1 0.5095846645367412 0.19724770642201836 0.08306709265175719 0.09862385321100918
1 0.43450479233226835 0.7362385321100917 0.054313099041533544 0.0963302752293578
1 0.46405750798722045 0.8188073394495413 0.06230031948881789 0.08486238532110092
1 0.7244408945686901 0.893348623853211 0.07348242811501597 0.07339449541284404
1 0.8298722044728435 0.43922018348623854 0.05591054313099041 0.09403669724770643