0 0.40285714285714286 0.8869565217391304 0.05285714285714286 0.0782608695652174
0 0.2935714285714286 0.775 0.06714285714285714 0.15
0 0.2664285714285714 0.6847826086956522 0.045714285714285714 0.08043478260869565
0 0.4492857142857143 0.5347826086956522 0.03428571428571429 0.1
0 0.7314285714285714 0.8293478260869566 0.05714285714285714 0.07391304347826087
0 0.7357142857142858 0.7684782608695652 0.07142857142857142 0.06521739130434782
0 0.7328571428571429 0.5 0.06428571428571428 0.08695652173913043
0 0.5185714285714286 0.17065217391304346 0.07142857142857142 0.09782608695652174
0 0.24142857142857144 0.3630434782608696 0.06714285714285714 0.11739130434782609
0 0.19 0.1793478260869565 0.07 0.09130434782608696
0 0.7492857142857143 0.14021739130434782 0.06285714285714286 0.10217391304347827
0 0.665 0.39456521739130435 0.08 0.10652173913043478
1 0.525 0.03152173913043478 0.06428571428571428 0.06304347826086956
1 0.5914285714285714 0.04891304347826087 0.07428571428571429 0.09782608695652174
1 0.6728571428571428 0.1 0.054285714285714284 0.10434782608695652
1 0.7121428571428572 0.175 0.07428571428571429 0.11521739130434783
1 0.7 0.5271739130434783 0.06285714285714286 0.07608695652173914
1 0.6242857142857143 0.5836956521739131 0.06857142857142857 0.08260869565217391
1 0.5035714285714286 0.7380434782608696 0.05 0.08478260869565217
1 0.4471428571428571 0.7934782608695652 0.05714285714285714 0.08695652173913043
1 0.365 0.5010869565217392 0.08714285714285715 0.12608695652173912
1 0.23285714285714285 0.4956521739130435 0.05857142857142857 0.08043478260869565
1 0.4142857142857143 0.9576086956521739 0.054285714285714284 0.08478260869565217
1 0.605 0.4489130434782609 0.06714285714285714 0.11304347826086956
1 0.3578571428571429 0.06304347826086956 0.07285714285714286 0.09565217391304348