0 0.6745152354570637 0.8105726872246696 0.08033240997229917 0.12334801762114538
0 0.5547091412742382 0.6696035242290749 0.08310249307479224 0.1343612334801762
0 0.5380886426592798 0.22687224669603523 0.07340720221606649 0.1343612334801762
0 0.38573407202216065 0.5286343612334802 0.08448753462603878 0.1299559471365639
0 0.23407202216066483 0.43612334801762115 0.0817174515235457 0.14977973568281938
0 0.18490304709141275 0.5638766519823789 0.08725761772853186 0.15859030837004406
0 0.4134349030470914 0.9416299559471366 0.060941828254847646 0.07709251101321586
1 0.5637119113573407 0.9691629955947136 0.0664819944598338 0.06167400881057269
1 0.45429362880886426 0.8799559471365639 0.07756232686980609 0.11013215859030837
1 0.29916897506925205 0.7995594713656388 0.0817174515235457 0.13215859030837004
1 0.25069252077562326 0.6993392070484582 0.07756232686980609 0.1299559471365639
1 0.40650969529085873 0.08149779735682819 0.06509695290858726 0.11674008810572688