0 0.581081081081081 0.15073529411764705 0.07807807807807808 0.14460784313725492
0 0.6486486486486487 0.07107843137254902 0.07507507507507508 0.09313725490196079
0 0.9361861861861862 0.18995098039215685 0.05855855855855856 0.1323529411764706
0 0.984984984984985 0.38848039215686275 0.03003003003003003 0.11519607843137254
0 0.960960960960961 0.4019607843137255 0.07807807807807808 0.11764705882352941
0 0.6996996996996997 0.9056372549019608 0.07507507507507508 0.13480392156862744
0 0.6381381381381381 0.4742647058823529 0.07057057057057058 0.13480392156862744
0 0.6351351351351351 0.3137254901960784 0.06906906906906907 0.12745098039215685
0 0.5007507507507507 0.7169117647058824 0.06006006006006006 0.12990196078431374
0 0.44144144144144143 0.9093137254901961 0.05405405405405406 0.1053921568627451
0 0.14714714714714713 0.7463235294117647 0.042042042042042045 0.10049019607843138
0 0.08258258258258258 0.7279411764705882 0.05555555555555555 0.09558823529411764
1 0.012762762762762763 0.6642156862745098 0.025525525525525526 0.08333333333333333
1 0.18393393393393392 0.33700980392156865 0.04054054054054054 0.06862745098039216
1 0.23573573573573572 0.39828431372549017 0.07207207207207207 0.08333333333333333
1 0.3355855855855856 0.41911764705882354 0.07507507507507508 0.07107843137254902
1 0.44069069069069067 0.4632352941176471 0.07507507507507508 0.09068627450980392
1 0.2882882882882883 0.696078431372549 0.06756756756756757 0.11519607843137254
1 0.22447447447447447 0.7671568627450981 0.05105105105105105 0.10294117647058823
1 0.27852852852852855 0.8002450980392157 0.06306306306306306 0.1053921568627451
1 0.8746246246246246 0.4681372549019608 0.06306306306306306 0.14705882352941177
1 0.8768768768768769 0.31862745098039214 0.08408408408408409 0.14950980392156862
1 0.7282282282282282 0.19362745098039216 0.06756756756756757 0.12990196078431374
1 0.9009009009009009 0.09436274509803921 0.057057057057057055 0.0857843137254902
1 0.9857357357357357 0.10784313725490197 0.028528528528528527 0.0784313725490196
1 0.9354354354354354 0.803921568627451 0.09009009009009009 0.10784313725490197
1 0.7507507507507507 0.5502450980392157 0.04354354354354354 0.08823529411764706