0 0.5243055555555556 0.20180722891566266 0.05138888888888889 0.09437751004016064
0 0.75625 0.3895582329317269 0.044444444444444446 0.08835341365461848
0 0.8284722222222223 0.27710843373493976 0.04722222222222222 0.07028112449799197
0 0.9479166666666666 0.3112449799196787 0.0375 0.05823293172690763
0 0.7020833333333333 0.7399598393574297 0.058333333333333334 0.08835341365461848
0 0.7916666666666666 0.7961847389558233 0.04583333333333333 0.04216867469879518
0 0.8277777777777777 0.7590361445783133 0.044444444444444446 0.05220883534136546
0 0.8458333333333333 0.7941767068273092 0.04027777777777778 0.04819277108433735
0 0.8736111111111111 0.8082329317269076 0.043055555555555555 0.06626506024096386
0 0.9659722222222222 0.8182730923694779 0.04027777777777778 0.04417670682730924
1 0.7055555555555556 0.21987951807228914 0.04861111111111111 0.08835341365461848
1 0.9083333333333333 0.286144578313253 0.05694444444444444 0.060240963855421686
1 0.9173611111111111 0.3453815261044177 0.03888888888888889 0.03614457831325301
1 0.9743055555555555 0.5311244979919679 0.04027777777777778 0.05622489959839357
1 0.7840277777777778 0.4899598393574297 0.07083333333333333 0.07630522088353414
1 0.8486111111111111 0.5381526104417671 0.058333333333333334 0.06224899598393574
1 0.8986111111111111 0.5512048192771084 0.04722222222222222 0.07228915662650602
1 0.9277777777777778 0.6204819277108434 0.043055555555555555 0.06626506024096386
1 0.9694444444444444 0.6566265060240963 0.05555555555555555 0.06224899598393574
1 0.9347222222222222 0.7941767068273092 0.034722222222222224 0.08032128514056225