0 0.7166123778501629 0.6869158878504673 0.06188925081433225 0.0794392523364486
0 0.502442996742671 0.5280373831775701 0.0732899022801303 0.08411214953271028
0 0.33957654723127034 0.6203271028037384 0.05211726384364821 0.07710280373831775
0 0.3004885993485342 0.04322429906542056 0.05537459283387622 0.0794392523364486
0 0.40879478827361565 0.16238317757009346 0.06351791530944625 0.10514018691588785
1 0.6156351791530945 0.9380841121495327 0.07166123778501629 0.10514018691588785
1 0.19462540716612378 0.8341121495327103 0.08794788273615635 0.11214953271028037
1 0.6034201954397395 0.27920560747663553 0.050488599348534204 0.0794392523364486
1 0.6294788273615635 0.0689252336448598 0.06514657980456026 0.10747663551401869
1 0.38436482084690554 0.01985981308411215 0.06840390879478828 0.0397196261682243
1 0.26384364820846906 0.2838785046728972 0.07003257328990228 0.102803738317757