0 0.7555555555555555 0.22926267281105991 0.08095238095238096 0.059907834101382486
0 0.6682539682539682 0.20046082949308755 0.08253968253968254 0.07834101382488479
0 0.3547619047619048 0.0587557603686636 0.12857142857142856 0.1175115207373272
0 0.10238095238095238 0.020737327188940093 0.08412698412698413 0.041474654377880185
0 0.19523809523809524 0.20506912442396313 0.07936507936507936 0.16589861751152074
0 0.26904761904761904 0.4274193548387097 0.07777777777777778 0.14285714285714285
0 0.2357142857142857 0.4815668202764977 0.08571428571428572 0.1336405529953917
0 0.9547619047619048 0.9147465437788018 0.03015873015873016 0.08064516129032258
0 0.21746031746031746 0.8099078341013825 0.05873015873015873 0.12672811059907835
0 0.17539682539682538 0.8951612903225806 0.10317460317460317 0.1175115207373272
1 0.8753968253968254 0.9285714285714286 0.05396825396825397 0.07373271889400922
1 0.8214285714285714 0.4769585253456221 0.08412698412698413 0.07603686635944701
1 0.7388888888888889 0.5311059907834101 0.08888888888888889 0.08755760368663594
1 0.30873015873015874 0.4423963133640553 0.06666666666666667 0.11059907834101383
1 0.2865079365079365 0.24539170506912442 0.09206349206349207 0.1359447004608295
1 0.046825396825396826 0.23847926267281105 0.06666666666666667 0.12903225806451613
1 0.01904761904761905 0.5668202764976958 0.0380952380952381 0.10138248847926268