0 0.8588709677419355 0.3051643192488263 0.10483870967741936 0.11267605633802817
0 0.5685483870967742 0.2605633802816901 0.1 0.12441314553990611
0 0.3879032258064516 0.19718309859154928 0.08548387096774193 0.14553990610328638
0 0.21854838709677418 0.5293427230046949 0.09838709677419355 0.1572769953051643
0 0.1346774193548387 0.755868544600939 0.1032258064516129 0.16901408450704225
0 0.20806451612903226 0.8204225352112676 0.11451612903225807 0.14084507042253522
0 0.31290322580645163 0.8967136150234741 0.10967741935483871 0.11267605633802817
0 0.6290322580645161 0.9330985915492958 0.1064516129032258 0.13380281690140844
0 0.6991935483870968 0.9577464788732394 0.09838709677419355 0.08450704225352113
1 0.5403225806451613 0.03169014084507042 0.07419354838709677 0.06338028169014084
1 0.8064516129032258 0.5481220657276995 0.08709677419354839 0.11267605633802817
1 0.5298387096774193 0.33215962441314556 0.08225806451612903 0.14084507042253522
1 0.2967741935483871 0.8767605633802817 0.10161290322580645 0.12441314553990611