0 0.1282608695652174 0.07247899159663866 0.07391304347826087 0.09873949579831932
0 0.010869565217391304 0.5357142857142857 0.021739130434782608 0.08823529411764706
0 0.01884057971014493 0.5483193277310925 0.03768115942028986 0.08823529411764706
0 0.17681159420289855 0.4894957983193277 0.059420289855072465 0.12394957983193278
0 0.1746376811594203 0.625 0.07971014492753623 0.09873949579831932
0 0.23115942028985506 0.6701680672268907 0.08550724637681159 0.09033613445378151
0 0.2956521739130435 0.15861344537815125 0.07971014492753623 0.11974789915966387
0 0.29347826086956524 0.1134453781512605 0.06231884057971015 0.10084033613445378
0 0.21666666666666667 0.13655462184873948 0.07391304347826087 0.10504201680672269
1 0.04710144927536232 0.32563025210084034 0.05652173913043478 0.07983193277310924
1 0.06304347826086956 0.28256302521008403 0.06811594202898551 0.09033613445378151
1 0.15 0.3277310924369748 0.06811594202898551 0.0861344537815126
1 0.15217391304347827 0.23844537815126052 0.07101449275362319 0.09873949579831932
1 0.24420289855072463 0.40021008403361347 0.06521739130434782 0.08823529411764706
1 0.2855072463768116 0.453781512605042 0.0927536231884058 0.12815126050420167
1 0.0927536231884058 0.6081932773109243 0.06666666666666667 0.09873949579831932