0 0.7728706624605678 0.25229357798165136 0.08675078864353312 0.12844036697247707
0 0.7570977917981072 0.3658256880733945 0.06782334384858044 0.09862385321100918
0 0.7350157728706624 0.4610091743119266 0.07728706624605679 0.11467889908256881
0 0.4242902208201893 0.04128440366972477 0.0946372239747634 0.08256880733944955
0 0.25709779179810727 0.6777522935779816 0.11829652996845426 0.16055045871559634
0 0.2555205047318612 0.6330275229357798 0.11514195583596215 0.16055045871559634
0 0.47791798107255523 0.9839449541284404 0.11041009463722397 0.03211009174311927
1 0.6246056782334385 0.21674311926605505 0.08201892744479496 0.12385321100917432
1 0.5906940063091483 0.3130733944954128 0.0804416403785489 0.12385321100917432
1 0.24684542586750788 0.24311926605504589 0.08832807570977919 0.12155963302752294
1 0.19400630914826497 0.33715596330275227 0.0804416403785489 0.11926605504587157