0 0.8202614379084967 0.5895522388059702 0.06372549019607843 0.12437810945273632
0 0.8382352941176471 0.7736318407960199 0.0718954248366013 0.09950248756218906
0 0.625 0.7064676616915423 0.119281045751634 0.11940298507462686
0 0.5465686274509803 0.9427860696517413 0.09640522875816994 0.11442786069651742
0 0.3570261437908497 0.8955223880597015 0.07516339869281045 0.12686567164179105
0 0.21486928104575165 0.681592039800995 0.06045751633986928 0.1044776119402985
0 0.19526143790849673 0.35074626865671643 0.08006535947712418 0.12935323383084577
0 0.2222222222222222 0.2960199004975124 0.06372549019607843 0.11691542288557213
0 0.352124183006536 0.07711442786069651 0.07352941176470588 0.10199004975124377
1 0.25326797385620914 0.6318407960199005 0.0784313725490196 0.09950248756218906
1 0.2687908496732026 0.9751243781094527 0.08660130718954248 0.04975124378109453
1 0.3300653594771242 0.9813432835820896 0.06209150326797386 0.03731343283582089
1 0.7761437908496732 0.31467661691542287 0.07679738562091504 0.09701492537313433
1 0.5808823529411765 0.07711442786069651 0.08660130718954248 0.13930348258706468
1 0.33578431372549017 0.7114427860696517 0.08169934640522876 0.13681592039800994