0 0.18908227848101267 0.5378787878787878 0.08544303797468354 0.11038961038961038
0 0.15664556962025317 0.5833333333333334 0.08544303797468354 0.13203463203463203
0 0.17721518987341772 0.6634199134199135 0.06962025316455696 0.09523809523809523
0 0.6621835443037974 0.3777056277056277 0.08227848101265822 0.11471861471861472
0 0.6083860759493671 0.4036796536796537 0.09968354430379747 0.1341991341991342
0 0.8164556962025317 0.7023809523809523 0.08227848101265822 0.09956709956709957
0 0.40585443037974683 0.9545454545454546 0.0680379746835443 0.09090909090909091
0 0.3575949367088608 0.8863636363636364 0.061708860759493674 0.10822510822510822
1 0.03955696202531646 0.3246753246753247 0.06645569620253164 0.08658008658008658
1 0.3235759493670886 0.7229437229437229 0.08069620253164557 0.09740259740259741
1 0.28639240506329117 0.8225108225108225 0.08386075949367089 0.09956709956709957
1 0.44936708860759494 0.7857142857142857 0.07436708860759493 0.1038961038961039
1 0.5506329113924051 0.8982683982683982 0.08069620253164557 0.12337662337662338
1 0.7112341772151899 0.6396103896103896 0.08544303797468354 0.11471861471861472
1 0.5632911392405063 0.11038961038961038 0.08702531645569621 0.11255411255411256
1 0.757120253164557 0.538961038961039 0.06487341772151899 0.08658008658008658