0 0.23237179487179488 0.22300469483568075 0.07852564102564102 0.11267605633802817
0 0.39503205128205127 0.025821596244131457 0.06891025641025642 0.051643192488262914
0 0.48717948717948717 0.036384976525821594 0.0673076923076923 0.07276995305164319
0 0.6121794871794872 0.21244131455399062 0.09775641025641026 0.15023474178403756
0 0.9302884615384616 0.3591549295774648 0.09455128205128205 0.13380281690140844
0 0.7395833333333334 0.21830985915492956 0.07532051282051282 0.09859154929577464
0 0.59375 0.357981220657277 0.09615384615384616 0.16666666666666666
0 0.8461538461538461 0.7136150234741784 0.08493589743589744 0.1431924882629108
0 0.6594551282051282 0.954225352112676 0.08814102564102565 0.09154929577464789
0 0.5120192307692307 0.812206572769953 0.09775641025641026 0.15492957746478872
0 0.5264423076923077 0.6572769953051644 0.09775641025641026 0.15258215962441316
0 0.0889423076923077 0.568075117370892 0.0673076923076923 0.08450704225352113
1 0.16907051282051283 0.03286384976525822 0.0625 0.06572769953051644
1 0.2980769230769231 0.023474178403755867 0.0673076923076923 0.046948356807511735
1 0.14743589743589744 0.3474178403755869 0.0625 0.0892018779342723
1 0.18830128205128205 0.3955399061032864 0.07371794871794872 0.09624413145539906
1 0.3213141025641026 0.41784037558685444 0.07051282051282051 0.08685446009389672
1 0.38221153846153844 0.45774647887323944 0.08974358974358974 0.11971830985915492
1 0.5072115384615384 0.1772300469483568 0.08012820512820513 0.13145539906103287
1 0.6610576923076923 0.11971830985915492 0.08493589743589744 0.11267605633802817
1 0.7267628205128205 0.12323943661971831 0.07852564102564102 0.08685446009389672
1 0.9783653846153846 0.30985915492957744 0.04326923076923077 0.107981220657277
1 0.9006410256410257 0.460093896713615 0.08814102564102565 0.14084507042253522
1 0.7916666666666666 0.4084507042253521 0.08653846153846154 0.14084507042253522
1 0.8277243589743589 0.5657276995305164 0.10897435897435898 0.15492957746478872
1 0.6346153846153846 0.5751173708920188 0.09134615384615384 0.14084507042253522
1 0.7387820512820513 0.7711267605633803 0.06891025641025642 0.11971830985915492
1 0.7363782051282052 0.8990610328638498 0.08653846153846154 0.12910798122065728
1 0.8597756410256411 0.926056338028169 0.08333333333333333 0.12910798122065728