0 0.6421568627450981 0.07777777777777778 0.07142857142857142 0.09777777777777778
0 0.5273109243697479 0.13666666666666666 0.056022408963585436 0.09555555555555556
0 0.5049019607843137 0.31 0.047619047619047616 0.10666666666666667
0 0.8592436974789915 0.16 0.07142857142857142 0.07111111111111111
0 0.9607843137254902 0.6633333333333333 0.05742296918767507 0.07333333333333333
0 0.915266106442577 0.7344444444444445 0.0700280112044818 0.06888888888888889
0 0.7247899159663865 0.7422222222222222 0.05742296918767507 0.10666666666666667
0 0.5294117647058824 0.8422222222222222 0.06022408963585434 0.12
0 0.6820728291316527 0.92 0.07563025210084033 0.1111111111111111
1 0.8711484593837535 0.07666666666666666 0.07983193277310924 0.09333333333333334
1 0.9117647058823529 0.18888888888888888 0.0700280112044818 0.07777777777777778
1 0.7247899159663865 0.20555555555555555 0.05742296918767507 0.1288888888888889
1 0.7086834733893558 0.33444444444444443 0.06442577030812324 0.12222222222222222
1 0.7478991596638656 0.4122222222222222 0.056022408963585436 0.08888888888888889
1 0.8781512605042017 0.2633333333333333 0.07983193277310924 0.06888888888888889
1 0.9551820728291317 0.2811111111111111 0.0546218487394958 0.08222222222222222
1 0.8704481792717087 0.47888888888888886 0.06302521008403361 0.08666666666666667
1 0.8991596638655462 0.8311111111111111 0.05322128851540616 0.10444444444444445
1 0.8739495798319328 0.9066666666666666 0.06442577030812324 0.08666666666666667
1 0.7002801120448179 0.7144444444444444 0.06162464985994398 0.13333333333333333