0 0.9887640449438202 0.14176829268292682 0.02247191011235955 0.0701219512195122
0 0.9794007490636704 0.17073170731707318 0.04119850187265917 0.06097560975609756
0 0.9382022471910112 0.1600609756097561 0.056179775280898875 0.0701219512195122
0 0.9662921348314607 0.06707317073170732 0.056179775280898875 0.07926829268292683
0 0.33614232209737827 0.11128048780487805 0.07677902621722846 0.10670731707317073
0 0.9859550561797753 0.8902439024390244 0.028089887640449437 0.054878048780487805
0 0.2705992509363296 0.8948170731707317 0.09550561797752809 0.14939024390243902
1 0.7434456928838952 0.04878048780487805 0.07116104868913857 0.0975609756097561
1 0.8614232209737828 0.08536585365853659 0.04868913857677903 0.12195121951219512
1 0.9344569288389513 0.4176829268292683 0.06367041198501873 0.07317073170731707
1 0.9794007490636704 0.4481707317073171 0.04119850187265917 0.07926829268292683
1 0.5720973782771536 0.013719512195121951 0.07303370786516854 0.027439024390243903
1 0.598314606741573 0.5929878048780488 0.09550561797752809 0.11280487804878049
1 0.7799625468164794 0.6280487804878049 0.07303370786516854 0.0975609756097561
1 0.852996254681648 0.5594512195121951 0.07303370786516854 0.10670731707317073
1 0.954119850187266 0.7789634146341463 0.06179775280898876 0.10060975609756098