0 0.5686619718309859 0.9639175257731959 0.04929577464788732 0.07216494845360824
0 0.7790492957746479 0.8260309278350515 0.06690140845070422 0.07731958762886598
0 0.8160211267605634 0.6275773195876289 0.04929577464788732 0.07474226804123711
0 0.6848591549295775 0.41237113402061853 0.07746478873239436 0.08505154639175258
0 0.7913732394366197 0.024484536082474227 0.04753521126760563 0.03350515463917526
0 0.26936619718309857 0.3015463917525773 0.09859154929577464 0.13917525773195877
0 0.36795774647887325 0.3492268041237113 0.08626760563380281 0.12628865979381443
0 0.625 0.34536082474226804 0.0721830985915493 0.12628865979381443
1 0.761443661971831 0.9471649484536082 0.045774647887323945 0.09278350515463918
1 0.7315140845070423 0.5927835051546392 0.0897887323943662 0.11855670103092783
1 0.8125 0.32216494845360827 0.06338028169014084 0.11597938144329897
1 0.8036971830985915 0.14948453608247422 0.07922535211267606 0.11082474226804123
1 0.8301056338028169 0.04639175257731959 0.035211267605633804 0.07731958762886598
1 0.6558098591549296 0.055412371134020616 0.06338028169014084 0.10051546391752578
1 0.40492957746478875 0.037371134020618556 0.08098591549295775 0.07474226804123711
1 0.4709507042253521 0.5231958762886598 0.06690140845070422 0.12886597938144329
1 0.5352112676056338 0.6817010309278351 0.06866197183098592 0.11082474226804123
1 0.488556338028169 0.7873711340206185 0.06338028169014084 0.0979381443298969
1 0.4762323943661972 0.8801546391752577 0.040492957746478875 0.09020618556701031