0 0.8015988372093024 0.5249003984063745 0.07412790697674419 0.10557768924302789
0 0.7768895348837209 0.6693227091633466 0.07267441860465117 0.11952191235059761
0 0.44040697674418605 0.5318725099601593 0.0872093023255814 0.13346613545816732
0 0.2936046511627907 0.3396414342629482 0.10755813953488372 0.13745019920318724
0 0.1511627906976744 0.7460159362549801 0.059593023255813955 0.061752988047808766
0 0.6061046511627907 0.8396414342629482 0.05232558139534884 0.08964143426294821
0 0.563953488372093 0.9083665338645418 0.055232558139534885 0.08366533864541832
1 0.877906976744186 0.28087649402390436 0.06395348837209303 0.08167330677290836
1 0.6424418604651163 0.2848605577689243 0.08430232558139535 0.09760956175298804
1 0.657703488372093 0.5507968127490039 0.07412790697674419 0.09760956175298804
1 0.622093023255814 0.5806772908366534 0.07412790697674419 0.10557768924302789
1 0.26671511627906974 0.5657370517928287 0.06976744186046512 0.08964143426294821
1 0.48401162790697677 0.7948207171314741 0.07267441860465117 0.099601593625498
1 0.43459302325581395 0.8725099601593626 0.07122093023255814 0.099601593625498
1 0.21656976744186046 0.6952191235059761 0.059593023255813955 0.08167330677290836