0 0.13381410256410256 0.29767441860465116 0.060897435897435896 0.08139534883720931
0 0.5048076923076923 0.044186046511627906 0.10576923076923077 0.08837209302325581
0 0.7740384615384616 0.3116279069767442 0.08173076923076923 0.14418604651162792
0 0.391025641025641 0.7883720930232558 0.05608974358974359 0.13023255813953488
0 0.359775641025641 0.8430232558139535 0.0625 0.05813953488372093
0 0.296474358974359 0.8558139534883721 0.07532051282051282 0.06511627906976744
0 0.21394230769230768 0.9267441860465117 0.04326923076923077 0.05116279069767442
0 0.18269230769230768 0.8976744186046511 0.05608974358974359 0.07906976744186046
0 0.15224358974358973 0.9302325581395349 0.05128205128205128 0.06279069767441861
0 0.13221153846153846 0.9430232558139535 0.05448717948717949 0.08372093023255814
1 0.04567307692307692 0.4697674418604651 0.05128205128205128 0.07906976744186046
1 0.20112179487179488 0.6313953488372093 0.08493589743589744 0.10697674418604651
1 0.08173076923076923 0.6627906976744186 0.057692307692307696 0.08837209302325581
1 0.05608974358974359 0.7104651162790697 0.038461538461538464 0.06046511627906977
1 0.05128205128205128 0.7906976744186046 0.04807692307692308 0.08372093023255814
1 0.30689102564102566 0.5616279069767441 0.07371794871794872 0.10930232558139535
1 0.43990384615384615 0.5267441860465116 0.08493589743589744 0.11162790697674418
1 0.4879807692307692 0.4418604651162791 0.08493589743589744 0.1511627906976744
1 0.7307692307692307 0.07325581395348837 0.07051282051282051 0.14651162790697675