0 0.5854838709677419 0.029205607476635514 0.06774193548387097 0.05841121495327103
0 0.7467741935483871 0.34813084112149534 0.10483870967741936 0.13317757009345793
0 0.7830645161290323 0.4135514018691589 0.11774193548387096 0.14018691588785046
0 0.21854838709677418 0.3212616822429907 0.07258064516129033 0.13317757009345793
0 0.26048387096774195 0.41939252336448596 0.09516129032258064 0.1588785046728972
1 0.9008064516129032 0.7313084112149533 0.11612903225806452 0.1261682242990654
1 0.6370967741935484 0.125 0.1032258064516129 0.12149532710280374
1 0.3370967741935484 0.07009345794392523 0.056451612903225805 0.053738317757009345
1 0.3524193548387097 0.16004672897196262 0.0935483870967742 0.14953271028037382
1 0.41935483870967744 0.30257009345794394 0.09032258064516129 0.1588785046728972
1 0.2629032258064516 0.16004672897196262 0.08225806451612903 0.10981308411214953
1 0.1774193548387097 0.2044392523364486 0.06612903225806452 0.08177570093457943