0 0.2482394366197183 0.9663461538461539 0.09507042253521127 0.040865384615384616
0 0.3028169014084507 0.8064903846153846 0.08626760563380281 0.12980769230769232
0 0.36883802816901406 0.2824519230769231 0.07394366197183098 0.10817307692307693
0 0.3107394366197183 0.15625 0.035211267605633804 0.11298076923076923
0 0.335387323943662 0.04567307692307692 0.040492957746478875 0.09134615384615384
0 0.8415492957746479 0.04447115384615385 0.07570422535211267 0.04567307692307692
1 0.20598591549295775 0.8197115384615384 0.08450704225352113 0.11298076923076923
1 0.39524647887323944 0.7884615384615384 0.0721830985915493 0.1346153846153846
1 0.22007042253521128 0.48677884615384615 0.06690140845070422 0.10096153846153846
1 0.22095070422535212 0.41225961538461536 0.07042253521126761 0.07692307692307693
1 0.5008802816901409 0.140625 0.06514084507042253 0.10336538461538461
1 0.5052816901408451 0.03485576923076923 0.06338028169014084 0.06971153846153846
1 0.8248239436619719 0.27283653846153844 0.0721830985915493 0.09134615384615384