0 0.26454545454545453 0.8214285714285714 0.09636363636363636 0.15178571428571427
0 0.20272727272727273 0.6339285714285714 0.06727272727272728 0.13690476190476192
0 0.43454545454545457 0.6324404761904762 0.10363636363636364 0.14285714285714285
0 0.5181818181818182 0.6979166666666666 0.08727272727272728 0.15178571428571427
0 0.6618181818181819 0.4107142857142857 0.07454545454545454 0.13095238095238096
0 0.7872727272727272 0.6413690476190477 0.02727272727272727 0.125
0 0.7509090909090909 0.5476190476190477 0.06727272727272728 0.12202380952380952
0 0.7009090909090909 0.9866071428571429 0.06 0.026785714285714284
0 0.5681818181818182 0.6651785714285714 0.09636363636363636 0.13095238095238096
0 0.7072727272727273 0.4880952380952381 0.056363636363636366 0.12797619047619047
1 0.28454545454545455 0.9315476190476191 0.08 0.047619047619047616
1 0.3618181818181818 0.5491071428571429 0.08363636363636363 0.1636904761904762
1 0.47363636363636363 0.9821428571428571 0.08545454545454545 0.03571428571428571
1 0.6136363636363636 0.9836309523809523 0.0890909090909091 0.03273809523809524
1 0.639090909090909 0.6800595238095238 0.07636363636363637 0.15476190476190477
1 0.7618181818181818 0.17857142857142858 0.07272727272727272 0.11904761904761904
1 0.7654545454545455 0.40922619047619047 0.07636363636363637 0.11607142857142858
1 0.7127272727272728 0.7991071428571429 0.08545454545454545 0.15773809523809523
1 0.7 0.6815476190476191 0.056363636363636366 0.10714285714285714