0 0.9602102102102102 0.7469262295081968 0.03153153153153153 0.11270491803278689
0 0.3536036036036036 0.8135245901639344 0.05855855855855856 0.10245901639344263
0 0.1981981981981982 0.7581967213114754 0.04354354354354354 0.08811475409836066
0 0.4527027027027027 0.07684426229508197 0.07057057057057058 0.06967213114754098
0 0.3430930930930931 0.1762295081967213 0.06756756756756757 0.04918032786885246
0 0.265015015015015 0.17930327868852458 0.06906906906906907 0.045081967213114756
0 0.5758258258258259 0.16086065573770492 0.07207207207207207 0.0942622950819672
0 0.6959459459459459 0.11168032786885246 0.0960960960960961 0.0942622950819672
0 0.771021021021021 0.11270491803278689 0.1036036036036036 0.10450819672131148
0 0.8828828828828829 0.3514344262295082 0.07057057057057058 0.11475409836065574
0 0.9744744744744744 0.17315573770491804 0.05105105105105105 0.08401639344262295
1 0.9504504504504504 0.4344262295081967 0.06306306306306306 0.0860655737704918
1 0.8873873873873874 0.1290983606557377 0.06006006006006006 0.0778688524590164
1 0.8355855855855856 0.3831967213114754 0.06606606606606606 0.10245901639344263
1 0.7154654654654654 0.3944672131147541 0.09309309309309309 0.0860655737704918
1 0.5990990990990991 0.3985655737704918 0.07057057057057058 0.08196721311475409
1 0.8393393393393394 0.6915983606557377 0.05855855855855856 0.09016393442622951
1 0.545045045045045 0.8370901639344263 0.05855855855855856 0.10245901639344263
1 0.41366366366366364 0.2551229508196721 0.07057057057057058 0.0860655737704918
1 0.30105105105105107 0.36475409836065575 0.06306306306306306 0.10245901639344263
1 0.24024024024024024 0.3555327868852459 0.057057057057057055 0.07172131147540983
1 0.3333333333333333 0.7786885245901639 0.06156156156156156 0.06967213114754098