0 0.18137254901960784 0.2833333333333333 0.07679738562091504 0.08095238095238096
0 0.25326797385620914 0.23214285714285715 0.08496732026143791 0.09047619047619047
0 0.1895424836601307 0.638095238095238 0.08986928104575163 0.1523809523809524
0 0.4207516339869281 0.7595238095238095 0.10620915032679738 0.14761904761904762
0 0.28022875816993464 0.9404761904761905 0.08333333333333333 0.11904761904761904
0 0.7058823529411765 0.6261904761904762 0.08660130718954248 0.2
0 0.9444444444444444 0.2988095238095238 0.08823529411764706 0.14523809523809525
0 0.6633986928104575 0.07976190476190476 0.09803921568627451 0.1595238095238095
1 0.2173202614379085 0.5369047619047619 0.08169934640522876 0.08571428571428572
1 0.3137254901960784 0.4880952380952381 0.08823529411764706 0.09047619047619047
1 0.37173202614379086 0.7 0.06535947712418301 0.11666666666666667
1 0.22140522875816993 0.8035714285714286 0.058823529411764705 0.12857142857142856
1 0.48447712418300654 0.9095238095238095 0.07352941176470588 0.11904761904761904
1 0.7663398692810458 0.8511904761904762 0.07516339869281045 0.12142857142857143
1 0.940359477124183 0.47619047619047616 0.0784313725490196 0.14761904761904762
1 0.9926470588235294 0.6535714285714286 0.014705882352941176 0.0880952380952381