0 0.28591160220994477 0.013 0.04696132596685083 0.026
0 0.305939226519337 0.034 0.05662983425414365 0.068
0 0.36671270718232046 0.051 0.062154696132596686 0.096
0 0.6035911602209945 0.201 0.0718232044198895 0.11
0 0.6415745856353591 0.58 0.0856353591160221 0.116
0 0.2154696132596685 0.555 0.062154696132596686 0.08
0 0.17541436464088397 0.504 0.058011049723756904 0.076
0 0.07734806629834254 0.412 0.062154696132596686 0.094
1 0.10497237569060773 0.154 0.04281767955801105 0.058
1 0.1132596685082873 0.166 0.04419889502762431 0.066
1 0.1298342541436464 0.196 0.06629834254143646 0.104
1 0.17403314917127072 0.175 0.04696132596685083 0.066
1 0.1643646408839779 0.13 0.04143646408839779 0.06
1 0.20234806629834254 0.216 0.06906077348066299 0.102
1 0.2575966850828729 0.3 0.07044198895027624 0.098
1 0.023480662983425413 0.345 0.04696132596685083 0.086
1 0.3266574585635359 0.38 0.08701657458563536 0.118
1 0.494475138121547 0.158 0.08011049723756906 0.124
1 0.7085635359116023 0.396 0.08839779005524862 0.13
1 0.43162983425414364 0.64 0.08425414364640885 0.12