0 0.4435933147632312 0.9612831858407079 0.057103064066852366 0.06858407079646017
0 0.2520891364902507 0.7323008849557522 0.0403899721448468 0.08849557522123894
0 0.22841225626740946 0.4856194690265487 0.04874651810584958 0.11283185840707964
0 0.22353760445682452 0.39601769911504425 0.06128133704735376 0.07964601769911504
0 0.2590529247910863 0.42367256637168144 0.04735376044568245 0.11061946902654868
0 0.21309192200557103 0.046460176991150445 0.03899721448467967 0.07743362831858407
0 0.30013927576601673 0.03761061946902655 0.054317548746518104 0.06637168141592921
0 0.754874651810585 0.20243362831858408 0.052924791086350974 0.10619469026548672
0 0.7270194986072424 0.3230088495575221 0.05013927576601671 0.09955752212389381
1 0.3008356545961003 0.9070796460176991 0.04596100278551532 0.08849557522123894
1 0.4129526462395543 0.7599557522123894 0.07242339832869081 0.09292035398230089
1 0.5452646239554317 0.9103982300884956 0.05013927576601671 0.08628318584070796
1 0.2764623955431755 0.7035398230088495 0.054317548746518104 0.09070796460176991
1 0.31058495821727017 0.20353982300884957 0.06406685236768803 0.08849557522123894
1 0.3683844011142061 0.1504424778761062 0.052924791086350974 0.06637168141592921
1 0.5125348189415042 0.14380530973451328 0.06128133704735376 0.06415929203539823
1 0.612116991643454 0.08849557522123894 0.07242339832869081 0.12831858407079647
1 0.47075208913649025 0.017699115044247787 0.03899721448467967 0.033185840707964605