0 0.9206642066420664 0.42803030303030304 0.1070110701107011 0.15404040404040403
0 0.966789667896679 0.24621212121212122 0.03690036900369004 0.10606060606060606
0 0.5424354243542435 0.07323232323232323 0.07933579335793357 0.13131313131313133
0 0.20756457564575645 0.5643939393939394 0.08856088560885608 0.11868686868686869
0 0.1088560885608856 0.24116161616161616 0.06826568265682657 0.08333333333333333
0 0.03228782287822878 0.48863636363636365 0.06457564575645756 0.09848484848484848
1 0.7979704797047971 0.06313131313131314 0.06642066420664207 0.12373737373737374
1 0.21678966789667897 0.8522727272727273 0.07011070110701106 0.08333333333333333
1 0.07841328413284133 0.4166666666666667 0.06273062730627306 0.06313131313131314
1 0.0507380073800738 0.7752525252525253 0.06273062730627306 0.06313131313131314
1 0.016605166051660517 0.43813131313131315 0.033210332103321034 0.08333333333333333