0 0.07697947214076246 0.3270042194092827 0.06744868035190615 0.09282700421940929
0 0.21774193548387097 0.5770042194092827 0.06451612903225806 0.09282700421940929
0 0.1781524926686217 0.3755274261603376 0.08211143695014662 0.1350210970464135
0 0.39882697947214074 0.8154008438818565 0.05571847507331378 0.0949367088607595
0 0.436950146627566 0.8892405063291139 0.05571847507331378 0.08860759493670886
0 0.6224340175953079 0.6086497890295358 0.07771260997067449 0.12025316455696203
0 0.8093841642228738 0.5938818565400844 0.05571847507331378 0.06962025316455696
1 0.11510263929618768 0.3270042194092827 0.07038123167155426 0.10337552742616034
1 0.3775659824046921 0.3270042194092827 0.08504398826979472 0.1371308016877637
1 0.5777126099706745 0.016877637130801686 0.093841642228739 0.03375527426160337
1 0.7741935483870968 0.43248945147679324 0.07917888563049853 0.10970464135021098
1 0.7375366568914956 0.6761603375527426 0.06158357771260997 0.09282700421940929
1 0.5366568914956011 0.7710970464135021 0.0718475073313783 0.11392405063291139
1 0.5762463343108505 0.8343881856540084 0.07624633431085044 0.11392405063291139