0 0.7726628895184136 0.7788018433179723 0.056657223796033995 0.08986175115207373
0 0.6883852691218131 0.4930875576036866 0.0906515580736544 0.14516129032258066
0 0.6048158640226629 0.23732718894009217 0.09348441926345609 0.14285714285714285
0 0.4511331444759207 0.4873271889400922 0.06940509915014165 0.12672811059907835
0 0.2613314447592068 0.5 0.09348441926345609 0.15898617511520738
0 0.20113314447592068 0.5253456221198156 0.09490084985835694 0.14285714285714285
0 0.4192634560906516 0.04608294930875576 0.07932011331444759 0.09216589861751152
0 0.7195467422096318 0.22350230414746544 0.0764872521246459 0.12903225806451613
1 0.7386685552407932 0.7361751152073732 0.0764872521246459 0.10368663594470046
1 0.7471671388101983 0.3617511520737327 0.06657223796033994 0.11981566820276497
1 0.6359773371104815 0.3709677419354839 0.07932011331444759 0.1382488479262673
1 0.5637393767705382 0.04838709677419355 0.0906515580736544 0.0967741935483871
1 0.495042492917847 0.0944700460829493 0.07790368271954674 0.12442396313364056
1 0.363314447592068 0.097926267281106 0.08498583569405099 0.12672811059907835
1 0.36756373937677056 0.1728110599078341 0.09915014164305949 0.15668202764976957
1 0.2811614730878187 0.1923963133640553 0.08923512747875353 0.1382488479262673
1 0.35127478753541075 0.8237327188940092 0.06940509915014165 0.11290322580645161