0 0.08940972222222222 0.4537914691943128 0.0798611111111111 0.12796208530805686
0 0.12760416666666666 0.5438388625592417 0.08854166666666667 0.14218009478672985
0 0.22743055555555555 0.4703791469194313 0.11631944444444445 0.14218009478672985
0 0.5651041666666666 0.9170616113744076 0.10069444444444445 0.12322274881516587
0 0.3975694444444444 0.9549763033175356 0.06597222222222222 0.09004739336492891
0 0.7664930555555556 0.6729857819905213 0.09722222222222222 0.12796208530805686
1 0.4522569444444444 0.06753554502369669 0.109375 0.13507109004739337
1 0.16145833333333334 0.20734597156398105 0.0763888888888889 0.08293838862559241
1 0.2977430555555556 0.5616113744075829 0.08680555555555555 0.12796208530805686
1 0.5277777777777778 0.8720379146919431 0.08159722222222222 0.11848341232227488
1 0.6076388888888888 0.9656398104265402 0.0625 0.06872037914691943
1 0.6362847222222222 0.707345971563981 0.08159722222222222 0.1066350710900474
1 0.8394097222222222 0.7819905213270142 0.08506944444444445 0.0995260663507109