0 0.7799295774647887 0.20552884615384615 0.06338028169014084 0.10336538461538461
0 0.6373239436619719 0.2608173076923077 0.13380281690140844 0.18269230769230768
0 0.585387323943662 0.5685096153846154 0.11795774647887323 0.15625
0 0.8961267605633803 0.5264423076923077 0.06690140845070422 0.11057692307692307
0 0.9181338028169014 0.6274038461538461 0.07922535211267606 0.12259615384615384
0 0.5290492957746479 0.9819711538461539 0.09683098591549295 0.036057692307692304
1 0.5616197183098591 0.16947115384615385 0.10211267605633803 0.1466346153846154
1 0.789612676056338 0.44471153846153844 0.09859154929577464 0.12259615384615384
1 0.7508802816901409 0.5709134615384616 0.0880281690140845 0.12740384615384615
1 0.7632042253521126 0.7247596153846154 0.08450704225352113 0.11057692307692307
1 0.8001760563380281 0.6682692307692307 0.09330985915492958 0.13701923076923078
1 0.6091549295774648 0.96875 0.06338028169014084 0.0625
1 0.40580985915492956 0.8185096153846154 0.09154929577464789 0.12259615384615384