0 0.8726993865030674 0.7198660714285714 0.12883435582822086 0.17633928571428573
0 0.9187116564417178 0.7354910714285714 0.0736196319018405 0.08035714285714286
0 0.5897239263803681 0.05133928571428571 0.10889570552147239 0.10267857142857142
0 0.6495398773006135 0.056919642857142856 0.08128834355828221 0.109375
0 0.4946319018404908 0.078125 0.11196319018404909 0.15401785714285715
0 0.4401840490797546 0.06138392857142857 0.0950920245398773 0.12276785714285714
0 0.3266871165644172 0.10267857142857142 0.08128834355828221 0.10267857142857142
0 0.19248466257668712 0.203125 0.05214723926380368 0.08705357142857142
1 0.26226993865030673 0.34933035714285715 0.09049079754601227 0.13839285714285715
1 0.35736196319018404 0.31026785714285715 0.08588957055214724 0.13392857142857142
1 0.4179447852760736 0.36495535714285715 0.09815950920245399 0.12276785714285714
1 0.6065950920245399 0.3125 0.09049079754601227 0.13392857142857142
1 0.7254601226993865 0.3236607142857143 0.08895705521472393 0.13616071428571427