0 0.3643292682926829 0.017699115044247787 0.057926829268292686 0.035398230088495575
0 0.3643292682926829 0.10730088495575221 0.06097560975609756 0.10619469026548672
0 0.3277439024390244 0.19690265486725664 0.04573170731707317 0.13938053097345132
0 0.8003048780487805 0.26991150442477874 0.07621951219512195 0.1084070796460177
0 0.7370426829268293 0.536504424778761 0.09298780487804878 0.11946902654867257
0 0.6829268292682927 0.7588495575221239 0.10823170731707317 0.14601769911504425
0 0.7682926829268293 0.7212389380530974 0.0975609756097561 0.1415929203539823
0 0.16539634146341464 0.8484513274336283 0.1173780487804878 0.13716814159292035
1 0.5083841463414634 0.0420353982300885 0.056402439024390245 0.084070796460177
1 0.4946646341463415 0.1836283185840708 0.054878048780487805 0.11946902654867257
1 0.47560975609756095 0.32964601769911506 0.0625 0.1261061946902655
1 0.7827743902439024 0.5387168141592921 0.08079268292682927 0.10176991150442478
1 0.6821646341463414 0.2688053097345133 0.09603658536585366 0.1084070796460177
1 0.6303353658536586 0.3805309734513274 0.10365853658536585 0.09513274336283185