0 0.018867924528301886 0.38114754098360654 0.03773584905660377 0.1830601092896175
0 0.32169811320754715 0.6202185792349727 0.09433962264150944 0.13387978142076504
0 0.5688679245283019 0.4207650273224044 0.12075471698113208 0.21584699453551912
0 0.7094339622641509 0.523224043715847 0.11132075471698114 0.17759562841530055
0 0.7396226415094339 0.4412568306010929 0.0660377358490566 0.13934426229508196
0 0.690566037735849 0.8346994535519126 0.09245283018867924 0.16393442622950818
0 0.9830188679245283 0.6980874316939891 0.033962264150943396 0.06830601092896176
0 0.9320754716981132 0.7021857923497268 0.12075471698113208 0.11748633879781421
0 0.2849056603773585 0.12431693989071038 0.08490566037735849 0.17486338797814208
1 0.6254716981132076 0.11612021857923498 0.09056603773584905 0.1557377049180328
1 0.3490566037735849 0.15710382513661203 0.10754716981132076 0.14207650273224043
1 0.49528301886792453 0.7199453551912568 0.1 0.17486338797814208
1 0.8471698113207548 0.22131147540983606 0.11886792452830189 0.17486338797814208
1 0.9509433962264151 0.27595628415300544 0.07358490566037736 0.1448087431693989
1 0.8679245283018868 0.4644808743169399 0.09622641509433963 0.12568306010928962
1 0.9518867924528301 0.3948087431693989 0.09245283018867924 0.09836065573770492