0 0.24145962732919254 0.4904661016949153 0.10403726708074534 0.1228813559322034
0 0.28493788819875776 0.24258474576271186 0.08074534161490683 0.13771186440677965
0 0.6653726708074534 0.7690677966101694 0.09472049689440994 0.1292372881355932
0 0.7290372670807453 0.690677966101695 0.09472049689440994 0.11016949152542373
0 0.7616459627329193 0.8442796610169492 0.09627329192546584 0.13983050847457626
0 0.6645962732919255 0.909957627118644 0.06366459627329192 0.1059322033898305
0 0.8827639751552795 0.725635593220339 0.08850931677018634 0.1440677966101695
1 0.843167701863354 0.823093220338983 0.05434782608695652 0.13135593220338984
1 0.8470496894409938 0.635593220338983 0.07608695652173914 0.11016949152542373
1 0.532608695652174 0.9766949152542372 0.06521739130434782 0.046610169491525424
1 0.2267080745341615 0.2775423728813559 0.07608695652173914 0.07838983050847458
1 0.2080745341614907 0.11970338983050847 0.07142857142857142 0.07838983050847458