0 0.5239825581395349 0.1307531380753138 0.09011627906976744 0.12343096234309624
0 0.5530523255813954 0.18305439330543932 0.0872093023255814 0.1297071129707113
0 0.7558139534883721 0.399581589958159 0.07267441860465117 0.0899581589958159
0 0.9731104651162791 0.6244769874476988 0.05377906976744186 0.0899581589958159
0 0.5799418604651163 0.5460251046025104 0.0872093023255814 0.13179916317991633
0 0.09520348837209303 0.4351464435146444 0.09738372093023256 0.14853556485355648
0 0.8292151162790697 0.9571129707112971 0.04796511627906977 0.07531380753138076
1 0.345203488372093 0.029288702928870293 0.07703488372093023 0.058577405857740586
1 0.5268895348837209 0.4665271966527197 0.0872093023255814 0.11715481171548117
1 0.6504360465116279 0.5271966527196653 0.07412790697674419 0.09832635983263599
1 0.7260174418604651 0.6255230125523012 0.07994186046511628 0.12343096234309624
1 0.9149709302325582 0.7573221757322176 0.061046511627906974 0.08368200836820083
1 0.7558139534883721 0.9163179916317992 0.055232558139534885 0.0794979079497908
1 0.7209302325581395 0.9769874476987448 0.055232558139534885 0.04602510460251046
1 0.07848837209302326 0.16736401673640167 0.0625 0.09832635983263599
1 0.11482558139534883 0.6914225941422594 0.08430232558139535 0.12343096234309624