0 0.5112244897959184 0.20251396648044692 0.10612244897959183 0.12569832402234637
0 0.5795918367346938 0.2611731843575419 0.10204081632653061 0.10614525139664804
0 0.7520408163265306 0.4245810055865922 0.10816326530612246 0.10614525139664804
1 0.7765306122448979 0.0782122905027933 0.08979591836734693 0.10614525139664804
1 0.6775510204081633 0.04888268156424581 0.10612244897959183 0.09776536312849161
1 0.7673469387755102 0.17318435754189945 0.1 0.12290502793296089
1 0.826530612244898 0.31424581005586594 0.05510204081632653 0.12290502793296089
1 0.810204081632653 0.7877094972067039 0.09591836734693877 0.07541899441340782
1 0.2683673469387755 0.9483240223463687 0.09591836734693877 0.10335195530726257
1 0.16122448979591836 0.6368715083798883 0.04081632653061224 0.10335195530726257
1 0.2030612244897959 0.9706703910614525 0.03469387755102041 0.05865921787709497