0 0.2716417910447761 0.04285714285714286 0.06865671641791045 0.08571428571428572
0 0.3208955223880597 0.10204081632653061 0.1 0.10408163265306122
0 0.43134328358208956 0.09693877551020408 0.08059701492537313 0.09591836734693877
0 0.6134328358208955 0.3795918367346939 0.07164179104477612 0.12857142857142856
0 0.6761194029850747 0.21836734693877552 0.08208955223880597 0.05510204081632653
0 0.7522388059701492 0.24693877551020407 0.07313432835820896 0.05510204081632653
0 0.9291044776119403 0.7795918367346939 0.04029850746268657 0.09591836734693877
0 0.755223880597015 0.7918367346938775 0.05970149253731343 0.09387755102040816
0 0.7201492537313433 0.8397959183673469 0.050746268656716415 0.07142857142857142
0 0.010447761194029851 0.42959183673469387 0.020895522388059702 0.09183673469387756
0 0.8492537313432836 0.22857142857142856 0.03731343283582089 0.04897959183673469
1 0.029850746268656716 0.13673469387755102 0.022388059701492536 0.08775510204081632
1 0.08656716417910448 0.04591836734693878 0.06567164179104477 0.09183673469387756
1 0.43208955223880596 0.2826530612244898 0.09253731343283582 0.09591836734693877
1 0.5798507462686567 0.14591836734693878 0.06865671641791045 0.10612244897959183
1 0.6567164179104478 0.3479591836734694 0.0626865671641791 0.09387755102040816
1 0.767910447761194 0.4377551020408163 0.05970149253731343 0.09591836734693877
1 0.7992537313432836 0.3183673469387755 0.06865671641791045 0.053061224489795916
1 0.6029850746268657 0.8091836734693878 0.050746268656716415 0.09387755102040816
1 0.6238805970149254 0.7122448979591837 0.08656716417910448 0.10612244897959183
1 0.8738805970149254 0.7306122448979592 0.050746268656716415 0.08571428571428572