0 0.3935810810810811 0.08170731707317073 0.08952702702702703 0.13414634146341464
0 0.668918918918919 0.40487804878048783 0.09121621621621621 0.12682926829268293
0 0.8631756756756757 0.02195121951219512 0.037162162162162164 0.04390243902439024
0 0.9847972972972973 0.3 0.030405405405405407 0.07317073170731707
1 0.7390202702702703 0.026829268292682926 0.07939189189189189 0.05365853658536585
1 0.589527027027027 0.17560975609756097 0.09966216216216216 0.13658536585365855
1 0.3859797297297297 0.41341463414634144 0.13006756756756757 0.16585365853658537
1 0.3454391891891892 0.06097560975609756 0.07263513513513513 0.08292682926829269
1 0.021114864864864864 0.5951219512195122 0.04222972972972973 0.15121951219512195
1 0.6503378378378378 0.7365853658536585 0.10135135135135136 0.14634146341463414
1 0.8918918918918919 0.16341463414634147 0.06587837837837837 0.08780487804878048
1 0.9358108108108109 0.2146341463414634 0.06587837837837837 0.09268292682926829
1 0.9214527027027027 0.12804878048780488 0.02533783783783784 0.03902439024390244