0 0.5848214285714286 0.9502617801047121 0.08035714285714286 0.09947643979057591
0 0.6928571428571428 0.8534031413612565 0.06428571428571428 0.09947643979057591
0 0.6901785714285714 0.8049738219895288 0.1 0.1518324607329843
0 0.6580357142857143 0.5222513089005235 0.1 0.1387434554973822
0 0.9044642857142857 0.4018324607329843 0.08928571428571429 0.15706806282722513
0 0.8482142857142857 0.4280104712041885 0.11607142857142858 0.17015706806282724
0 0.6205357142857143 0.450261780104712 0.1 0.14659685863874344
0 0.47946428571428573 0.23036649214659685 0.10178571428571428 0.1518324607329843
0 0.38571428571428573 0.21596858638743455 0.08571428571428572 0.12827225130890052
1 0.6142857142857143 0.7054973821989529 0.10535714285714286 0.15706806282722513
1 0.7330357142857142 0.5680628272251309 0.09642857142857143 0.14136125654450263
1 0.8116071428571429 0.5772251308900523 0.0875 0.1256544502617801
1 0.7848214285714286 0.2107329842931937 0.10892857142857143 0.1387434554973822
1 0.5830357142857143 0.2395287958115183 0.09642857142857143 0.14659685863874344
1 0.31160714285714286 0.20287958115183247 0.10357142857142858 0.14659685863874344
1 0.3848214285714286 0.5772251308900523 0.1 0.1544502617801047
1 0.325 0.6662303664921466 0.08571428571428572 0.13089005235602094
1 0.30625 0.768324607329843 0.08571428571428572 0.13350785340314136
1 0.11785714285714285 0.7290575916230366 0.05357142857142857 0.07068062827225131