0 0.14853896103896103 0.6966824644549763 0.06655844155844155 0.1018957345971564
0 0.1672077922077922 0.7097156398104265 0.10551948051948051 0.17298578199052134
0 0.5568181818181818 0.9537914691943128 0.11688311688311688 0.0924170616113744
0 0.5162337662337663 0.7985781990521327 0.13636363636363635 0.18246445497630331
0 0.8108766233766234 0.5071090047393365 0.1396103896103896 0.1872037914691943
0 0.7767857142857143 0.32109004739336494 0.11363636363636363 0.1872037914691943
0 0.8839285714285714 0.24289099526066352 0.10227272727272728 0.15165876777251186
0 0.9050324675324676 0.35545023696682465 0.10064935064935066 0.11374407582938388
1 0.045454545454545456 0.6042654028436019 0.05357142857142857 0.0995260663507109
1 0.30844155844155846 0.7760663507109005 0.07954545454545454 0.13981042654028436
1 0.3198051948051948 0.816350710900474 0.05519480519480519 0.12322274881516587
1 0.7751623376623377 0.6646919431279621 0.11363636363636363 0.16587677725118483
1 0.9358766233766234 0.8601895734597157 0.040584415584415584 0.12322274881516587
1 0.9780844155844156 0.6113744075829384 0.04383116883116883 0.12322274881516587