0 0.0018796992481203006 0.30256410256410254 0.0037593984962406013 0.1076923076923077
0 0.212406015037594 0.23076923076923078 0.09022556390977443 0.13333333333333333
0 0.6146616541353384 0.20512820512820512 0.08082706766917293 0.13076923076923078
0 0.8712406015037594 0.06538461538461539 0.07706766917293233 0.05128205128205128
0 0.8947368421052632 0.808974358974359 0.06203007518796992 0.11025641025641025
1 0.008458646616541353 0.17692307692307693 0.016917293233082706 0.16923076923076924
1 0.5573308270676691 0.2076923076923077 0.08834586466165413 0.09743589743589744
1 0.6766917293233082 0.01282051282051282 0.10150375939849623 0.02564102564102564
1 0.8872180451127819 0.2935897435897436 0.08270676691729323 0.08461538461538462
1 0.6823308270676691 0.8205128205128205 0.05451127819548872 0.12564102564102564
1 0.9793233082706767 0.5961538461538461 0.041353383458646614 0.07948717948717948