0 0.6536312849162011 0.05141129032258065 0.09776536312849161 0.1028225806451613
0 0.4085195530726257 0.8820564516129032 0.0712290502793296 0.1431451612903226
0 0.4378491620111732 0.9576612903225806 0.06005586592178771 0.0846774193548387
0 0.5810055865921788 0.8397177419354839 0.08798882681564246 0.11895161290322581
0 0.7332402234636871 0.7842741935483871 0.05446927374301676 0.08870967741935484
0 0.7737430167597765 0.7600806451612904 0.0670391061452514 0.07862903225806452
0 0.6738826815642458 0.7318548387096774 0.07402234636871509 0.1310483870967742
0 0.7318435754189944 0.8618951612903226 0.07681564245810056 0.1028225806451613
0 0.7849162011173184 0.8235887096774194 0.05865921787709497 0.09879032258064516
1 0.5677374301675978 0.9556451612903226 0.06284916201117319 0.08870967741935484
1 0.5453910614525139 0.7610887096774194 0.07541899441340782 0.125
1 0.604050279329609 0.7540322580645161 0.09497206703910614 0.1350806451612903
1 0.6843575418994413 0.4727822580645161 0.09636871508379888 0.14717741935483872
1 0.7486033519553073 0.532258064516129 0.05865921787709497 0.10483870967741936