0 0.8588328075709779 0.4013761467889908 0.08990536277602523 0.10091743119266056
0 0.5922712933753943 0.7844036697247706 0.07728706624605679 0.11009174311926606
0 0.44873817034700314 0.9105504587155964 0.06309148264984227 0.12385321100917432
0 0.44085173501577285 0.9380733944954128 0.0804416403785489 0.12155963302752294
0 0.30757097791798105 0.7465596330275229 0.08201892744479496 0.14678899082568808
0 0.03706624605678233 0.38646788990825687 0.07255520504731862 0.1444954128440367
0 0.038643533123028394 0.24655963302752293 0.061514195583596214 0.12844036697247707
0 0.334384858044164 0.10779816513761468 0.08675078864353312 0.14220183486238533
1 0.9676656151419558 0.30619266055045874 0.026813880126182965 0.09862385321100918
1 0.7941640378548895 0.7637614678899083 0.04574132492113565 0.08944954128440367
1 0.6876971608832808 0.9174311926605505 0.03943217665615142 0.13073394495412843
1 0.20347003154574134 0.8830275229357798 0.06466876971608833 0.11467889908256881
1 0.16876971608832808 0.908256880733945 0.07255520504731862 0.12614678899082568
1 0.04652996845425868 0.7488532110091743 0.0473186119873817 0.13073394495412843
1 0.24290220820189273 0.5619266055045872 0.07728706624605679 0.13302752293577982
1 0.23895899053627762 0.37729357798165136 0.055205047318611984 0.1559633027522936
1 0.24053627760252366 0.04931192660550459 0.08675078864353312 0.09862385321100918
1 0.04337539432176656 0.14220183486238533 0.050473186119873815 0.11697247706422019