0 0.8638968481375359 0.4460580912863071 0.08166189111747851 0.13485477178423236
0 0.9391117478510028 0.46887966804979253 0.04871060171919771 0.07468879668049792
0 0.9426934097421203 0.6296680497925311 0.04871060171919771 0.08506224066390042
0 0.9785100286532952 0.5778008298755186 0.04297994269340974 0.09336099585062241
0 0.7722063037249284 0.9678423236514523 0.05157593123209169 0.06431535269709543
0 0.6998567335243553 0.8993775933609959 0.0988538681948424 0.1016597510373444
0 0.8789398280802292 0.7095435684647303 0.07163323782234957 0.12655601659751037
1 0.6862464183381088 0.3578838174273859 0.08452722063037249 0.14937759336099585
1 0.7378223495702005 0.2894190871369295 0.06160458452722063 0.08506224066390042
1 0.7679083094555874 0.5612033195020747 0.08595988538681948 0.11825726141078838
1 0.9083094555873925 0.6182572614107884 0.06303724928366762 0.0912863070539419
1 0.8001432664756447 0.7479253112033195 0.08166189111747851 0.1037344398340249
1 0.8896848137535817 0.9107883817427386 0.05873925501432665 0.0912863070539419
1 0.914756446991404 0.7863070539419087 0.07163323782234957 0.08506224066390042
1 0.920487106017192 0.6929460580912863 0.07449856733524356 0.08713692946058091