0 0.32832278481012656 0.33549222797927464 0.09177215189873418 0.15544041450777202
0 0.37579113924050633 0.14248704663212436 0.09335443037974683 0.17357512953367876
0 0.4936708860759494 0.4494818652849741 0.09018987341772151 0.16321243523316062
0 0.504746835443038 0.5803108808290155 0.09018987341772151 0.14248704663212436
0 0.7001582278481012 0.6152849740932642 0.07753164556962025 0.12176165803108809
0 0.6621835443037974 0.8950777202072538 0.0759493670886076 0.10103626943005181
0 0.6811708860759493 0.7862694300518135 0.07120253164556962 0.11139896373056994
0 0.4438291139240506 0.9520725388601037 0.06487341772151899 0.09585492227979274
0 0.5427215189873418 0.6243523316062176 0.08227848101265822 0.14766839378238342
0 0.2974683544303797 0.7435233160621761 0.08069620253164557 0.12435233160621761
0 0.07278481012658228 0.8911917098445595 0.04588607594936709 0.10103626943005181
0 0.6867088607594937 0.7059585492227979 0.07278481012658228 0.09844559585492228
1 0.19224683544303797 0.327720207253886 0.08227848101265822 0.15025906735751296
1 0.15822784810126583 0.5103626943005182 0.08860759493670886 0.13730569948186527
1 0.2674050632911392 0.4274611398963731 0.08386075949367089 0.14248704663212436
1 0.49604430379746833 0.3225388601036269 0.0949367088607595 0.13989637305699482
1 0.33069620253164556 0.6800518134715026 0.08544303797468354 0.15025906735751296
1 0.3884493670886076 0.8588082901554405 0.10126582278481013 0.16062176165803108
1 0.5688291139240507 0.716321243523316 0.09018987341772151 0.12953367875647667
1 0.8512658227848101 0.6243523316062176 0.07278481012658228 0.11658031088082901
1 0.75 0.7383419689119171 0.07120253164556962 0.12176165803108809
1 0.5514240506329114 0.8601036269430051 0.09335443037974683 0.13989637305699482
1 0.5973101265822784 0.7901554404145078 0.06329113924050633 0.09326424870466321