0 0.7176573426573427 0.1471291866028708 0.09965034965034965 0.12679425837320574
0 0.75 0.03708133971291866 0.1048951048951049 0.07416267942583732
0 0.4965034965034965 0.034688995215311005 0.09090909090909091 0.06937799043062201
0 0.6555944055944056 0.1722488038277512 0.11538461538461539 0.14114832535885166
0 0.3129370629370629 0.9533492822966507 0.07342657342657342 0.09330143540669857
0 0.3382867132867133 0.8253588516746412 0.10314685314685315 0.145933014354067
0 0.10227272727272728 0.4019138755980861 0.06643356643356643 0.1076555023923445
0 0.15122377622377622 0.757177033492823 0.07342657342657342 0.09090909090909091
1 0.8129370629370629 0.07894736842105263 0.08391608391608392 0.11961722488038277
1 0.9064685314685315 0.29066985645933013 0.08916083916083917 0.10526315789473684
1 0.6765734265734266 0.5011961722488039 0.08916083916083917 0.10287081339712918
1 0.5253496503496503 0.14354066985645933 0.08566433566433566 0.13157894736842105
1 0.24213286713286714 0.9521531100478469 0.050699300699300696 0.09569377990430622
1 0.46153846153846156 0.8229665071770335 0.07167832167832168 0.11483253588516747
1 0.25 0.3026315789473684 0.06993006993006994 0.11004784688995216
1 0.10139860139860139 0.4916267942583732 0.07167832167832168 0.09090909090909091