0 0.10320284697508897 0.22409326424870465 0.10498220640569395 0.08549222797927461
0 0.5204626334519573 0.04145077720207254 0.1298932384341637 0.08290155440414508
0 0.599644128113879 0.0051813471502590676 0.11387900355871886 0.010362694300518135
0 0.8861209964412812 0.43005181347150256 0.12277580071174377 0.15284974093264247
0 0.7384341637010676 0.9261658031088082 0.10142348754448399 0.07772020725388601
0 0.8220640569395018 0.8989637305699482 0.07829181494661921 0.09326424870466321
0 0.14323843416370108 0.9546632124352331 0.06227758007117438 0.09067357512953368
1 0.17882562277580072 0.4417098445595855 0.11209964412811388 0.10621761658031088
1 0.7615658362989324 0.22797927461139897 0.1103202846975089 0.14507772020725387
1 0.8852313167259787 0.07512953367875648 0.11209964412811388 0.15025906735751296
1 0.9074733096085409 0.8652849740932642 0.08185053380782918 0.09585492227979274
1 0.6770462633451957 0.4961139896373057 0.12633451957295375 0.11398963730569948
1 0.3620996441281139 0.9352331606217616 0.09786476868327403 0.12953367875647667
1 0.14590747330960854 0.8536269430051814 0.08185053380782918 0.12953367875647667