0 0.5565476190476191 0.04452054794520548 0.0744047619047619 0.08904109589041095
0 0.5684523809523809 0.12214611872146118 0.07291666666666667 0.11643835616438356
0 0.5394345238095238 0.2888127853881279 0.06547619047619048 0.10730593607305935
0 0.40401785714285715 0.04223744292237443 0.06994047619047619 0.08447488584474885
0 0.26785714285714285 0.295662100456621 0.08333333333333333 0.14383561643835616
0 0.14732142857142858 0.91324200913242 0.052083333333333336 0.0867579908675799
0 0.4174107142857143 0.8059360730593608 0.08333333333333333 0.1232876712328767
0 0.7016369047619048 0.7203196347031964 0.10714285714285714 0.1506849315068493
0 0.7738095238095238 0.6552511415525114 0.06101190476190476 0.0958904109589041
0 0.9456845238095238 0.17579908675799086 0.0625 0.1324200913242009
1 0.13988095238095238 0.365296803652968 0.07142857142857142 0.1095890410958904
1 0.08110119047619048 0.8002283105022832 0.05505952380952381 0.0821917808219178
1 0.2507440476190476 0.8184931506849316 0.06845238095238096 0.10273972602739725
1 0.875 0.030821917808219176 0.05357142857142857 0.06164383561643835
1 0.9650297619047619 0.5273972602739726 0.06994047619047619 0.1324200913242009
1 0.7373511904761905 0.14840182648401826 0.08482142857142858 0.1506849315068493
1 0.5952380952380952 0.4680365296803653 0.08928571428571429 0.1187214611872146