0 0.4793046357615894 0.050724637681159424 0.061258278145695365 0.10144927536231885
0 0.4370860927152318 0.1316425120772947 0.07781456953642384 0.12077294685990338
0 0.10844370860927152 0.7053140096618358 0.08774834437086093 0.12318840579710146
0 0.7119205298013245 0.8019323671497585 0.09437086092715231 0.13285024154589373
0 0.7392384105960265 0.8647342995169082 0.057947019867549666 0.11594202898550725
0 0.6605960264900662 0.9396135265700483 0.11920529801324503 0.12077294685990338
0 0.8841059602649006 0.42391304347826086 0.07947019867549669 0.10386473429951691
0 0.9072847682119205 0.34541062801932365 0.07947019867549669 0.11352657004830918
1 0.6415562913907285 0.16304347826086957 0.09271523178807947 0.13768115942028986
1 0.6067880794701986 0.28140096618357485 0.09602649006622517 0.1497584541062802
1 0.47516556291390727 0.9746376811594203 0.08940397350993377 0.050724637681159424
1 0.7350993377483444 0.45169082125603865 0.10430463576158941 0.14492753623188406
1 0.7864238410596026 0.6533816425120773 0.11258278145695365 0.16666666666666666