0 0.8294642857142858 0.22643979057591623 0.06607142857142857 0.1099476439790576
0 0.81875 0.3782722513089005 0.0625 0.10732984293193717
0 0.6910714285714286 0.5968586387434555 0.11071428571428571 0.1544502617801047
0 0.6955357142857143 0.8036649214659686 0.07321428571428572 0.12041884816753927
0 0.5785714285714286 0.5772251308900523 0.125 0.1518324607329843
0 0.12142857142857143 0.7369109947643979 0.08392857142857142 0.13612565445026178
0 0.22767857142857142 0.4803664921465969 0.11428571428571428 0.1518324607329843
0 0.3464285714285714 0.4908376963350785 0.1125 0.1544502617801047
1 0.5116071428571428 0.1387434554973822 0.0625 0.112565445026178
1 0.48660714285714285 0.24083769633507854 0.08571428571428572 0.14397905759162305
1 0.7089285714285715 0.4214659685863874 0.09821428571428571 0.1256544502617801
1 0.7651785714285714 0.668848167539267 0.08214285714285714 0.13350785340314136
1 0.7714285714285715 0.7774869109947644 0.06964285714285715 0.13089005235602094
1 0.55625 0.9031413612565445 0.10357142857142858 0.13350785340314136
1 0.44375 0.943717277486911 0.10178571428571428 0.112565445026178
1 0.41696428571428573 0.6609947643979057 0.10535714285714286 0.14397905759162305
1 0.27589285714285716 0.8455497382198953 0.08928571428571429 0.10732984293193717
1 0.18214285714285713 0.8363874345549738 0.08928571428571429 0.10471204188481675