0 0.8819060773480663 0.165 0.09806629834254144 0.124
0 0.9696132596685083 0.282 0.04834254143646409 0.08
0 0.9730662983425414 0.355 0.05386740331491713 0.11
0 0.9205801104972375 0.45 0.07734806629834254 0.11
0 0.8314917127071824 0.503 0.08425414364640885 0.096
0 0.7617403314917127 0.558 0.09116022099447514 0.116
0 0.35773480662983426 0.638 0.09668508287292818 0.156
0 0.34875690607734805 0.225 0.10911602209944751 0.146
1 0.5455801104972375 0.143 0.06629834254143646 0.122
1 0.5214088397790055 0.397 0.0856353591160221 0.132
1 0.7092541436464088 0.27 0.10220994475138122 0.134
1 0.8073204419889503 0.311 0.08011049723756906 0.106
1 0.8287292817679558 0.256 0.07320441988950276 0.096
1 0.8950276243093923 0.188 0.07320441988950276 0.098
1 0.8832872928176796 0.233 0.07596685082872928 0.1