0 0.4622356495468278 0.9803719008264463 0.0755287009063444 0.03925619834710744
0 0.3081570996978852 0.7035123966942148 0.06948640483383686 0.11570247933884298
0 0.3957703927492447 0.8357438016528925 0.07854984894259819 0.10743801652892562
0 0.4229607250755287 0.9028925619834711 0.0649546827794562 0.08884297520661157
1 0.45996978851963743 0.05165289256198347 0.07099697885196375 0.10330578512396695
1 0.5657099697885196 0.040289256198347105 0.08006042296072508 0.08057851239669421
1 0.6691842900302115 0.025826446280991736 0.08157099697885196 0.05165289256198347
1 0.4312688821752266 0.6084710743801653 0.07854984894259819 0.11983471074380166
1 0.46299093655589124 0.7138429752066116 0.061933534743202415 0.10537190082644628
1 0.506797583081571 0.8130165289256198 0.0634441087613293 0.11570247933884298
1 0.3904833836858006 0.8997933884297521 0.0634441087613293 0.06818181818181818