0 0.6828231292517006 0.02558139534883721 0.10034013605442177 0.05116279069767442
0 0.6267006802721088 0.25465116279069766 0.08673469387755102 0.13953488372093023
0 0.31462585034013607 0.36511627906976746 0.11904761904761904 0.15348837209302327
0 0.195578231292517 0.42674418604651165 0.11394557823129252 0.12093023255813953
0 0.5340136054421769 0.9011627906976745 0.10714285714285714 0.1325581395348837
1 0.8027210884353742 0.18953488372093022 0.08333333333333333 0.13488372093023257
1 0.23469387755102042 0.6232558139534884 0.07653061224489796 0.11627906976744186
1 0.16666666666666666 0.6558139534883721 0.07142857142857142 0.10465116279069768
1 0.39200680272108845 0.9709302325581395 0.06292517006802721 0.05813953488372093
1 0.3052721088435374 0.8593023255813953 0.07653061224489796 0.10232558139534884
1 0.21343537414965985 0.8395348837209302 0.0663265306122449 0.09534883720930233
1 0.18537414965986396 0.9186046511627907 0.04931972789115646 0.08837209302325581
1 0.15391156462585034 0.9674418604651163 0.07312925170068027 0.06511627906976744