0 0.14950980392156862 0.9352678571428571 0.08006535947712418 0.12946428571428573
0 0.4035947712418301 0.7834821428571429 0.11274509803921569 0.140625
0 0.4256535947712418 0.8794642857142857 0.08006535947712418 0.109375
0 0.701797385620915 0.43526785714285715 0.119281045751634 0.14508928571428573
0 0.45016339869281047 0.05803571428571429 0.07679738562091504 0.11607142857142858
0 0.14297385620915032 0.3203125 0.0718954248366013 0.07589285714285714
0 0.6470588235294118 0.09598214285714286 0.09313725490196079 0.13392857142857142
0 0.6699346405228758 0.04799107142857143 0.10457516339869281 0.09598214285714286
0 0.7483660130718954 0.029017857142857144 0.08496732026143791 0.05803571428571429
1 0.8529411764705882 0.13392857142857142 0.08823529411764706 0.13839285714285715
1 0.6241830065359477 0.15066964285714285 0.10457516339869281 0.12276785714285714
1 0.4665032679738562 0.04352678571428571 0.08006535947712418 0.08705357142857142
1 0.2589869281045752 0.16629464285714285 0.06045751633986928 0.11607142857142858
1 0.619281045751634 0.7511160714285714 0.07516339869281045 0.11830357142857142
1 0.24183006535947713 0.7645089285714286 0.05718954248366013 0.09821428571428571
1 0.184640522875817 0.7678571428571429 0.08496732026143791 0.09821428571428571
1 0.14052287581699346 0.4921875 0.07026143790849673 0.078125