0 0.3627760252365931 0.8830275229357798 0.07570977917981073 0.15825688073394495
0 0.8659305993690851 0.7981651376146789 0.055205047318611984 0.10321100917431193
0 0.14511041009463724 0.3463302752293578 0.0946372239747634 0.17889908256880735
0 0.18533123028391169 0.27408256880733944 0.08832807570977919 0.1559633027522936
0 0.25709779179810727 0.42660550458715596 0.10725552050473186 0.1559633027522936
0 0.3186119873817035 0.25573394495412843 0.12460567823343849 0.1811926605504587
0 0.7200315457413249 0.11926605504587157 0.09621451104100946 0.12614678899082568
0 0.748422712933754 0.25573394495412843 0.09936908517350158 0.1353211009174312
0 0.6443217665615142 0.43463302752293576 0.12933753943217666 0.17660550458715596
1 0.556782334384858 0.8727064220183486 0.07255520504731862 0.14908256880733944
1 0.7145110410094637 0.8451834862385321 0.07570977917981073 0.14678899082568808
1 0.806782334384858 0.6227064220183486 0.08675078864353312 0.0963302752293578
1 0.3998422712933754 0.3038990825688073 0.07886435331230283 0.1559633027522936