0 0.9808467741935484 0.31767955801104975 0.034274193548387094 0.04143646408839779
0 0.8961693548387096 0.4654696132596685 0.11290322580645161 0.17679558011049723
0 0.7247983870967742 0.7140883977900553 0.11895161290322581 0.15469613259668508
0 0.6330645161290323 0.8494475138121547 0.08870967741935484 0.15193370165745856
0 0.5685483870967742 0.930939226519337 0.10483870967741936 0.13812154696132597
0 0.16028225806451613 0.39502762430939226 0.0846774193548387 0.1132596685082873
0 0.12399193548387097 0.4419889502762431 0.0625 0.09668508287292818
1 0.8699596774193549 0.5414364640883977 0.08064516129032258 0.11049723756906077
1 0.4647177419354839 0.6795580110497238 0.13709677419354838 0.17955801104972377
1 0.39919354838709675 0.919889502762431 0.0907258064516129 0.13259668508287292
1 0.03326612903225806 0.6961325966850829 0.06451612903225806 0.06353591160220995
1 0.2691532258064516 0.09392265193370165 0.06451612903225806 0.10497237569060773