0 0.29135338345864664 0.18989071038251365 0.046992481203007516 0.12021857923497267
0 0.13439849624060152 0.6079234972677595 0.04887218045112782 0.10382513661202186
0 0.693609022556391 0.30191256830601093 0.11842105263157894 0.10655737704918032
0 0.7744360902255639 0.6065573770491803 0.11090225563909774 0.17486338797814208
0 0.8515037593984962 0.44398907103825136 0.05263157894736842 0.09562841530054644
0 0.7546992481203008 0.9098360655737705 0.05451127819548872 0.1092896174863388
1 0.5422932330827067 0.15710382513661203 0.06015037593984962 0.13387978142076504
1 0.6964285714285714 0.6953551912568307 0.08834586466165413 0.1092896174863388
1 0.7593984962406015 0.8128415300546448 0.07706766917293233 0.09562841530054644
1 0.7904135338345865 0.28688524590163933 0.09774436090225563 0.08196721311475409
1 0.2857142857142857 0.26366120218579236 0.08646616541353383 0.13934426229508196