0 0.27335640138408307 0.9850746268656716 0.07612456747404844 0.029850746268656716
0 0.4991349480968858 0.7313432835820896 0.09169550173010381 0.1517412935323383
0 0.5821799307958477 0.6442786069651741 0.0657439446366782 0.10696517412935323
0 0.35726643598615915 0.23507462686567165 0.08304498269896193 0.09203980099502487
0 0.30103806228373703 0.21766169154228857 0.050173010380622836 0.08706467661691543
0 0.28460207612456745 0.08830845771144279 0.04498269896193772 0.08208955223880597
0 0.7603806228373703 0.041044776119402986 0.06401384083044982 0.08208955223880597
0 0.7820069204152249 0.3308457711442786 0.07785467128027682 0.11442786069651742
1 0.314878892733564 0.4639303482587065 0.07785467128027682 0.09950248756218906
1 0.4671280276816609 0.0945273631840796 0.06228373702422145 0.1044776119402985
1 0.4662629757785467 0.028606965174129355 0.05363321799307959 0.05721393034825871
1 0.7820069204152249 0.5099502487562189 0.07093425605536333 0.14676616915422885
1 0.458477508650519 0.9850746268656716 0.08304498269896193 0.029850746268656716