0 0.29956268221574345 0.06407563025210083 0.07434402332361516 0.11764705882352941
0 0.2857142857142857 0.6428571428571429 0.04081632653061224 0.08823529411764706
0 0.2820699708454811 0.7331932773109243 0.043731778425655975 0.0819327731092437
0 0.25583090379008744 0.9138655462184874 0.056851311953352766 0.07352941176470588
0 0.5386297376093294 0.8340336134453782 0.06559766763848396 0.09663865546218488
0 0.7018950437317785 0.7626050420168067 0.06559766763848396 0.10504201680672269
0 0.7018950437317785 0.726890756302521 0.06705539358600583 0.09453781512605042
0 0.8017492711370262 0.0976890756302521 0.0597667638483965 0.06932773109243698
1 0.4424198250728863 0.6512605042016807 0.0728862973760933 0.10294117647058823
1 0.44096209912536444 0.773109243697479 0.06997084548104957 0.12605042016806722
1 0.4110787172011662 0.9401260504201681 0.061224489795918366 0.09873949579831932
1 0.5021865889212828 0.9684873949579832 0.056851311953352766 0.06302521008403361
1 0.521865889212828 0.990546218487395 0.04664723032069971 0.018907563025210083
1 0.6596209912536443 0.9275210084033614 0.06705539358600583 0.07563025210084033
1 0.7514577259475219 0.5105042016806722 0.08163265306122448 0.1092436974789916