0 0.955108359133127 0.625 0.05417956656346749 0.07366071428571429
0 0.5835913312693498 0.15401785714285715 0.058823529411764705 0.09598214285714286
0 0.5425696594427245 0.0859375 0.058823529411764705 0.08928571428571429
0 0.4674922600619195 0.036830357142857144 0.09287925696594428 0.07366071428571429
0 0.36764705882352944 0.13504464285714285 0.07894736842105263 0.11383928571428571
0 0.32275541795665635 0.4095982142857143 0.08823529411764706 0.125
0 0.27941176470588236 0.47767857142857145 0.07275541795665634 0.10714285714285714
0 0.16950464396284828 0.45535714285714285 0.06346749226006192 0.09151785714285714
1 0.4458204334365325 0.21875 0.07120743034055728 0.109375
1 0.4117647058823529 0.11049107142857142 0.06501547987616099 0.10491071428571429
1 0.2546439628482972 0.234375 0.06811145510835913 0.10714285714285714
1 0.22291021671826625 0.2935267857142857 0.07120743034055728 0.09598214285714286
1 0.1803405572755418 0.3638392857142857 0.0804953560371517 0.109375
1 0.2631578947368421 0.6171875 0.09752321981424149 0.13616071428571427