0 0.19642857142857142 0.2920353982300885 0.06168831168831169 0.09513274336283185
0 0.17126623376623376 0.45353982300884954 0.05032467532467533 0.11946902654867257
0 0.5592532467532467 0.5320796460176991 0.06818181818181818 0.1261061946902655
0 0.7743506493506493 0.4325221238938053 0.09902597402597403 0.11061946902654868
0 0.7784090909090909 0.9336283185840708 0.0633116883116883 0.03761061946902655
0 0.2857142857142857 0.7356194690265486 0.03409090909090909 0.09292035398230089
0 0.30438311688311687 0.831858407079646 0.04220779220779221 0.07964601769911504
1 0.43912337662337664 0.15265486725663716 0.08279220779220779 0.07079646017699115
1 0.3336038961038961 0.41150442477876104 0.06655844155844155 0.08185840707964602
1 0.3587662337662338 0.4646017699115044 0.06168831168831169 0.09513274336283185
1 0.7232142857142857 0.6780973451327433 0.06493506493506493 0.07300884955752213
1 0.424512987012987 0.7688053097345132 0.06168831168831169 0.08849557522123894
1 0.44805194805194803 0.879424778761062 0.06168831168831169 0.08628318584070796
1 0.7288961038961039 0.8407079646017699 0.05194805194805195 0.07079646017699115