0 0.731 0.9836065573770492 0.098 0.03278688524590164
0 0.465 0.7062841530054644 0.13 0.2103825136612022
0 0.567 0.5765027322404371 0.132 0.1885245901639344
0 0.818 0.6789617486338798 0.078 0.16666666666666666
0 0.798 0.2568306010928962 0.058 0.13114754098360656
0 0.796 0.14207650273224043 0.058 0.1092896174863388
1 0.603 0.9521857923497268 0.102 0.09562841530054644
1 0.538 0.7636612021857924 0.086 0.16939890710382513
1 0.788 0.8210382513661202 0.076 0.13934426229508196
1 0.797 0.40710382513661203 0.114 0.1092896174863388
1 0.65 0.26366120218579236 0.086 0.1284153005464481
1 0.634 0.09016393442622951 0.09 0.1284153005464481