0 0.35236768802228413 0.9457013574660633 0.04456824512534819 0.06787330316742081
0 0.35097493036211697 0.6346153846153846 0.07242339832869081 0.10633484162895927
0 0.729108635097493 0.9242081447963801 0.03899721448467967 0.07013574660633484
0 0.35724233983286907 0.3495475113122172 0.0766016713091922 0.10407239819004525
0 0.5584958217270195 0.4638009049773756 0.04596100278551532 0.1085972850678733
0 0.7305013927576601 0.3416289592760181 0.06963788300835655 0.12669683257918551
0 0.7841225626740947 0.3212669683257919 0.06824512534818941 0.09728506787330317
0 0.4672701949860724 0.038461538461538464 0.07103064066852367 0.07692307692307693
0 0.3398328690807799 0.05656108597285068 0.06963788300835655 0.10407239819004525
0 0.2513927576601671 0.41855203619909503 0.055710306406685235 0.10180995475113122
1 0.3711699164345404 0.8846153846153846 0.07103064066852367 0.06108597285067873
1 0.2639275766016713 0.5610859728506787 0.04596100278551532 0.10180995475113122
1 0.3649025069637883 0.48981900452488686 0.057103064066852366 0.11312217194570136
1 0.3384401114206128 0.1425339366515837 0.07938718662952646 0.083710407239819
1 0.25696378830083566 0.12782805429864252 0.06545961002785515 0.083710407239819
1 0.4157381615598886 0.14819004524886878 0.06267409470752089 0.09276018099547512
1 0.5341225626740947 0.053167420814479636 0.07242339832869081 0.09502262443438914
1 0.5494428969359332 0.12782805429864252 0.0766016713091922 0.11990950226244344
1 0.6309192200557103 0.083710407239819 0.07103064066852367 0.10180995475113122
1 0.7360724233983287 0.6900452488687783 0.052924791086350974 0.08597285067873303