0 0.1820469798657718 0.45145631067961167 0.07718120805369127 0.0970873786407767
0 0.18791946308724833 0.39927184466019416 0.06879194630872483 0.09951456310679611
0 0.3036912751677852 0.0691747572815534 0.08221476510067115 0.12378640776699029
0 0.7726510067114094 0.13713592233009708 0.05704697986577181 0.0825242718446602
0 0.7332214765100671 0.36893203883495146 0.05536912751677853 0.10922330097087378
0 0.74748322147651 0.2766990291262136 0.05201342281879195 0.08980582524271845
1 0.5285234899328859 0.08495145631067962 0.07046979865771812 0.13349514563106796
1 0.26677852348993286 0.12257281553398058 0.08221476510067115 0.10922330097087378
1 0.10067114093959731 0.7427184466019418 0.05201342281879195 0.0970873786407767
1 0.5453020134228188 0.27427184466019416 0.087248322147651 0.14805825242718446
1 0.5880872483221476 0.20631067961165048 0.0738255033557047 0.10679611650485436
1 0.6216442953020134 0.0691747572815534 0.09899328859060402 0.10922330097087378
1 0.7307046979865772 0.18810679611650485 0.07046979865771812 0.0970873786407767