0 0.25595238095238093 0.8928571428571429 0.0992063492063492 0.13142857142857142
0 0.36607142857142855 0.8657142857142858 0.07341269841269842 0.12
0 0.2361111111111111 0.29714285714285715 0.09325396825396826 0.1
0 0.19047619047619047 0.24857142857142858 0.037698412698412696 0.09428571428571429
0 0.20634920634920634 0.09428571428571429 0.03571428571428571 0.10285714285714286
0 0.6984126984126984 0.05 0.06547619047619048 0.037142857142857144
0 0.7251984126984127 0.30428571428571427 0.07142857142857142 0.11714285714285715
0 0.6676587301587301 0.6414285714285715 0.0873015873015873 0.12571428571428572
1 0.15575396825396826 0.5271428571428571 0.02976190476190476 0.09714285714285714
1 0.39285714285714285 0.20857142857142857 0.06746031746031746 0.11714285714285715
1 0.4126984126984127 0.11714285714285715 0.06349206349206349 0.10571428571428572
1 0.7371031746031746 0.08714285714285715 0.09722222222222222 0.09714285714285714
1 0.7886904761904762 0.3742857142857143 0.08134920634920635 0.10571428571428572
1 0.6190476190476191 0.8342857142857143 0.07738095238095238 0.1657142857142857