0 0.23909657320872274 0.8472850678733032 0.06074766355140187 0.09954751131221719
0 0.3341121495327103 0.8778280542986425 0.06697819314641744 0.06561085972850679
0 0.24610591900311526 0.7579185520361991 0.04672897196261682 0.083710407239819
0 0.24766355140186916 0.6357466063348416 0.048286604361370715 0.1334841628959276
0 0.6627725856697819 0.9694570135746606 0.06697819314641744 0.06108597285067873
0 0.7024922118380063 0.8970588235294118 0.07320872274143302 0.07692307692307693
0 0.618380062305296 0.3755656108597285 0.08878504672897196 0.10633484162895927
0 0.5981308411214953 0.28054298642533937 0.09345794392523364 0.12895927601809956
0 0.2383177570093458 0.16968325791855204 0.0778816199376947 0.13122171945701358
1 0.4190031152647975 0.8914027149321267 0.059190031152647975 0.09502262443438914
1 0.4400311526479751 0.7839366515837104 0.05451713395638629 0.11085972850678733
1 0.6246105919003115 0.753393665158371 0.0794392523364486 0.09954751131221719
1 0.7242990654205608 0.6549773755656109 0.08411214953271028 0.09276018099547512
1 0.7546728971962616 0.6187782805429864 0.08722741433021806 0.07692307692307693
1 0.852803738317757 0.16855203619909503 0.059190031152647975 0.16063348416289594