0 0.6852678571428571 0.041666666666666664 0.07589285714285714 0.08333333333333333
0 0.6636904761904762 0.15752032520325204 0.09970238095238096 0.11382113821138211
0 0.7254464285714286 0.16565040650406504 0.08035714285714286 0.11178861788617886
0 0.6971726190476191 0.3648373983739837 0.09226190476190477 0.11585365853658537
0 0.78125 0.3597560975609756 0.08482142857142858 0.11178861788617886
0 0.71875 0.7063008130081301 0.08482142857142858 0.10569105691056911
0 0.5401785714285714 0.6839430894308943 0.08928571428571429 0.13414634146341464
0 0.33556547619047616 0.9115853658536586 0.0818452380952381 0.07723577235772358
1 0.5736607142857143 0.3678861788617886 0.044642857142857144 0.11382113821138211
1 0.7358630952380952 0.5823170731707317 0.06398809523809523 0.07926829268292683
1 0.6569940476190477 0.625 0.05803571428571429 0.07520325203252033
1 0.4017857142857143 0.8333333333333334 0.046130952380952384 0.09146341463414634
1 0.5736607142857143 0.8516260162601627 0.049107142857142856 0.0975609756097561
1 0.30357142857142855 0.717479674796748 0.06398809523809523 0.07926829268292683