0 0.25390625 0.18212669683257918 0.0828125 0.1425339366515837
0 0.28203125 0.16289592760180996 0.090625 0.14705882352941177
0 0.06875 0.8529411764705882 0.0328125 0.07239819004524888
0 0.175 0.9106334841628959 0.0765625 0.11990950226244344
0 0.23984375 0.9276018099547512 0.08125 0.08597285067873303
0 0.5234375 0.6368778280542986 0.1109375 0.16515837104072398
1 0.11640625 0.3766968325791855 0.0734375 0.11990950226244344
1 0.4875 0.016968325791855202 0.0875 0.033936651583710405
1 0.309375 0.7907239819004525 0.0765625 0.11312217194570136
1 0.1953125 0.7126696832579186 0.1 0.12217194570135746
1 0.05234375 0.7296380090497737 0.0734375 0.10633484162895927
1 0.02890625 0.5938914027149321 0.0578125 0.09276018099547512
1 0.115625 0.9490950226244343 0.0625 0.10180995475113122
1 0.15390625 0.9864253393665159 0.0609375 0.027149321266968326