0 0.7352941176470589 0.23452380952380952 0.11274509803921569 0.11904761904761904
0 0.6650326797385621 0.9726190476190476 0.0915032679738562 0.05476190476190476
0 0.41421568627450983 0.07023809523809524 0.11274509803921569 0.14047619047619048
0 0.051470588235294115 0.2261904761904762 0.06535947712418301 0.1619047619047619
0 0.2908496732026144 0.14523809523809525 0.13071895424836602 0.19047619047619047
0 0.17892156862745098 0.7464285714285714 0.0915032679738562 0.14523809523809525
0 0.27450980392156865 0.794047619047619 0.09803921568627451 0.1523809523809524
0 0.40604575163398693 0.6428571428571429 0.12745098039215685 0.1976190476190476
1 0.7214052287581699 0.5273809523809524 0.10620915032679738 0.11190476190476191
1 0.696078431372549 0.7642857142857142 0.10457516339869281 0.11666666666666667
1 0.5343137254901961 0.8952380952380953 0.0718954248366013 0.13333333333333333
1 0.32189542483660133 0.2702380952380952 0.1111111111111111 0.12380952380952381
1 0.11601307189542484 0.06547619047619048 0.08169934640522876 0.13095238095238096