0 0.7017133956386293 0.9796380090497737 0.08255451713395638 0.04072398190045249
0 0.6362928348909658 0.9524886877828054 0.05763239875389408 0.09502262443438914
0 0.7367601246105919 0.3235294117647059 0.09968847352024922 0.09049773755656108
0 0.6199376947040498 0.2839366515837104 0.04984423676012461 0.13122171945701358
0 0.04361370716510903 0.6052036199095022 0.08722741433021806 0.16968325791855204
0 0.32320872274143303 0.4004524886877828 0.09190031152647975 0.1493212669683258
0 0.25778816199376947 0.26357466063348417 0.09968847352024922 0.14027149321266968
0 0.2780373831775701 0.0418552036199095 0.09813084112149532 0.083710407239819
1 0.6612149532710281 0.5746606334841629 0.09501557632398754 0.08823529411764706
1 0.4883177570093458 0.11538461538461539 0.09190031152647975 0.11764705882352941
1 0.7757009345794392 0.753393665158371 0.07320872274143302 0.09276018099547512
1 0.441588785046729 0.8857466063348416 0.08099688473520249 0.11990950226244344
1 0.308411214953271 0.5180995475113123 0.07165109034267912 0.10407239819004525
1 0.1557632398753894 0.8427601809954751 0.059190031152647975 0.11085972850678733
1 0.027258566978193146 0.4604072398190045 0.0529595015576324 0.13122171945701358
1 0.2367601246105919 0.1323529411764706 0.06853582554517133 0.11538461538461539