0 0.9949567723342939 0.7395833333333334 0.010086455331412104 0.07083333333333333
0 0.9827089337175793 0.7791666666666667 0.0345821325648415 0.07083333333333333
0 0.8177233429394812 0.7541666666666667 0.08213256484149856 0.04375
0 0.7435158501440923 0.7510416666666667 0.07492795389048991 0.07708333333333334
0 0.8566282420749279 0.21770833333333334 0.024495677233429394 0.08125
0 0.9517291066282421 0.315625 0.04899135446685879 0.075
0 0.9819884726224783 0.32916666666666666 0.03025936599423631 0.04583333333333333
0 0.8940922190201729 0.2125 0.056195965417867436 0.06666666666666667
1 0.9935158501440923 0.51875 0.012968299711815562 0.05
1 0.9942363112391931 0.565625 0.011527377521613832 0.03958333333333333
1 0.9402017291066282 0.5625 0.05763688760806916 0.07083333333333333
1 0.8595100864553314 0.528125 0.09077809798270893 0.0625
1 0.7255043227665706 0.39375 0.07060518731988473 0.06458333333333334
1 0.6829971181556196 0.5375 0.09510086455331412 0.07291666666666667
1 0.7780979827089337 0.29270833333333335 0.05475504322766571 0.075
1 0.973342939481268 0.24375 0.043227665706051875 0.0625
1 0.9077809798270894 0.4552083333333333 0.06628242074927954 0.06041666666666667