0 0.8767241379310344 0.25707547169811323 0.09827586206896552 0.16981132075471697
0 0.9077586206896552 0.21226415094339623 0.07931034482758621 0.08254716981132075
0 0.7267241379310345 0.7016509433962265 0.0896551724137931 0.11556603773584906
0 0.6327586206896552 0.6686320754716981 0.09482758620689655 0.12028301886792453
0 0.6232758620689656 0.7983490566037735 0.056896551724137934 0.11320754716981132
0 0.5801724137931035 0.8797169811320755 0.0603448275862069 0.09905660377358491
0 0.5551724137931034 0.9658018867924528 0.07241379310344828 0.06839622641509434
0 0.12241379310344827 0.5683962264150944 0.07586206896551724 0.10377358490566038
0 0.11379310344827587 0.6438679245283019 0.09482758620689655 0.125
0 0.10948275862068965 0.7688679245283019 0.06896551724137931 0.11320754716981132
1 0.7327586206896551 0.37028301886792453 0.10344827586206896 0.12971698113207547
1 0.8077586206896552 0.45990566037735847 0.09482758620689655 0.11320754716981132
1 0.5189655172413793 0.6650943396226415 0.08448275862068966 0.11556603773584906
1 0.4482758620689655 0.8384433962264151 0.07241379310344828 0.11084905660377359
1 0.2025862068965517 0.36202830188679247 0.08275862068965517 0.10613207547169812
1 0.2413793103448276 0.5672169811320755 0.06724137931034482 0.11556603773584906
1 0.20948275862068966 0.7370283018867925 0.07241379310344828 0.11556603773584906