0 0.6627747252747253 0.038461538461538464 0.07280219780219781 0.07692307692307693
0 0.7554945054945055 0.8552631578947368 0.05631868131868132 0.07489878542510121
0 0.2857142857142857 0.5748987854251012 0.09203296703296704 0.11740890688259109
0 0.3131868131868132 0.22773279352226722 0.07280219780219781 0.10931174089068826
0 0.39354395604395603 0.03137651821862348 0.07417582417582418 0.04251012145748988
0 0.1778846153846154 0.2054655870445344 0.0673076923076923 0.11538461538461539
0 0.18406593406593408 0.3228744939271255 0.0673076923076923 0.1214574898785425
0 0.15315934065934067 0.2054655870445344 0.061813186813186816 0.1214574898785425
1 0.4848901098901099 0.024291497975708502 0.057692307692307696 0.048582995951417005
1 0.5679945054945055 0.23279352226720648 0.08241758241758242 0.11336032388663968
1 0.7307692307692307 0.6477732793522267 0.08241758241758242 0.0951417004048583
1 0.5041208791208791 0.958502024291498 0.06318681318681318 0.08299595141700405
1 0.44711538461538464 0.7753036437246964 0.06868131868131869 0.11133603238866396
1 0.4320054945054945 0.5020242914979757 0.08653846153846154 0.12550607287449392
1 0.2774725274725275 0.30870445344129555 0.07554945054945054 0.1214574898785425
1 0.301510989010989 0.09109311740890688 0.07005494505494506 0.08097165991902834