0 0.953125 0.1486111111111111 0.04861111111111111 0.09166666666666666
0 0.2612847222222222 0.10416666666666667 0.05555555555555555 0.11666666666666667
0 0.1501736111111111 0.13055555555555556 0.06770833333333333 0.07777777777777778
0 0.024305555555555556 0.5333333333333333 0.04861111111111111 0.09444444444444444
1 0.8237847222222222 0.15 0.09895833333333333 0.11944444444444445
1 0.4505208333333333 0.09027777777777778 0.08680555555555555 0.1638888888888889
1 0.4071180555555556 0.04861111111111111 0.059027777777777776 0.075
1 0.15104166666666666 0.47638888888888886 0.078125 0.11666666666666667
1 0.03819444444444445 0.7722222222222223 0.046875 0.10277777777777777
1 0.2517361111111111 0.5583333333333333 0.07291666666666667 0.11944444444444445
1 0.4383680555555556 0.5430555555555555 0.10069444444444445 0.12777777777777777