0 0.15406976744186046 0.6264940239043825 0.07848837209302326 0.13147410358565736
0 0.20494186046511628 0.4681274900398406 0.0872093023255814 0.11752988047808766
0 0.35683139534883723 0.18824701195219123 0.05232558139534884 0.10557768924302789
0 0.809593023255814 0.1603585657370518 0.04796511627906977 0.08366533864541832
0 0.8045058139534884 0.12749003984063745 0.04941860465116279 0.043824701195219126
0 0.4636627906976744 0.2918326693227092 0.07848837209302326 0.1254980079681275
0 0.7718023255813954 0.3754980079681275 0.07848837209302326 0.10358565737051793
0 0.13226744186046513 0.7071713147410359 0.0625 0.10756972111553785
1 0.1998546511627907 0.8256972111553785 0.06686046511627906 0.07171314741035857
1 0.26816860465116277 0.8207171314741036 0.055232558139534885 0.08964143426294821
1 0.2928779069767442 0.2549800796812749 0.06831395348837209 0.07768924302788845
1 0.47819767441860467 0.20816733067729085 0.07412790697674419 0.10358565737051793
1 0.6148255813953488 0.2679282868525896 0.06540697674418605 0.099601593625498
1 0.7252906976744186 0.598605577689243 0.07122093023255814 0.08565737051792828
1 0.6875 0.17031872509960158 0.055232558139534885 0.08366533864541832