0 0.98515625 0.483974358974359 0.0296875 0.14316239316239315
0 0.95546875 0.31303418803418803 0.0890625 0.12179487179487179
0 0.7546875 0.17414529914529914 0.090625 0.11752136752136752
0 0.4171875 0.08012820512820513 0.0828125 0.08547008547008547
0 0.35703125 0.053418803418803416 0.0671875 0.07692307692307693
0 0.08203125 0.5299145299145299 0.0640625 0.1111111111111111
0 0.39140625 0.7617521367521367 0.1078125 0.14102564102564102
0 0.40390625 0.6826923076923077 0.109375 0.13675213675213677
1 0.96015625 0.6848290598290598 0.0609375 0.07692307692307693
1 0.890625 0.5993589743589743 0.103125 0.1047008547008547
1 0.88984375 0.36645299145299143 0.0796875 0.10897435897435898
1 0.75703125 0.2532051282051282 0.0828125 0.13675213675213677
1 0.596875 0.2980769230769231 0.0921875 0.1111111111111111
1 0.378125 0.27136752136752135 0.0796875 0.1047008547008547
1 0.30546875 0.20405982905982906 0.08125 0.10897435897435898
1 0.21015625 0.6485042735042735 0.0671875 0.11752136752136752
1 0.2359375 0.6720085470085471 0.065625 0.10683760683760683
1 0.25078125 0.5641025641025641 0.0671875 0.09829059829059829