0 0.08600583090379009 0.7531512605042017 0.0597667638483965 0.06722689075630252
0 0.17565597667638483 0.6102941176470589 0.08017492711370262 0.1092436974789916
0 0.3075801749271137 0.4264705882352941 0.08600583090379009 0.1092436974789916
0 0.37682215743440234 0.21008403361344538 0.048104956268221574 0.08403361344537816
0 0.4074344023323615 0.14705882352941177 0.048104956268221574 0.0819327731092437
0 0.4395043731778426 0.06092436974789916 0.04518950437317784 0.06932773109243698
0 0.6275510204081632 0.6228991596638656 0.07871720116618076 0.11554621848739496
0 0.7580174927113703 0.5798319327731093 0.061224489795918366 0.09033613445378151
1 0.5131195335276968 0.15441176470588236 0.0597667638483965 0.10084033613445378
1 0.5255102040816326 0.2689075630252101 0.06851311953352769 0.10504201680672269
1 0.4737609329446064 0.3277310924369748 0.0597667638483965 0.09033613445378151
1 0.34475218658892126 0.6764705882352942 0.07434402332361516 0.11554621848739496
1 0.7660349854227405 0.5084033613445378 0.06705539358600583 0.10714285714285714
1 0.6873177842565598 0.7909663865546218 0.07871720116618076 0.1092436974789916