0 0.902014652014652 0.13031914893617022 0.07692307692307693 0.14361702127659576
0 0.7152014652014652 0.8058510638297872 0.10256410256410256 0.14893617021276595
0 0.6767399267399268 0.9268617021276596 0.08608058608058608 0.11436170212765957
0 0.4642857142857143 0.6742021276595744 0.08974358974358974 0.15691489361702127
0 0.19963369963369965 0.2872340425531915 0.10073260073260074 0.18617021276595744
0 0.22527472527472528 0.09840425531914894 0.08608058608058608 0.14095744680851063
0 0.22802197802197802 0.425531914893617 0.08974358974358974 0.14361702127659576
0 0.2509157509157509 0.538563829787234 0.09340659340659341 0.15159574468085107
0 0.22527472527472528 0.9893617021276596 0.09523809523809523 0.02127659574468085
1 0.760989010989011 0.1981382978723404 0.07142857142857142 0.10638297872340426
1 0.8864468864468864 0.7406914893617021 0.047619047619047616 0.11436170212765957
1 0.4056776556776557 0.9587765957446809 0.0641025641025641 0.08244680851063829
1 0.2445054945054945 0.8590425531914894 0.07509157509157509 0.10106382978723404
1 0.48717948717948717 0.2154255319148936 0.08058608058608059 0.15691489361702127