0 0.6075 0.6844660194174758 0.075 0.10436893203883495
0 0.5275 0.4550970873786408 0.08666666666666667 0.13592233009708737
0 0.38083333333333336 0.941747572815534 0.06166666666666667 0.10679611650485436
0 0.28833333333333333 0.9271844660194175 0.09166666666666666 0.050970873786407765
0 0.21 0.912621359223301 0.07166666666666667 0.08009708737864078
0 0.17583333333333334 0.8907766990291263 0.058333333333333334 0.08737864077669903
0 0.17916666666666667 0.5109223300970874 0.04833333333333333 0.08495145631067962
0 0.185 0.02669902912621359 0.03666666666666667 0.05339805825242718
1 0.35333333333333333 0.6699029126213593 0.075 0.11893203883495146
1 0.7675 0.39563106796116504 0.08666666666666667 0.12864077669902912
1 0.695 0.1662621359223301 0.09333333333333334 0.13349514563106796
1 0.19166666666666668 0.08616504854368932 0.051666666666666666 0.08980582524271845
1 0.25166666666666665 0.654126213592233 0.05333333333333334 0.10194174757281553
1 0.18666666666666668 0.5825242718446602 0.06666666666666667 0.0825242718446602