0 0.21783625730994152 0.454 0.07456140350877193 0.108
0 0.2945906432748538 0.438 0.08771929824561403 0.124
0 0.5511695906432749 0.615 0.08333333333333333 0.134
0 0.7266081871345029 0.511 0.0847953216374269 0.122
0 0.7690058479532164 0.478 0.07309941520467836 0.098
0 0.38596491228070173 0.171 0.06140350877192982 0.098
0 0.4203216374269006 0.095 0.054093567251461985 0.08
1 0.2719298245614035 0.899 0.05701754385964912 0.046
1 0.22660818713450293 0.818 0.07894736842105263 0.116
1 0.21710526315789475 0.668 0.07017543859649122 0.106
1 0.30116959064327486 0.705 0.0891812865497076 0.124
1 0.3172514619883041 0.233 0.07456140350877193 0.09
1 0.5211988304093568 0.222 0.06725146198830409 0.09
1 0.5131578947368421 0.158 0.05555555555555555 0.074
1 0.8011695906432749 0.345 0.06578947368421052 0.08
1 0.7288011695906432 0.615 0.08333333333333333 0.11
1 0.5723684210526315 0.489 0.07602339181286549 0.108