0 0.940677966101695 0.22959183673469388 0.0635593220338983 0.07346938775510205
0 0.8806497175141242 0.2357142857142857 0.062146892655367235 0.09591836734693877
0 0.8036723163841808 0.2030612244897959 0.06497175141242938 0.10816326530612246
0 0.5734463276836158 0.12653061224489795 0.0748587570621469 0.07551020408163266
0 0.4978813559322034 0.1663265306122449 0.06638418079096045 0.08163265306122448
0 0.9173728813559322 0.4051020408163265 0.05367231638418079 0.08163265306122448
0 0.952683615819209 0.4826530612244898 0.046610169491525424 0.08979591836734693
0 0.931497175141243 0.5336734693877551 0.0423728813559322 0.10204081632653061
0 0.797316384180791 0.6724489795918367 0.0748587570621469 0.11020408163265306
0 0.9745762711864406 0.7 0.05084745762711865 0.06938775510204082
0 0.0423728813559322 0.1704081632653061 0.08192090395480225 0.11836734693877551
1 0.9661016949152542 0.4346938775510204 0.059322033898305086 0.06938775510204082
1 0.8891242937853108 0.38571428571428573 0.0635593220338983 0.07551020408163266
1 0.8601694915254238 0.5887755102040816 0.062146892655367235 0.08571428571428572
1 0.876412429378531 0.6530612244897959 0.07203389830508475 0.053061224489795916
1 0.932909604519774 0.6928571428571428 0.04943502824858757 0.07755102040816327
1 0.9081920903954802 0.7214285714285714 0.03389830508474576 0.0653061224489796
1 0.9823446327683616 0.49183673469387756 0.03531073446327684 0.07755102040816327
1 0.5903954802259888 0.3877551020408163 0.10310734463276836 0.07346938775510205
1 0.3453389830508475 0.2969387755102041 0.07909604519774012 0.10612244897959183
1 0.13983050847457626 0.35306122448979593 0.07062146892655367 0.10204081632653061