0 0.8758928571428571 0.5707317073170731 0.07678571428571429 0.12195121951219512
0 0.74375 0.7036585365853658 0.12321428571428572 0.17073170731707318
0 0.5285714285714286 0.5792682926829268 0.1125 0.14146341463414633
0 0.7383928571428572 0.25609756097560976 0.05 0.11707317073170732
0 0.6910714285714286 0.1719512195121951 0.06607142857142857 0.12195121951219512
0 0.1669642857142857 0.16707317073170733 0.060714285714285714 0.09024390243902439
0 0.16785714285714284 0.28292682926829266 0.06428571428571428 0.1048780487804878
0 0.22053571428571428 0.3695121951219512 0.09464285714285714 0.1073170731707317
1 0.7535714285714286 0.8439024390243902 0.09107142857142857 0.14146341463414633
1 0.7241071428571428 0.424390243902439 0.09821428571428571 0.1048780487804878
1 0.6258928571428571 0.39146341463414636 0.07857142857142857 0.12195121951219512
1 0.5401785714285714 0.2865853658536585 0.08035714285714286 0.0975609756097561
1 0.5964285714285714 0.27926829268292686 0.08035714285714286 0.13414634146341464
1 0.5116071428571428 0.026829268292682926 0.06607142857142857 0.05365853658536585
1 0.29017857142857145 0.2865853658536585 0.075 0.11219512195121951
1 0.27053571428571427 0.6317073170731707 0.08571428571428572 0.11219512195121951