0 0.8356164383561644 0.647196261682243 0.0821917808219178 0.1261682242990654
0 0.8690068493150684 0.6156542056074766 0.0547945205479452 0.10046728971962617
0 0.3210616438356164 0.4672897196261682 0.11815068493150685 0.1425233644859813
0 0.2594178082191781 0.35397196261682246 0.09417808219178082 0.1378504672897196
0 0.14982876712328766 0.6261682242990654 0.0839041095890411 0.1308411214953271
0 0.13784246575342465 0.7313084112149533 0.07363013698630137 0.10514018691588785
1 0.800513698630137 0.3901869158878505 0.10102739726027397 0.1191588785046729
1 0.9691780821917808 0.3679906542056075 0.06164383561643835 0.10514018691588785
1 0.7414383561643836 0.7675233644859814 0.08561643835616438 0.10046728971962617
1 0.3433219178082192 0.2044392523364486 0.0839041095890411 0.10747663551401869
1 0.19863013698630136 0.5455607476635514 0.07363013698630137 0.09813084112149532
1 0.2662671232876712 0.6507009345794392 0.09246575342465753 0.12850467289719625
1 0.2568493150684932 0.8633177570093458 0.05650684931506849 0.06542056074766354