0 0.6034172661870504 0.9726775956284153 0.08812949640287769 0.0546448087431694
0 0.6393884892086331 0.9439890710382514 0.09892086330935251 0.11202185792349727
0 0.7751798561151079 0.6775956284153005 0.08992805755395683 0.1557377049180328
0 0.8857913669064749 0.2691256830601093 0.09172661870503597 0.14754098360655737
0 0.6933453237410072 0.3743169398907104 0.09352517985611511 0.14754098360655737
0 0.41636690647482016 0.2540983606557377 0.12949640287769784 0.16393442622950818
0 0.2580935251798561 0.21994535519125682 0.09172661870503597 0.14207650273224043
0 0.22482014388489208 0.24453551912568305 0.048561151079136694 0.11748633879781421
1 0.7176258992805755 0.6666666666666666 0.10071942446043165 0.1448087431693989
1 0.862410071942446 0.296448087431694 0.11151079136690648 0.15300546448087432
1 0.8174460431654677 0.22814207650273224 0.08453237410071943 0.1366120218579235
1 0.29406474820143885 0.6379781420765027 0.10611510791366907 0.15846994535519127
1 0.23651079136690648 0.837431693989071 0.07553956834532374 0.09836065573770492