0 0.7748287671232876 0.3694029850746269 0.10102739726027397 0.15920398009950248
0 0.5898972602739726 0.2562189054726368 0.08904109589041095 0.15422885572139303
0 0.1404109589041096 0.17412935323383086 0.09246575342465753 0.14427860696517414
0 0.032534246575342464 0.6927860696517413 0.04794520547945205 0.13681592039800994
0 0.3938356164383562 0.9166666666666666 0.08904109589041095 0.13681592039800994
0 0.4785958904109589 0.9738805970149254 0.09075342465753425 0.05223880597014925
0 0.5325342465753424 0.8532338308457711 0.11643835616438356 0.17661691542288557
0 0.8082191780821918 0.8830845771144279 0.06335616438356165 0.10199004975124377
0 0.8767123287671232 0.8470149253731343 0.07363013698630137 0.10696517412935323
0 0.8595890410958904 0.6965174129353234 0.07705479452054795 0.14427860696517414
1 0.9674657534246576 0.373134328358209 0.06164383561643835 0.10945273631840796
1 0.7988013698630136 0.2562189054726368 0.059931506849315065 0.10945273631840796
1 0.9726027397260274 0.8097014925373134 0.0547945205479452 0.10696517412935323
1 0.7243150684931506 0.7126865671641791 0.09417808219178082 0.13432835820895522
1 0.6292808219178082 0.8967661691542289 0.06335616438356165 0.12935323383084577
1 0.273972602739726 0.7002487562189055 0.136986301369863 0.16169154228855723
1 0.1618150684931507 0.9353233830845771 0.08047945205479452 0.12935323383084577