0 0.6416666666666667 0.8899572649572649 0.09090909090909091 0.1111111111111111
0 0.5636363636363636 0.6720085470085471 0.10454545454545454 0.1282051282051282
0 0.5522727272727272 0.7767094017094017 0.10454545454545454 0.16666666666666666
0 0.46515151515151515 0.6495726495726496 0.08636363636363636 0.11965811965811966
0 0.353030303030303 0.5064102564102564 0.10151515151515152 0.13247863247863248
0 0.09318181818181819 0.6965811965811965 0.06818181818181818 0.1047008547008547
0 0.09166666666666666 0.7564102564102564 0.07727272727272727 0.10042735042735043
0 0.1303030303030303 0.8183760683760684 0.07727272727272727 0.06837606837606838
1 0.3431818181818182 0.9220085470085471 0.0696969696969697 0.0811965811965812
1 0.5946969696969697 0.3472222222222222 0.10151515151515152 0.13247863247863248
1 0.3 0.8365384615384616 0.08484848484848485 0.12179487179487179
1 0.2037878787878788 0.813034188034188 0.0803030303030303 0.11752136752136752
1 0.2106060606060606 0.5737179487179487 0.06818181818181818 0.10042735042735043
1 0.19545454545454546 0.45085470085470086 0.08181818181818182 0.11324786324786325