0 0.7909090909090909 0.9789603960396039 0.06909090909090909 0.04207920792079208
0 0.26454545454545453 0.9245049504950495 0.04909090909090909 0.09158415841584158
0 0.2909090909090909 0.8477722772277227 0.05454545454545454 0.08168316831683169
0 0.23545454545454544 0.7957920792079208 0.02727272727272727 0.10148514851485149
0 0.14727272727272728 0.42698019801980197 0.02909090909090909 0.12128712871287128
0 0.16636363636363635 0.2660891089108911 0.06727272727272728 0.12128712871287128
0 0.28454545454545455 0.6101485148514851 0.11090909090909092 0.08168316831683169
1 0.15 0.09034653465346534 0.034545454545454546 0.10643564356435643
1 0.4527272727272727 0.08168316831683169 0.06909090909090909 0.10891089108910891
1 0.3336363636363636 0.12252475247524752 0.06727272727272728 0.12128712871287128
1 0.23363636363636364 0.6794554455445545 0.0890909090909091 0.06188118811881188
1 0.35363636363636364 0.6905940594059405 0.06727272727272728 0.09405940594059406
1 0.4918181818181818 0.8861386138613861 0.045454545454545456 0.0891089108910891
1 0.4290909090909091 0.9900990099009901 0.04363636363636364 0.019801980198019802