0 0.7334254143646409 0.6869369369369369 0.05939226519337017 0.11711711711711711
0 0.7541436464088398 0.481981981981982 0.04834254143646409 0.12162162162162163
0 0.7548342541436464 0.375 0.058011049723756904 0.08783783783783784
0 0.7596685082872928 0.268018018018018 0.052486187845303865 0.11936936936936937
0 0.7382596685082873 0.2882882882882883 0.04558011049723757 0.11711711711711711
0 0.669889502762431 0.10135135135135136 0.055248618784530384 0.06981981981981981
0 0.22099447513812154 0.2894144144144144 0.0718232044198895 0.13063063063063063
0 0.31837016574585636 0.40315315315315314 0.049723756906077346 0.0990990990990991
0 0.39640883977900554 0.20608108108108109 0.058011049723756904 0.11036036036036036
0 0.763121546961326 0.10022522522522523 0.03729281767955801 0.08783783783783784
1 0.48273480662983426 0.8806306306306306 0.04558011049723757 0.10585585585585586
1 0.4281767955801105 0.9628378378378378 0.03314917127071823 0.06981981981981981
1 0.4620165745856354 0.7195945945945946 0.058011049723756904 0.13288288288288289
1 0.7140883977900553 0.918918918918919 0.06353591160220995 0.0945945945945946
1 0.6029005524861878 0.38175675675675674 0.0649171270718232 0.13288288288288289
1 0.6029005524861878 0.24774774774774774 0.05939226519337017 0.12162162162162163
1 0.606353591160221 0.11824324324324324 0.06353591160220995 0.09234234234234234
1 0.6098066298342542 0.007882882882882882 0.062154696132596686 0.015765765765765764
1 0.7196132596685083 0.09121621621621621 0.04696132596685083 0.08333333333333333
1 0.2962707182320442 0.05518018018018018 0.07320441988950276 0.04954954954954955