0 0.7857142857142857 0.5745192307692307 0.1079734219269103 0.14182692307692307
0 0.4435215946843854 0.9399038461538461 0.08637873754152824 0.1201923076923077
0 0.4700996677740864 0.5865384615384616 0.1378737541528239 0.1658653846153846
0 0.3637873754152824 0.4567307692307692 0.11461794019933555 0.15384615384615385
0 0.4003322259136213 0.3918269230769231 0.08637873754152824 0.09375
0 0.20016611295681064 0.5841346153846154 0.0946843853820598 0.125
0 0.1644518272425249 0.16105769230769232 0.04983388704318937 0.11778846153846154
0 0.1877076411960133 0.25721153846153844 0.07807308970099668 0.15625
0 0.7333887043189369 0.8173076923076923 0.10963455149501661 0.11778846153846154
1 0.6935215946843853 0.19831730769230768 0.08803986710963455 0.11298076923076923
1 0.6212624584717608 0.41586538461538464 0.09800664451827243 0.125
1 0.6935215946843853 0.7536057692307693 0.09302325581395349 0.14423076923076922
1 0.8197674418604651 0.8401442307692307 0.10465116279069768 0.14182692307692307
1 0.3280730897009967 0.7752403846153846 0.11129568106312292 0.13701923076923078
1 0.48588039867109634 0.19110576923076922 0.11295681063122924 0.16105769230769232
1 0.4186046511627907 0.08173076923076923 0.09302325581395349 0.11538461538461539
1 0.3430232558139535 0.2512019230769231 0.08139534883720931 0.12740384615384615
1 0.3521594684385382 0.12620192307692307 0.0664451827242525 0.12740384615384615