0 0.43690851735015773 0.0676605504587156 0.08201892744479496 0.11697247706422019
0 0.3422712933753943 0.08027522935779817 0.09779179810725552 0.11697247706422019
0 0.4747634069400631 0.12729357798165136 0.06782334384858044 0.11238532110091744
0 0.49053627760252366 0.22821100917431192 0.09779179810725552 0.11238532110091744
0 0.6175078864353313 0.7649082568807339 0.1167192429022082 0.1559633027522936
0 0.7263406940063092 0.8096330275229358 0.1167192429022082 0.15137614678899083
0 0.7365930599369085 0.9598623853211009 0.07255520504731862 0.08027522935779817
1 0.7618296529968455 0.12614678899082568 0.07886435331230283 0.10321100917431193
1 0.35725552050473186 0.5194954128440367 0.09621451104100946 0.11697247706422019
1 0.32965299684542587 0.36123853211009177 0.07570977917981073 0.10550458715596331
1 0.22634069400630916 0.3956422018348624 0.05993690851735016 0.11697247706422019
1 0.13249211356466878 0.7924311926605505 0.07570977917981073 0.10091743119266056
1 0.35962145110410093 0.9139908256880734 0.08675078864353312 0.11926605504587157