0 0.3107142857142857 0.8130434782608695 0.054285714285714284 0.07608695652173914
0 0.32857142857142857 0.7597826086956522 0.06428571428571428 0.09347826086956522
0 0.7521428571428571 0.5684782608695652 0.05 0.09347826086956522
0 0.7542857142857143 0.3391304347826087 0.06142857142857143 0.09347826086956522
0 0.6671428571428571 0.36630434782608695 0.08714285714285715 0.0891304347826087
0 0.6064285714285714 0.28043478260869564 0.08714285714285715 0.09782608695652174
0 0.5185714285714286 0.3239130434782609 0.05285714285714286 0.09130434782608696
0 0.4 0.22282608695652173 0.054285714285714284 0.0891304347826087
0 0.3442857142857143 0.46630434782608693 0.045714285714285714 0.09565217391304348
0 0.3221428571428571 0.4641304347826087 0.06285714285714286 0.09130434782608696
0 0.22285714285714286 0.09239130434782608 0.07285714285714286 0.09782608695652174
1 0.3357142857142857 0.9858695652173913 0.054285714285714284 0.02826086956521739
1 0.255 0.4989130434782609 0.06285714285714286 0.10434782608695652
1 0.21785714285714286 0.17173913043478262 0.07285714285714286 0.10652173913043478
1 0.5228571428571429 0.17391304347826086 0.06285714285714286 0.10217391304347827
1 0.6628571428571428 0.05326086956521739 0.06571428571428571 0.1
1 0.7428571428571429 0.03695652173913044 0.06857142857142857 0.07391304347826087
1 0.6135714285714285 0.5021739130434782 0.055714285714285716 0.0891304347826087
1 0.5671428571428572 0.7402173913043478 0.06 0.10217391304347827
1 0.5907142857142857 0.816304347826087 0.055714285714285716 0.06956521739130435
1 0.6378571428571429 0.8771739130434782 0.05857142857142857 0.0782608695652174