0 0.23507462686567165 0.7543478260869565 0.07761194029850746 0.10434782608695652
0 0.2947761194029851 0.8293478260869566 0.07761194029850746 0.11304347826086956
0 0.5656716417910448 0.9858695652173913 0.08358208955223881 0.02826086956521739
0 0.5619402985074626 0.8880434782608696 0.09402985074626866 0.10869565217391304
0 0.7119402985074627 0.40652173913043477 0.11492537313432835 0.1565217391304348
0 0.33507462686567163 0.18695652173913044 0.1 0.1282608695652174
0 0.35 0.05 0.10298507462686567 0.1
0 0.7917910447761194 0.558695652173913 0.10597014925373134 0.13695652173913042
1 0.32238805970149254 0.5554347826086956 0.07611940298507462 0.10869565217391304
1 0.7 0.8097826086956522 0.08059701492537313 0.1
1 0.6955223880597015 0.691304347826087 0.08656716417910448 0.11521739130434783
1 0.585820895522388 0.6934782608695652 0.08955223880597014 0.1
1 0.5171641791044777 0.020652173913043477 0.08208955223880597 0.041304347826086954