0 0.8247041420118343 0.7883064516129032 0.07100591715976332 0.0907258064516129
0 0.871301775147929 0.7096774193548387 0.09615384615384616 0.13709677419354838
0 0.8173076923076923 0.5836693548387096 0.07840236686390532 0.0967741935483871
0 0.5636094674556213 0.09274193548387097 0.060650887573964495 0.09879032258064516
0 0.23372781065088757 0.5262096774193549 0.0695266272189349 0.08870967741935484
0 0.17011834319526628 0.2973790322580645 0.08284023668639054 0.09879032258064516
0 0.34467455621301774 0.6058467741935484 0.09911242603550297 0.1350806451612903
1 0.6479289940828402 0.8185483870967742 0.07100591715976332 0.11491935483870967
1 0.6627218934911243 0.7046370967741935 0.0695266272189349 0.10685483870967742
1 0.6767751479289941 0.4314516129032258 0.07544378698224852 0.09475806451612903
1 0.8505917159763313 0.5604838709677419 0.07692307692307693 0.10483870967741936
1 0.4356508875739645 0.1350806451612903 0.060650887573964495 0.0967741935483871
1 0.27514792899408286 0.39919354838709675 0.0650887573964497 0.07661290322580645
1 0.23372781065088757 0.4939516129032258 0.06804733727810651 0.07258064516129033
1 0.32840236686390534 0.7247983870967742 0.07544378698224852 0.1028225806451613