0 0.2719941348973607 0.24786324786324787 0.04985337243401759 0.12393162393162394
0 0.6341642228739003 0.035256410256410256 0.08651026392961877 0.07051282051282051
0 0.2785923753665689 0.7852564102564102 0.09090909090909091 0.1581196581196581
0 0.32111436950146627 0.8600427350427351 0.09824046920821114 0.10042735042735043
0 0.3379765395894428 0.9433760683760684 0.10703812316715543 0.11324786324786325
0 0.781524926686217 0.5074786324786325 0.09824046920821114 0.13034188034188035
1 0.4186217008797654 0.11217948717948718 0.05865102639296188 0.10897435897435898
1 0.7294721407624634 0.26495726495726496 0.07331378299120235 0.1047008547008547
1 0.8475073313782991 0.8579059829059829 0.0689149560117302 0.06837606837606838
1 0.5087976539589443 0.7628205128205128 0.07771260997067449 0.12393162393162394
1 0.5645161290322581 0.9497863247863247 0.07038123167155426 0.10042735042735043
1 0.30058651026392963 0.9091880341880342 0.08797653958944282 0.12179487179487179