0 0.007987220447284345 0.436046511627907 0.01597444089456869 0.10465116279069768
0 0.18610223642172524 0.31627906976744186 0.07348242811501597 0.08372093023255814
0 0.2795527156549521 0.2988372093023256 0.10063897763578275 0.11162790697674418
0 0.646964856230032 0.03837209302325582 0.08626198083067092 0.07674418604651163
0 0.6645367412140575 0.46744186046511627 0.09584664536741214 0.16744186046511628
0 0.7292332268370607 0.8116279069767441 0.09424920127795527 0.1558139534883721
0 0.32028753993610226 0.9534883720930233 0.06869009584664537 0.09302325581395349
0 0.2563897763578275 0.9104651162790698 0.07827476038338659 0.13023255813953488
0 0.11421725239616613 0.8151162790697675 0.07028753993610223 0.09534883720930233
0 0.1110223642172524 0.9627906976744186 0.07507987220447285 0.07441860465116279
1 0.04472843450479233 0.6476744186046511 0.05910543130990415 0.08372093023255814
1 0.04153354632587859 0.7232558139534884 0.04153354632587859 0.05116279069767442
1 0.10543130990415335 0.3511627906976744 0.07827476038338659 0.10232558139534884
1 0.36421725239616615 0.5953488372093023 0.09424920127795527 0.10232558139534884
1 0.26677316293929715 0.5616279069767441 0.0926517571884984 0.11162790697674418
1 0.4249201277955272 0.7790697674418605 0.07507987220447285 0.10232558139534884
1 0.5079872204472844 0.8965116279069767 0.07348242811501597 0.11162790697674418
1 0.8570287539936102 0.25813953488372093 0.07827476038338659 0.11627906976744186
1 0.9896166134185304 0.7197674418604652 0.020766773162939296 0.12325581395348838