0 0.24025974025974026 0.7559241706161137 0.07305194805194805 0.13507109004739337
0 0.23863636363636365 0.6457345971563981 0.0762987012987013 0.12559241706161137
0 0.5933441558441559 0.9656398104265402 0.08279220779220779 0.06872037914691943
0 0.676948051948052 0.9691943127962085 0.08441558441558442 0.061611374407582936
0 0.734577922077922 0.3412322274881517 0.12824675324675325 0.14928909952606634
0 0.30194805194805197 0.0485781990521327 0.09090909090909091 0.0971563981042654
0 0.7978896103896104 0.20734597156398105 0.09090909090909091 0.1066350710900474
1 0.4512987012987013 0.8542654028436019 0.07142857142857142 0.13507109004739337
1 0.41314935064935066 0.6409952606635071 0.07142857142857142 0.13033175355450238
1 0.6185064935064936 0.7061611374407583 0.09253246753246754 0.13270142180094788
1 0.7435064935064936 0.6883886255924171 0.08441558441558442 0.11137440758293839
1 0.8709415584415584 0.2618483412322275 0.08116883116883117 0.13744075829383887