0 0.7748618784530387 0.192 0.04696132596685083 0.08
0 0.6629834254143646 0.263 0.0649171270718232 0.116
0 0.6125690607734806 0.276 0.08839779005524862 0.088
0 0.5455801104972375 0.277 0.058011049723756904 0.07
0 0.3798342541436464 0.134 0.049723756906077346 0.094
0 0.4026243093922652 0.063 0.03729281767955801 0.068
0 0.4675414364640884 0.049 0.06767955801104972 0.062
1 0.6616022099447514 0.082 0.04558011049723757 0.072
1 0.7154696132596685 0.532 0.09530386740331492 0.126
1 0.5262430939226519 0.49 0.0718232044198895 0.096
1 0.4564917127071823 0.487 0.0787292817679558 0.09
1 0.5324585635359116 0.218 0.062154696132596686 0.106
1 0.5248618784530387 0.131 0.052486187845303865 0.08