0 0.979420731707317 0.6355140186915887 0.041158536585365856 0.12149532710280374
0 0.9237804878048781 0.8516355140186916 0.07469512195121951 0.1542056074766355
0 0.5701219512195121 0.4696261682242991 0.09908536585365854 0.1588785046728972
0 0.6928353658536586 0.3341121495327103 0.08689024390243902 0.16355140186915887
0 0.739329268292683 0.19042056074766356 0.08689024390243902 0.1588785046728972
0 0.7103658536585366 0.14602803738317757 0.0701219512195122 0.11448598130841121
0 0.31935975609756095 0.01985981308411215 0.07164634146341463 0.0397196261682243
0 0.375 0.8376168224299065 0.08231707317073171 0.12383177570093458
0 0.6333841463414634 0.9637850467289719 0.0899390243902439 0.07242990654205607
1 0.9565548780487805 0.3294392523364486 0.042682926829268296 0.08644859813084112
1 0.8536585365853658 0.4030373831775701 0.0701219512195122 0.15654205607476634
1 0.5495426829268293 0.056074766355140186 0.06859756097560976 0.11214953271028037
1 0.49390243902439024 0.037383177570093455 0.07317073170731707 0.07476635514018691
1 0.20807926829268292 0.33294392523364486 0.07621951219512195 0.10747663551401869
1 0.3086890243902439 0.4766355140186916 0.0701219512195122 0.09813084112149532
1 0.5053353658536586 0.6530373831775701 0.09146341463414634 0.12149532710280374
1 0.5762195121951219 0.6600467289719626 0.09298780487804878 0.14719626168224298
1 0.7248475609756098 0.7593457943925234 0.07926829268292683 0.13551401869158877