0 0.7981927710843374 0.4440789473684211 0.10240963855421686 0.13815789473684212
0 0.6769578313253012 0.9517543859649122 0.09186746987951808 0.09649122807017543
0 0.6219879518072289 0.9780701754385965 0.07530120481927711 0.043859649122807015
0 0.5316265060240963 0.06578947368421052 0.12048192771084337 0.13157894736842105
0 0.46762048192771083 0.08552631578947369 0.10993975903614457 0.17105263157894737
0 0.3817771084337349 0.021929824561403508 0.13102409638554216 0.043859649122807015
0 0.45707831325301207 0.029605263157894735 0.10993975903614457 0.05921052631578947
1 0.7296686746987951 0.7072368421052632 0.09036144578313253 0.1206140350877193
1 0.8004518072289156 0.9320175438596491 0.06626506024096386 0.10526315789473684
1 0.47063253012048195 0.8881578947368421 0.08433734939759036 0.1206140350877193
1 0.41039156626506024 0.3026315789473684 0.0963855421686747 0.13596491228070176
1 0.2628012048192771 0.26973684210526316 0.1144578313253012 0.14035087719298245
1 0.16566265060240964 0.15679824561403508 0.09186746987951808 0.14035087719298245
1 0.1144578313253012 0.10635964912280702 0.07228915662650602 0.11842105263157894
1 0.07379518072289157 0.18201754385964913 0.06927710843373494 0.1074561403508772