0 0.21755725190839695 0.9041666666666667 0.06297709923664122 0.09722222222222222
0 0.45133587786259544 0.9597222222222223 0.08969465648854962 0.08055555555555556
0 0.6230916030534351 0.9861111111111112 0.11641221374045801 0.027777777777777776
0 0.7709923664122137 0.9569444444444445 0.06870229007633588 0.08611111111111111
0 0.8425572519083969 0.2847222222222222 0.061068702290076333 0.13333333333333333
0 0.3683206106870229 0.7833333333333333 0.10687022900763359 0.18055555555555555
0 0.30820610687022904 0.4013888888888889 0.12595419847328243 0.13333333333333333
0 0.2595419847328244 0.041666666666666664 0.11450381679389313 0.08333333333333333
1 0.25095419847328243 0.8736111111111111 0.07251908396946564 0.14722222222222223
1 0.3015267175572519 0.44722222222222224 0.1183206106870229 0.125
1 0.36450381679389315 0.034722222222222224 0.10305343511450382 0.06944444444444445
1 0.8034351145038168 0.6388888888888888 0.06870229007633588 0.125
1 0.7166030534351145 0.7291666666666666 0.10114503816793893 0.15555555555555556
1 0.5696564885496184 0.6972222222222222 0.12404580152671756 0.16666666666666666