0 0.11 0.10148514851485149 0.06545454545454546 0.11633663366336634
0 0.19818181818181818 0.1844059405940594 0.10363636363636364 0.14356435643564355
0 0.20363636363636364 0.2376237623762376 0.12363636363636364 0.16584158415841585
0 0.3836363636363636 0.25 0.10545454545454545 0.16584158415841585
0 0.16727272727272727 0.017326732673267328 0.09454545454545454 0.034653465346534656
0 0.5627272727272727 0.20544554455445543 0.0890909090909091 0.15346534653465346
0 0.8690909090909091 0.40594059405940597 0.08363636363636363 0.07425742574257425
0 0.9354545454545454 0.44801980198019803 0.07454545454545454 0.0891089108910891
1 0.39636363636363636 0.054455445544554455 0.08 0.10891089108910891
1 0.16454545454545455 0.07920792079207921 0.0890909090909091 0.1311881188118812
1 0.023636363636363636 0.37376237623762376 0.04727272727272727 0.0891089108910891
1 0.07727272727272727 0.4158415841584158 0.08181818181818182 0.10148514851485149
1 0.14454545454545453 0.5358910891089109 0.09454545454545454 0.09158415841584158
1 0.7845454545454545 0.35396039603960394 0.07272727272727272 0.1311881188118812
1 0.8381818181818181 0.6349009900990099 0.08 0.11386138613861387
1 0.9045454545454545 0.6274752475247525 0.07090909090909091 0.09900990099009901