0 0.3271513353115727 0.7790948275862069 0.0830860534124629 0.1206896551724138
0 0.2551928783382789 0.7327586206896551 0.07270029673590504 0.10129310344827586
0 0.4050445103857567 0.4859913793103448 0.08605341246290801 0.10344827586206896
0 0.6246290801186943 0.17995689655172414 0.10237388724035608 0.11422413793103449
0 0.7373887240356083 0.21120689655172414 0.09347181008902077 0.10129310344827586
0 0.5467359050445104 0.21120689655172414 0.07863501483679525 0.10344827586206896
0 0.4836795252225519 0.23706896551724138 0.0830860534124629 0.10991379310344827
0 0.19213649851632048 0.2025862068965517 0.09198813056379822 0.11637931034482758
1 0.6661721068249258 0.8415948275862069 0.057863501483679525 0.08189655172413793
1 0.3612759643916914 0.9762931034482759 0.06379821958456973 0.04741379310344827
1 0.2247774480712166 0.41594827586206895 0.08753709198813056 0.07758620689655173
1 0.30415430267062316 0.22413793103448276 0.05637982195845697 0.08620689655172414
1 0.6602373887240356 0.5193965517241379 0.08753709198813056 0.09267241379310345