0 0.9126712328767124 0.2701005025125628 0.07363013698630137 0.09045226130653267
0 0.8801369863013698 0.45226130653266333 0.046232876712328765 0.0829145728643216
0 0.7097602739726028 0.5603015075376885 0.09075342465753425 0.12060301507537688
0 0.4691780821917808 0.9673366834170855 0.0821917808219178 0.06532663316582915
0 0.6772260273972602 0.9685929648241206 0.06678082191780822 0.06281407035175879
0 0.1446917808219178 0.6520100502512562 0.0976027397260274 0.16080402010050251
0 0.3159246575342466 0.3869346733668342 0.125 0.18090452261306533
0 0.4160958904109589 0.40954773869346733 0.1095890410958904 0.16080402010050251
0 0.6378424657534246 0.5791457286432161 0.0976027397260274 0.15326633165829145
1 0.8039383561643836 0.4334170854271357 0.1113013698630137 0.15577889447236182
1 0.7851027397260274 0.714824120603015 0.0702054794520548 0.12562814070351758
1 0.726027397260274 0.8605527638190955 0.08561643835616438 0.13316582914572864
1 0.7148972602739726 0.9635678391959799 0.039383561643835614 0.0728643216080402
1 0.577054794520548 0.8517587939698492 0.0821917808219178 0.12311557788944724
1 0.4571917808219178 0.8819095477386935 0.09931506849315068 0.1306532663316583
1 0.3518835616438356 0.7135678391959799 0.0976027397260274 0.13316582914572864
1 0.2816780821917808 0.7374371859296482 0.0821917808219178 0.12814070351758794
1 0.5573630136986302 0.3241206030150754 0.09417808219178082 0.1507537688442211
1 0.660958904109589 0.228643216080402 0.09075342465753425 0.135678391959799
1 0.6523972602739726 0.10678391959798995 0.0821917808219178 0.12311557788944724