0 0.8013468013468014 0.8368983957219251 0.07575757575757576 0.06684491978609626
0 0.6481481481481481 0.9264705882352942 0.08080808080808081 0.07754010695187166
0 0.20202020202020202 0.5240641711229946 0.08417508417508418 0.1443850267379679
0 0.15572390572390574 0.4157754010695187 0.050505050505050504 0.12566844919786097
0 0.7516835016835017 0.28609625668449196 0.08754208754208755 0.15240641711229946
0 0.7289562289562289 0.13903743315508021 0.06397306397306397 0.13368983957219252
0 0.7079124579124579 0.19117647058823528 0.08754208754208755 0.1443850267379679
1 0.7946127946127947 0.6684491978609626 0.0707070707070707 0.11764705882352941
1 0.7752525252525253 0.553475935828877 0.07744107744107744 0.11764705882352941
1 0.627104377104377 0.6911764705882353 0.09427609427609428 0.14705882352941177
1 0.37542087542087543 0.8181818181818182 0.10942760942760943 0.1443850267379679
1 0.2735690235690236 0.16310160427807488 0.1111111111111111 0.15775401069518716
1 0.4890572390572391 0.013368983957219251 0.07575757575757576 0.026737967914438502
1 0.5900673400673401 0.017379679144385027 0.1026936026936027 0.034759358288770054