0 0.6156832298136646 0.8643497757847534 0.06832298136645963 0.09641255605381166
0 0.6661490683229814 0.7701793721973094 0.10714285714285714 0.15022421524663676
0 0.3718944099378882 0.4820627802690583 0.13198757763975155 0.19955156950672645
0 0.18711180124223603 0.6076233183856502 0.09472049689440994 0.1591928251121076
0 0.14906832298136646 0.6984304932735426 0.06366459627329192 0.10762331838565023
1 0.3563664596273292 0.6771300448430493 0.09316770186335403 0.15246636771300448
1 0.3656832298136646 0.7556053811659192 0.10559006211180125 0.14573991031390135
1 0.6055900621118012 0.655829596412556 0.10403726708074534 0.16367713004484305
1 0.4611801242236025 0.844170403587444 0.09472049689440994 0.13901345291479822
1 0.41459627329192544 0.9573991031390134 0.08695652173913043 0.08520179372197309
1 0.5015527950310559 0.9674887892376681 0.09627329192546584 0.06502242152466367
1 0.35403726708074534 0.9383408071748879 0.046583850931677016 0.06278026905829596