0 0.6828125 0.981651376146789 0.075 0.03669724770642202
0 0.69296875 0.9254587155963303 0.0625 0.08486238532110092
0 0.73359375 0.8337155963302753 0.05 0.09403669724770643
0 0.43828125 0.9552752293577982 0.071875 0.08944954128440367
0 0.42578125 0.4610091743119266 0.0828125 0.12614678899082568
0 0.32578125 0.3853211009174312 0.0921875 0.10550458715596331
0 0.29140625 0.06995412844036697 0.065625 0.11009174311926606
0 0.47421875 0.36926605504587157 0.096875 0.11697247706422019
0 0.84375 0.3795871559633027 0.05 0.0871559633027523
0 0.7796875 0.42201834862385323 0.0625 0.0963302752293578
0 0.6703125 0.5802752293577982 0.0953125 0.11009174311926606
0 0.609375 0.5114678899082569 0.0828125 0.12844036697247707
0 0.534375 0.7522935779816514 0.0796875 0.11697247706422019
1 0.78125 0.555045871559633 0.071875 0.11238532110091744
1 0.7609375 0.11009174311926606 0.103125 0.09862385321100918
1 0.72421875 0.26376146788990823 0.08125 0.11926605504587157
1 0.70546875 0.6181192660550459 0.0625 0.11238532110091744
1 0.63671875 0.7626146788990825 0.065625 0.10321100917431193
1 0.58359375 0.8532110091743119 0.071875 0.13073394495412843
1 0.403125 0.8830275229357798 0.0515625 0.09174311926605505
1 0.41953125 0.8153669724770642 0.0625 0.0963302752293578
1 0.4484375 0.7396788990825688 0.0671875 0.12385321100917432
1 0.5578125 0.6892201834862385 0.06875 0.11697247706422019
1 0.65625 0.11697247706422019 0.0796875 0.12614678899082568
1 0.540625 0.3463302752293578 0.06875 0.09862385321100918
1 0.48203125 0.045871559633027525 0.1046875 0.09174311926605505
1 0.35078125 0.07110091743119266 0.0984375 0.13302752293577982