0 0.8285714285714286 0.014840182648401826 0.0761904761904762 0.02968036529680365
0 0.8666666666666667 0.5616438356164384 0.10158730158730159 0.14383561643835616
0 0.5436507936507936 0.5958904109589042 0.09841269841269841 0.13470319634703196
0 0.30952380952380953 0.1917808219178082 0.07936507936507936 0.11643835616438356
0 0.012698412698412698 0.6232876712328768 0.025396825396825397 0.0821917808219178
1 0.6436507936507937 0.1050228310502283 0.09841269841269841 0.1552511415525114
1 0.9515873015873015 0.2659817351598174 0.07301587301587302 0.09360730593607305
1 0.9380952380952381 0.3242009132420091 0.10476190476190476 0.1506849315068493
1 0.7563492063492063 0.70662100456621 0.10158730158730159 0.1324200913242009
1 0.49682539682539684 0.0593607305936073 0.08888888888888889 0.1187214611872146
1 0.044444444444444446 0.7922374429223744 0.03015873015873016 0.0547945205479452