0 0.44005847953216376 0.984 0.08771929824561403 0.032
0 0.668859649122807 0.874 0.07309941520467836 0.12
0 0.5855263157894737 0.905 0.1023391812865497 0.138
0 0.668859649122807 0.549 0.0935672514619883 0.124
0 0.7171052631578947 0.792 0.06725146198830409 0.1
0 0.42251461988304095 0.769 0.08333333333333333 0.124
0 0.4342105263157895 0.051 0.07163742690058479 0.094
1 0.2543859649122807 0.606 0.0847953216374269 0.118
1 0.5087719298245614 0.981 0.07894736842105263 0.038
1 0.6878654970760234 0.67 0.08333333333333333 0.114
1 0.7551169590643275 0.555 0.08187134502923976 0.104
1 0.5511695906432749 0.798 0.08333333333333333 0.114
1 0.37719298245614036 0.199 0.06286549707602339 0.08