0 0.8104477611940298 0.5959183673469388 0.07164179104477612 0.09795918367346938
0 0.7007462686567164 0.17857142857142858 0.03283582089552239 0.09795918367346938
0 0.458955223880597 0.5744897959183674 0.07164179104477612 0.10408163265306122
0 0.35447761194029853 0.19489795918367347 0.07611940298507462 0.05714285714285714
0 0.282089552238806 0.18877551020408162 0.06865671641791045 0.07142857142857142
0 0.32313432835820893 0.35408163265306125 0.07611940298507462 0.07142857142857142
0 0.691044776119403 0.6387755102040816 0.0791044776119403 0.11224489795918367
1 0.6082089552238806 0.9612244897959183 0.041791044776119404 0.06938775510204082
1 0.8171641791044776 0.9132653061224489 0.05373134328358209 0.0673469387755102
1 0.7813432835820896 0.8714285714285714 0.07014925373134329 0.07959183673469387
1 0.6380597014925373 0.49387755102040815 0.058208955223880594 0.11224489795918367
1 0.4619402985074627 0.3122448979591837 0.056716417910447764 0.07959183673469387
1 0.558955223880597 0.1846938775510204 0.04328358208955224 0.07959183673469387
1 0.2656716417910448 0.5551020408163265 0.08208955223880597 0.04693877551020408
1 0.35447761194029853 0.39693877551020407 0.05970149253731343 0.04693877551020408
1 0.2582089552238806 0.39591836734693875 0.04328358208955224 0.06938775510204082