0 0.7357723577235772 0.8002958579881657 0.08333333333333333 0.16272189349112426
0 0.818089430894309 0.6819526627218935 0.03861788617886179 0.16863905325443787
0 0.7957317073170732 0.5014792899408284 0.10772357723577236 0.1301775147928994
0 0.20223577235772358 0.9275147928994083 0.052845528455284556 0.05325443786982249
0 0.2073170731707317 0.6449704142011834 0.09349593495934959 0.12721893491124261
0 0.2682926829268293 0.2943786982248521 0.13821138211382114 0.19230769230769232
0 0.2804878048780488 0.09319526627218935 0.14227642276422764 0.1863905325443787
0 0.22052845528455284 0.04881656804733728 0.06300813008130081 0.09763313609467456
1 0.8079268292682927 0.17307692307692307 0.11178861788617886 0.14201183431952663
1 0.4176829268292683 0.5103550295857988 0.11382113821138211 0.16272189349112426
1 0.3465447154471545 0.636094674556213 0.08130081300813008 0.10059171597633136
1 0.20426829268292682 0.3121301775147929 0.06910569105691057 0.11834319526627218
1 0.42378048780487804 0.9127218934911243 0.07926829268292683 0.14792899408284024
1 0.6046747967479674 0.613905325443787 0.06910569105691057 0.15680473372781065