0 0.1957547169811321 0.778969957081545 0.0660377358490566 0.10300429184549356
0 0.264937106918239 0.3143776824034335 0.036163522012578615 0.10944206008583691
0 0.27044025157232704 0.22854077253218885 0.03773584905660377 0.08583690987124463
0 0.7012578616352201 0.06759656652360516 0.07861635220125786 0.0536480686695279
0 0.7366352201257862 0.5493562231759657 0.08018867924528301 0.12446351931330472
0 0.6784591194968553 0.5343347639484979 0.07547169811320754 0.12875536480686695
1 0.27122641509433965 0.990343347639485 0.06132075471698113 0.019313304721030045
1 0.24842767295597484 0.8122317596566524 0.09119496855345911 0.07510729613733906
1 0.3419811320754717 0.6276824034334764 0.05817610062893082 0.11158798283261803
1 0.40959119496855345 0.34012875536480686 0.05817610062893082 0.09227467811158799
1 0.3922955974842767 0.22210300429184548 0.06132075471698113 0.09227467811158799
1 0.7311320754716981 0.27682403433476394 0.08333333333333333 0.055793991416309016
1 0.7366352201257862 0.31759656652360513 0.07075471698113207 0.06223175965665236
1 0.6580188679245284 0.29506437768240346 0.06132075471698113 0.06866952789699571