0 0.4057017543859649 0.11382978723404255 0.08333333333333333 0.09787234042553192
0 0.03874269005847953 0.4425531914893617 0.07748538011695906 0.13617021276595745
0 0.1564327485380117 0.5542553191489362 0.07456140350877193 0.1276595744680851
0 0.7551169590643275 0.27872340425531916 0.1154970760233918 0.1574468085106383
0 0.7909356725146199 0.3595744680851064 0.08625730994152046 0.14680851063829786
0 0.8530701754385965 0.4127659574468085 0.11695906432748537 0.1723404255319149
0 0.9488304093567251 0.4968085106382979 0.1023391812865497 0.16808510638297872
0 0.9897660818713451 0.5255319148936171 0.02046783625730994 0.14042553191489363
0 0.42616959064327486 0.8957446808510638 0.10380116959064327 0.1574468085106383
1 0.2741228070175439 0.2776595744680851 0.07894736842105263 0.10212765957446808
1 0.09868421052631579 0.5372340425531915 0.08771929824561403 0.12978723404255318
1 0.28289473684210525 0.7531914893617021 0.08187134502923976 0.11914893617021277
1 0.8823099415204678 0.9340425531914893 0.05555555555555555 0.08723404255319149
1 0.6732456140350878 0.5925531914893617 0.0935672514619883 0.13191489361702127
1 0.7807017543859649 0.725531914893617 0.0804093567251462 0.11702127659574468
1 0.8706140350877193 0.7829787234042553 0.09210526315789473 0.13617021276595745
1 0.8296783625730995 0.34574468085106386 0.09649122807017543 0.1425531914893617