0 0.6025280898876404 0.12398373983739837 0.06460674157303371 0.09552845528455285
0 0.46769662921348315 0.15853658536585366 0.07865168539325842 0.12195121951219512
0 0.7507022471910112 0.15853658536585366 0.05337078651685393 0.06707317073170732
0 0.7865168539325843 0.3556910569105691 0.05758426966292135 0.0975609756097561
0 0.800561797752809 0.2896341463414634 0.037921348314606744 0.05894308943089431
0 0.8377808988764045 0.2266260162601626 0.03932584269662921 0.044715447154471545
1 0.49508426966292135 0.028455284552845527 0.07443820224719101 0.056910569105691054
1 0.6383426966292135 0.19308943089430894 0.0702247191011236 0.09959349593495935
1 0.6425561797752809 0.25203252032520324 0.08567415730337079 0.12398373983739837
1 0.6931179775280899 0.20426829268292682 0.05898876404494382 0.08739837398373984
1 0.735252808988764 0.19613821138211382 0.0449438202247191 0.056910569105691054