0 0.5083841463414634 0.09444444444444444 0.08384146341463415 0.12222222222222222
0 0.7042682926829268 0.08333333333333333 0.057926829268292686 0.08666666666666667
0 0.47789634146341464 0.9411111111111111 0.09603658536585366 0.11777777777777777
0 0.2301829268292683 0.4411111111111111 0.09146341463414634 0.1288888888888889
0 0.17073170731707318 0.35777777777777775 0.07621951219512195 0.11333333333333333
0 0.08307926829268293 0.6888888888888889 0.09298780487804878 0.13777777777777778
0 0.06783536585365854 0.7611111111111111 0.07926829268292683 0.11777777777777777
1 0.03201219512195122 0.4011111111111111 0.06402439024390244 0.12666666666666668
1 0.1486280487804878 0.6755555555555556 0.07317073170731707 0.10444444444444445
1 0.23551829268292682 0.7488888888888889 0.10518292682926829 0.14
1 0.2621951219512195 0.8333333333333334 0.11890243902439024 0.16666666666666666
1 0.7217987804878049 0.4622222222222222 0.08231707317073171 0.11777777777777777
1 0.7233231707317073 0.24333333333333335 0.07317073170731707 0.09777777777777778
1 0.6509146341463414 0.06111111111111111 0.06859756097560976 0.10666666666666667