0 0.03188405797101449 0.2984189723320158 0.05217391304347826 0.1324110671936759
0 0.17318840579710146 0.36264822134387353 0.08115942028985507 0.1225296442687747
0 0.18115942028985507 0.23221343873517786 0.08260869565217391 0.09881422924901186
0 0.06884057971014493 0.15118577075098813 0.04782608695652174 0.07905138339920949
0 0.38333333333333336 0.13142292490118576 0.06956521739130435 0.07312252964426877
0 0.6485507246376812 0.20355731225296442 0.08115942028985507 0.07509881422924901
0 0.7217391304347827 0.2025691699604743 0.05507246376811594 0.0533596837944664
0 0.8521739130434782 0.5810276679841897 0.04492753623188406 0.09288537549407115
0 0.8543478260869565 0.633399209486166 0.050724637681159424 0.06324110671936758
0 0.8130434782608695 0.7272727272727273 0.0463768115942029 0.08498023715415019
1 0.02246376811594203 0.5158102766798419 0.03333333333333333 0.037549407114624504
1 0.10579710144927536 0.5227272727272727 0.08115942028985507 0.0691699604743083
1 0.2826086956521739 0.46047430830039526 0.08550724637681159 0.06521739130434782
1 0.04492753623188406 0.208498023715415 0.06376811594202898 0.08498023715415019
1 0.263768115942029 0.15316205533596838 0.05507246376811594 0.07905138339920949
1 0.2644927536231884 0.28063241106719367 0.06376811594202898 0.09683794466403162
1 0.6181159420289855 0.40118577075098816 0.07681159420289856 0.09288537549407115
1 0.7231884057971014 0.358695652173913 0.06666666666666667 0.07509881422924901
1 0.7355072463768116 0.5968379446640316 0.05217391304347826 0.06719367588932806
1 0.95 0.6877470355731226 0.04492753623188406 0.05731225296442688
1 0.6731884057971015 0.7964426877470355 0.07246376811594203 0.08695652173913043