0 0.7299107142857143 0.22602739726027396 0.05654761904761905 0.09817351598173515
0 0.6726190476190477 0.24315068493150685 0.06547619047619048 0.0867579908675799
0 0.5840773809523809 0.3481735159817352 0.06101190476190476 0.0776255707762557
0 0.796875 0.4440639269406393 0.06101190476190476 0.10273972602739725
0 0.6860119047619048 0.7351598173515982 0.08630952380952381 0.091324200913242
0 0.32068452380952384 0.7226027397260274 0.06398809523809523 0.1095890410958904
0 0.2619047619047619 0.2888127853881279 0.07291666666666667 0.1461187214611872
0 0.27232142857142855 0.16210045662100456 0.05357142857142857 0.07534246575342465
1 0.6941964285714286 0.9429223744292238 0.05952380952380952 0.08904109589041095
1 0.3802083333333333 0.9509132420091324 0.052083333333333336 0.0639269406392694
1 0.8258928571428571 0.16666666666666666 0.044642857142857144 0.08904109589041095
1 0.5892857142857143 0.033105022831050226 0.08928571428571429 0.0547945205479452
1 0.45461309523809523 0.3401826484018265 0.05505952380952381 0.1278538812785388