0 0.46605960264900664 0.34541062801932365 0.09105960264900662 0.13768115942028986
0 0.4445364238410596 0.4746376811594203 0.11754966887417219 0.08454106280193237
0 0.6771523178807947 0.03260869565217391 0.076158940397351 0.06521739130434782
0 0.6912251655629139 0.10144927536231885 0.08774834437086093 0.07246376811594203
0 0.7417218543046358 0.03140096618357488 0.08609271523178808 0.06280193236714976
0 0.8054635761589404 0.04589371980676329 0.054635761589403975 0.06763285024154589
0 0.8211920529801324 0.4553140096618358 0.04470198675496689 0.12560386473429952
0 0.8087748344370861 0.961352657004831 0.0695364238410596 0.04830917874396135
1 0.5860927152317881 0.22705314009661837 0.08278145695364239 0.12077294685990338
1 0.25496688741721857 0.5543478260869565 0.061258278145695365 0.13043478260869565
1 0.29718543046357615 0.7789855072463768 0.08443708609271523 0.13526570048309178
1 0.831953642384106 0.8115942028985508 0.0380794701986755 0.0893719806763285