0 0.516728624535316 0.8432432432432433 0.08178438661710037 0.16486486486486487
0 0.8513011152416357 0.6337837837837837 0.11895910780669144 0.14594594594594595
0 0.9470260223048327 0.6094594594594595 0.10594795539033457 0.11081081081081082
0 0.9507434944237918 0.33783783783783783 0.08921933085501858 0.15945945945945947
0 0.9563197026022305 0.22297297297297297 0.05947955390334572 0.2
0 0.6877323420074349 0.07027027027027027 0.1412639405204461 0.14054054054054055
0 0.862453531598513 0.02837837837837838 0.11524163568773234 0.05675675675675676
1 0.3150557620817844 0.9243243243243243 0.0762081784386617 0.15135135135135136
1 0.5947955390334573 0.9554054054054054 0.12267657992565056 0.08378378378378379
1 0.9507434944237918 0.5121621621621621 0.09851301115241635 0.1918918918918919
1 0.9321561338289963 0.22702702702702704 0.08178438661710037 0.1837837837837838