0 0.5121753246753247 0.7630331753554502 0.08441558441558442 0.15165876777251186
0 0.4253246753246753 0.9691943127962085 0.07467532467532467 0.061611374407582936
0 0.7816558441558441 0.514218009478673 0.11201298701298701 0.14454976303317535
0 0.8612012987012987 0.47393364928909953 0.09740259740259741 0.11137440758293839
0 0.8425324675324676 0.23696682464454977 0.09415584415584416 0.15165876777251186
0 0.8555194805194806 0.12677725118483413 0.11363636363636363 0.1990521327014218
0 0.5868506493506493 0.06516587677725119 0.1314935064935065 0.13033175355450238
1 0.3482142857142857 0.8850710900473934 0.07954545454545454 0.16113744075829384
1 0.5974025974025974 0.8755924170616114 0.12337662337662338 0.15402843601895735
1 0.952922077922078 0.7808056872037915 0.09415584415584416 0.0924170616113744
1 0.8603896103896104 0.3886255924170616 0.10714285714285714 0.18009478672985782
1 0.8133116883116883 0.1457345971563981 0.08603896103896104 0.16824644549763032