0 0.85 0.28791469194312796 0.060655737704918035 0.10426540284360189
0 0.8180327868852459 0.3590047393364929 0.06721311475409836 0.0924170616113744
0 0.989344262295082 0.6137440758293838 0.021311475409836064 0.08056872037914692
0 0.8803278688524591 0.9703791469194313 0.04262295081967213 0.05924170616113744
0 0.7270491803278688 0.9443127962085308 0.05573770491803279 0.06872037914691943
0 0.6754098360655738 0.8755924170616114 0.06557377049180328 0.07582938388625593
0 0.6163934426229508 0.8554502369668247 0.06393442622950819 0.08530805687203792
0 0.7688524590163934 0.9739336492890995 0.04918032786885246 0.052132701421800945
0 0.7909836065573771 0.9869668246445498 0.054098360655737705 0.026066350710900472
0 0.8778688524590164 0.9478672985781991 0.06229508196721312 0.08767772511848342
1 0.9606557377049181 0.4324644549763033 0.06557377049180328 0.1018957345971564
1 0.9393442622950819 0.4075829383886256 0.05737704918032787 0.09004739336492891
1 0.6959016393442623 0.16113744075829384 0.08524590163934426 0.14454976303317535
1 0.910655737704918 0.5165876777251185 0.07540983606557378 0.11611374407582939
1 0.6434426229508197 0.5710900473933649 0.11475409836065574 0.15402843601895735
1 0.7860655737704918 0.7014218009478673 0.07540983606557378 0.0995260663507109
1 0.8590163934426229 0.7713270142180095 0.05737704918032787 0.07582938388625593
1 0.9344262295081968 0.7286729857819905 0.05901639344262295 0.07819905213270142
1 0.9459016393442623 0.7985781990521327 0.03278688524590164 0.061611374407582936
1 0.8803278688524591 0.830568720379147 0.05737704918032787 0.08056872037914692
1 0.8639344262295082 0.990521327014218 0.04590163934426229 0.018957345971563982