0 0.1971299093655589 0.28202479338842973 0.08610271903323263 0.11570247933884298
0 0.2590634441087613 0.3347107438016529 0.08006042296072508 0.11776859504132231
0 0.5551359516616314 0.14049586776859505 0.07401812688821752 0.0743801652892562
0 0.6321752265861027 0.12706611570247933 0.07854984894259819 0.07851239669421488
0 0.702416918429003 0.038223140495867766 0.08459214501510574 0.07644628099173553
0 0.8036253776435045 0.026859504132231406 0.07250755287009064 0.05371900826446281
0 0.9274924471299094 0.378099173553719 0.07401812688821752 0.10537190082644628
0 0.9705438066465257 0.5433884297520661 0.05891238670694864 0.08264462809917356
0 0.8761329305135952 0.6425619834710744 0.06646525679758308 0.08677685950413223
0 0.775679758308157 0.7097107438016529 0.0634441087613293 0.09710743801652892
1 0.0256797583081571 0.4018595041322314 0.0513595166163142 0.13016528925619836
1 0.05891238670694864 0.5144628099173554 0.07099697885196375 0.11570247933884298
1 0.6351963746223565 0.8161157024793388 0.06948640483383686 0.09710743801652892
1 0.5913897280966768 0.3047520661157025 0.08157099697885196 0.10743801652892562
1 0.7001510574018127 0.26962809917355374 0.0770392749244713 0.10330578512396695
1 0.8141993957703928 0.15392561983471073 0.0770392749244713 0.10537190082644628
1 0.9003021148036254 0.17768595041322313 0.06042296072507553 0.07851239669421488
1 0.8640483383685801 0.22933884297520662 0.06646525679758308 0.08471074380165289
1 0.9546827794561934 0.368801652892562 0.0513595166163142 0.06611570247933884
1 0.9833836858006042 0.3285123966942149 0.03323262839879154 0.06198347107438017
1 0.8119335347432024 0.5010330578512396 0.054380664652567974 0.07024793388429752