0 0.7864238410596026 0.15579710144927536 0.057947019867549666 0.06038647342995169
0 0.7798013245033113 0.23550724637681159 0.08443708609271523 0.12560386473429952
0 0.40811258278145696 0.04710144927536232 0.11423841059602649 0.09420289855072464
0 0.34271523178807944 0.01932367149758454 0.09271523178807947 0.03864734299516908
0 0.173841059602649 0.5434782608695652 0.12748344370860928 0.16908212560386474
0 0.3021523178807947 0.7862318840579711 0.15397350993377484 0.18357487922705315
0 0.3609271523178808 0.892512077294686 0.11920529801324503 0.1642512077294686
0 0.4867549668874172 0.9480676328502415 0.10264900662251655 0.10386473429951691
0 0.5306291390728477 0.9806763285024155 0.10430463576158941 0.03864734299516908
1 0.6332781456953642 0.049516908212560384 0.048013245033112585 0.04589371980676329
1 0.3658940397350993 0.3007246376811594 0.10099337748344371 0.14492753623188406
1 0.20943708609271522 0.7330917874396136 0.09271523178807947 0.11594202898550725