0 0.7093558282208589 0.03303964757709251 0.06595092024539877 0.06607929515418502
0 0.5383435582822086 0.21696035242290748 0.06748466257668712 0.10792951541850221
0 0.718558282208589 0.6101321585903083 0.04447852760736196 0.0881057268722467
0 0.7323619631901841 0.7059471365638766 0.05214723926380368 0.1013215859030837
0 0.3029141104294479 0.31387665198237885 0.0736196319018405 0.09911894273127753
0 0.19248466257668712 0.40308370044052866 0.07975460122699386 0.09911894273127753
0 0.11886503067484662 0.15859030837004406 0.06134969325153374 0.07488986784140969
1 0.17101226993865032 0.12555066079295155 0.06748466257668712 0.05506607929515418
1 0.48006134969325154 0.4063876651982379 0.06901840490797546 0.11674008810572688
1 0.7078220858895705 0.34801762114537443 0.08282208588957055 0.1277533039647577
1 0.5912576687116564 0.697136563876652 0.05368098159509203 0.09251101321585903
1 0.5843558282208589 0.7830396475770925 0.05674846625766871 0.0947136563876652