0 0.4578125 0.05555555555555555 0.0875 0.1111111111111111
0 0.25390625 0.1581196581196581 0.0859375 0.11965811965811966
0 0.43046875 0.11965811965811966 0.096875 0.1452991452991453
0 0.5921875 0.9134615384615384 0.0828125 0.09615384615384616
0 0.540625 0.8034188034188035 0.1 0.13247863247863248
0 0.1953125 0.7478632478632479 0.071875 0.0876068376068376
0 0.39296875 0.9252136752136753 0.0625 0.09401709401709402
1 0.5984375 0.30448717948717946 0.071875 0.1111111111111111
1 0.33671875 0.2168803418803419 0.0890625 0.1111111111111111
1 0.54296875 0.967948717948718 0.0703125 0.0641025641025641
1 0.61640625 0.6933760683760684 0.0765625 0.09401709401709402
1 0.23984375 0.5566239316239316 0.075 0.09188034188034189
1 0.23671875 0.8044871794871795 0.0625 0.08974358974358974