0 0.7508417508417509 0.26795580110497236 0.06060606060606061 0.12154696132596685
0 0.5563973063973064 0.2085635359116022 0.08585858585858586 0.13535911602209943
0 0.4713804713804714 0.24585635359116023 0.07744107744107744 0.1464088397790055
0 0.4175084175084175 0.23204419889502761 0.1111111111111111 0.16574585635359115
0 0.33080808080808083 0.08011049723756906 0.05723905723905724 0.052486187845303865
0 0.28703703703703703 0.17679558011049723 0.06397306397306397 0.10497237569060773
0 0.26430976430976433 0.6767955801104972 0.08080808080808081 0.13535911602209943
0 0.2441077441077441 0.255524861878453 0.05723905723905724 0.09392265193370165
0 0.35269360269360267 0.5994475138121547 0.05555555555555555 0.12430939226519337
0 0.8358585858585859 0.6422651933701657 0.05555555555555555 0.11602209944751381
1 0.6026936026936027 0.08425414364640885 0.07744107744107744 0.15193370165745856
1 0.8072390572390572 0.4972375690607735 0.05387205387205387 0.1298342541436464
1 0.7491582491582491 0.43922651933701656 0.1026936026936027 0.17403314917127072
1 0.32996632996632996 0.9765193370165746 0.07407407407407407 0.04696132596685083
1 0.6001683501683501 0.5386740331491713 0.08249158249158249 0.16574585635359115
1 0.47053872053872053 0.6187845303867403 0.09259259259259259 0.14917127071823205
1 0.35858585858585856 0.3011049723756906 0.06060606060606061 0.13259668508287292
1 0.3274410774410774 0.3839779005524862 0.06565656565656566 0.12154696132596685
1 0.5749158249158249 0.7817679558011049 0.06565656565656566 0.11049723756906077
1 0.25 0.32044198895027626 0.05555555555555555 0.09668508287292818