0 0.35074626865671643 0.25643776824034337 0.08656716417910448 0.12446351931330472
0 0.08432835820895522 0.3444206008583691 0.07462686567164178 0.10944206008583691
0 0.3037313432835821 0.7714592274678111 0.0791044776119403 0.10944206008583691
0 0.6358208955223881 0.9163090128755365 0.06417910447761194 0.09656652360515021
0 0.594776119402985 0.9592274678111588 0.05522388059701493 0.0815450643776824
0 0.7805970149253731 0.41952789699570814 0.056716417910447764 0.07725321888412018
0 0.9119402985074627 0.5332618025751072 0.07164179104477612 0.10085836909871244
1 0.1619402985074627 0.09012875536480687 0.07611940298507462 0.11158798283261803
1 0.26343283582089555 0.3776824034334764 0.0880597014925373 0.12660944206008584
1 0.11940298507462686 0.5933476394849786 0.08358208955223881 0.12446351931330472
1 0.47388059701492535 0.8594420600858369 0.07014925373134329 0.09656652360515021
1 0.4955223880597015 0.9012875536480687 0.056716417910447764 0.0815450643776824
1 0.5298507462686567 0.8015021459227468 0.08208955223880597 0.11802575107296137
1 0.6567164179104478 0.49141630901287553 0.08208955223880597 0.11373390557939914
1 0.9156716417910448 0.7081545064377682 0.06716417910447761 0.09012875536480687