0 0.6869369369369369 0.9354508196721312 0.09759759759759759 0.1290983606557377
0 0.545045045045045 0.9836065573770492 0.08108108108108109 0.03278688524590164
0 0.7815315315315315 0.5963114754098361 0.07057057057057058 0.0860655737704918
0 0.7364864864864865 0.48565573770491804 0.07507507507507508 0.10860655737704918
0 0.765015015015015 0.4354508196721312 0.052552552552552555 0.0942622950819672
0 0.7807807807807807 0.3350409836065574 0.057057057057057055 0.10450819672131148
0 0.42042042042042044 0.011270491803278689 0.05405405405405406 0.022540983606557378
0 0.243993993993994 0.39241803278688525 0.09009009009009009 0.14344262295081966
1 0.7102102102102102 0.7653688524590164 0.07207207207207207 0.08811475409836066
1 0.5743243243243243 0.5389344262295082 0.07807807807807808 0.09221311475409837
1 0.6599099099099099 0.38524590163934425 0.06156156156156156 0.09016393442622951
1 0.6433933933933934 0.2305327868852459 0.08558558558558559 0.11475409836065574
1 0.5165165165165165 0.08196721311475409 0.057057057057057055 0.08196721311475409
1 0.3475975975975976 0.2028688524590164 0.07357357357357357 0.0942622950819672