0 0.4030612244897959 0.23839662447257384 0.06559766763848396 0.08227848101265822
0 0.6639941690962099 0.1149789029535865 0.04081632653061224 0.09915611814345991
0 0.64067055393586 0.03481012658227848 0.033527696793002916 0.06962025316455696
0 0.532069970845481 0.3407172995780591 0.08017492711370262 0.10337552742616034
0 0.3294460641399417 0.4957805907172996 0.08017492711370262 0.0759493670886076
0 0.4868804664723032 0.9324894514767933 0.0641399416909621 0.056962025316455694
0 0.3819241982507289 0.8343881856540084 0.037900874635568516 0.06329113924050633
1 0.48833819241982507 0.015822784810126583 0.04956268221574344 0.03164556962025317
1 0.5721574344023324 0.0580168776371308 0.04081632653061224 0.07172995780590717
1 0.48833819241982507 0.22468354430379747 0.06268221574344024 0.13291139240506328
1 0.4293002915451895 0.6561181434599156 0.09475218658892129 0.09071729957805907
1 0.30466472303207 0.8280590717299579 0.09183673469387756 0.08649789029535865
1 0.21574344023323616 0.7827004219409283 0.08309037900874636 0.11392405063291139
1 0.5750728862973761 0.8048523206751055 0.05539358600583091 0.07383966244725738