0 0.38145896656534956 0.14937759336099585 0.10030395136778116 0.12033195020746888
0 0.16945288753799392 0.34232365145228216 0.05623100303951368 0.11410788381742738
0 0.1884498480243161 0.43983402489626555 0.0851063829787234 0.1078838174273859
0 0.32750759878419455 0.5954356846473029 0.07598784194528875 0.1016597510373444
0 0.28799392097264437 0.7551867219917012 0.037993920972644375 0.1016597510373444
0 0.31762917933130697 0.8371369294605809 0.04711246200607903 0.09336099585062241
0 0.7378419452887538 0.6203319502074689 0.07750759878419453 0.11618257261410789
1 0.1337386018237082 0.08506224066390042 0.0547112462006079 0.04979253112033195
1 0.19300911854103345 0.08298755186721991 0.057750759878419454 0.06639004149377593
1 0.24164133738601823 0.13278008298755187 0.06990881458966565 0.08921161825726141
1 0.24088145896656535 0.6680497925311203 0.06990881458966565 0.07261410788381743
1 0.5311550151975684 0.6753112033195021 0.0668693009118541 0.0954356846473029
1 0.3700607902735562 0.6856846473029046 0.060790273556231005 0.07468879668049792
1 0.4399696048632219 0.8371369294605809 0.05623100303951368 0.07261410788381743
1 0.7310030395136778 0.828838174273859 0.07142857142857142 0.07883817427385892