0 0.1227106227106227 0.90375 0.1043956043956044 0.15
0 0.29304029304029305 0.61 0.10622710622710622 0.115
0 0.36904761904761907 0.6625 0.1043956043956044 0.1575
0 0.11263736263736264 0.27875 0.11172161172161173 0.15
0 0.29212454212454214 0.1825 0.09706959706959707 0.1125
0 0.7957875457875457 0.1475 0.08608058608058608 0.125
0 0.825091575091575 0.19625 0.08241758241758242 0.135
0 0.9194139194139194 0.76125 0.08241758241758242 0.1125
0 0.902014652014652 0.78 0.07509157509157509 0.095
1 0.019230769230769232 0.3875 0.038461538461538464 0.09
1 0.07417582417582418 0.6175 0.08424908424908426 0.0825
1 0.15567765567765568 0.3675 0.09157509157509157 0.11
1 0.33882783882783885 0.2775 0.09157509157509157 0.11
1 0.532051282051282 0.185 0.07509157509157509 0.1225
1 0.5989010989010989 0.7825 0.09523809523809523 0.135
1 0.6932234432234432 0.8625 0.06776556776556776 0.12
1 0.7628205128205128 0.4525 0.10256410256410256 0.1275
1 0.6034798534798534 0.20875 0.08974358974358974 0.1375