0 0.27248201438848924 0.3066502463054187 0.12410071942446044 0.1477832512315271
0 0.3462230215827338 0.013546798029556651 0.08453237410071943 0.027093596059113302
0 0.44964028776978415 0.05788177339901478 0.09712230215827339 0.11576354679802955
0 0.6205035971223022 0.17733990147783252 0.10431654676258993 0.1354679802955665
0 0.8111510791366906 0.437192118226601 0.08453237410071943 0.08620689655172414
0 0.5890287769784173 0.9778325123152709 0.09892086330935251 0.04433497536945813
1 0.16546762589928057 0.04556650246305419 0.09712230215827339 0.09113300492610837
1 0.27967625899280574 0.11083743842364532 0.08812949640287769 0.11576354679802955
1 0.6807553956834532 0.5073891625615764 0.09712230215827339 0.12315270935960591
1 0.7814748201438849 0.6711822660098522 0.10971223021582734 0.14532019704433496
1 0.5449640287769785 0.7733990147783252 0.11510791366906475 0.15763546798029557
1 0.4307553956834532 0.9655172413793104 0.07014388489208633 0.06896551724137931
1 0.6321942446043165 0.9039408866995073 0.08633093525179857 0.10591133004926108