0 0.4229559748427673 0.8755555555555555 0.06761006289308176 0.07777777777777778
0 0.43474842767295596 0.7588888888888888 0.0660377358490566 0.13111111111111112
0 0.41273584905660377 0.5311111111111111 0.05817610062893082 0.11777777777777777
0 0.11713836477987422 0.9333333333333333 0.06761006289308176 0.11777777777777777
0 0.8946540880503144 0.18888888888888888 0.06132075471698113 0.057777777777777775
0 0.3388364779874214 0.3322222222222222 0.0959119496855346 0.10222222222222223
0 0.30660377358490565 0.22777777777777777 0.055031446540880505 0.1288888888888889
0 0.025157232704402517 0.3622222222222222 0.04874213836477988 0.10666666666666667
1 0.9205974842767296 0.43444444444444447 0.06761006289308176 0.08222222222222222
1 0.0959119496855346 0.15555555555555556 0.07861635220125786 0.10666666666666667
1 0.1391509433962264 0.5355555555555556 0.08333333333333333 0.1
1 0.1949685534591195 0.6555555555555556 0.08176100628930817 0.10666666666666667
1 0.1761006289308176 0.7944444444444444 0.09119496855345911 0.1
1 0.3380503144654088 0.8488888888888889 0.05817610062893082 0.07333333333333333
1 0.04245283018867924 0.7011111111111111 0.07232704402515723 0.09333333333333334
1 0.4331761006289308 0.9511111111111111 0.05188679245283019 0.08
1 0.2028301886792453 0.9722222222222222 0.05817610062893082 0.042222222222222223