0 0.2631578947368421 0.01675977653631285 0.056140350877192984 0.0335195530726257
0 0.22982456140350876 0.3058659217877095 0.07368421052631578 0.15083798882681565
0 0.22017543859649122 0.4371508379888268 0.07017543859649122 0.12569832402234637
0 0.2614035087719298 0.38268156424581007 0.08596491228070176 0.12569832402234637
0 0.7166666666666667 0.40782122905027934 0.07543859649122807 0.11452513966480447
0 0.18421052631578946 0.8687150837988827 0.04912280701754386 0.11731843575418995
0 0.23333333333333334 0.9329608938547486 0.056140350877192984 0.05865921787709497
1 0.4780701754385965 0.025139664804469275 0.0824561403508772 0.05027932960893855
1 0.6105263157894737 0.04189944134078212 0.06842105263157895 0.06424581005586592
1 0.6535087719298246 0.7793296089385475 0.11052631578947368 0.1424581005586592
1 0.6868421052631579 0.9483240223463687 0.06842105263157895 0.06424581005586592
1 0.5491228070175439 0.9441340782122905 0.08421052631578947 0.11173184357541899
1 0.48947368421052634 0.9413407821229051 0.07017543859649122 0.11731843575418995
1 0.39473684210526316 0.7611731843575419 0.08947368421052632 0.0893854748603352
1 0.30964912280701756 0.696927374301676 0.1 0.12290502793296089
1 0.2964912280701754 0.04748603351955307 0.08771929824561403 0.09497206703910614