0 0.16666666666666666 0.7707253886010362 0.09803921568627451 0.15284974093264247
0 0.014705882352941176 0.46243523316062174 0.029411764705882353 0.08031088082901554
0 0.2687908496732026 0.7759067357512953 0.08333333333333333 0.13471502590673576
0 0.3014705882352941 0.8432642487046632 0.09640522875816994 0.16062176165803108
0 0.397875816993464 0.9365284974093264 0.09967320261437909 0.12694300518134716
0 0.5302287581699346 0.9598445595854922 0.09313725490196079 0.08031088082901554
0 0.2900326797385621 0.5207253886010362 0.08496732026143791 0.13212435233160622
1 0.6356209150326797 0.18393782383419688 0.08496732026143791 0.12953367875647667
1 0.4959150326797386 0.5297927461139896 0.08986928104575163 0.14248704663212436
1 0.04820261437908497 0.44559585492227977 0.09640522875816994 0.15025906735751296
1 0.13480392156862744 0.9598445595854922 0.08006535947712418 0.08031088082901554