0 0.6035825545171339 0.8880090497737556 0.08099688473520249 0.1425339366515837
0 0.17601246105919002 0.6843891402714932 0.102803738317757 0.14479638009049775
0 0.26246105919003115 0.3936651583710407 0.102803738317757 0.14479638009049775
0 0.3442367601246106 0.05656108597285068 0.10903426791277258 0.11312217194570136
0 0.5171339563862928 0.03619909502262444 0.09657320872274143 0.07239819004524888
0 0.677570093457944 0.333710407239819 0.1261682242990654 0.17873303167420815
0 0.7313084112149533 0.41855203619909503 0.1059190031152648 0.167420814479638
0 0.8341121495327103 0.47850678733031676 0.13551401869158877 0.19683257918552036
1 0.4766355140186916 0.6911764705882353 0.08722741433021806 0.16289592760180996
1 0.23909657320872274 0.45475113122171945 0.11059190031152648 0.1425339366515837
1 0.34657320872274144 0.08257918552036199 0.12149532710280374 0.16289592760180996
1 0.514018691588785 0.3495475113122172 0.11993769470404984 0.1493212669683258