0 0.39348591549295775 0.8365384615384616 0.09330985915492958 0.125
0 0.7711267605633803 0.1045673076923077 0.051056338028169015 0.13221153846153846
0 0.7508802816901409 0.04326923076923077 0.04401408450704225 0.08653846153846154
0 0.6109154929577465 0.17548076923076922 0.10387323943661972 0.14903846153846154
0 0.6302816901408451 0.028846153846153848 0.08450704225352113 0.057692307692307696
0 0.6892605633802817 0.016826923076923076 0.11795774647887323 0.03365384615384615
0 0.414612676056338 0.026442307692307692 0.08274647887323944 0.052884615384615384
1 0.733274647887324 0.03485576923076923 0.061619718309859156 0.06971153846153846
1 0.40316901408450706 0.14543269230769232 0.09859154929577464 0.15625
1 0.26936619718309857 0.625 0.07394366197183098 0.09375
1 0.7077464788732394 0.3233173076923077 0.08450704225352113 0.10817307692307693
1 0.8151408450704225 0.36177884615384615 0.08626760563380281 0.10576923076923077