0 0.5972727272727273 0.019345238095238096 0.1 0.03869047619047619
0 0.5218181818181818 0.08035714285714286 0.08181818181818182 0.13095238095238096
0 0.6954545454545454 0.47470238095238093 0.08727272727272728 0.14583333333333334
0 0.6663636363636364 0.5520833333333334 0.09454545454545454 0.16071428571428573
0 0.48454545454545456 0.5163690476190477 0.08 0.13095238095238096
0 0.6472727272727272 0.6622023809523809 0.09454545454545454 0.16071428571428573
0 0.43 0.5238095238095238 0.10727272727272727 0.18452380952380953
0 0.3881818181818182 0.6205357142857143 0.11454545454545455 0.18154761904761904
0 0.19454545454545455 0.5639880952380952 0.09454545454545454 0.15773809523809523
0 0.7163636363636363 0.3333333333333333 0.06181818181818182 0.10416666666666667
1 0.4354545454545454 0.12053571428571429 0.11818181818181818 0.19642857142857142
1 0.6990909090909091 0.2261904761904762 0.10727272727272727 0.18154761904761904
1 0.7345454545454545 0.6145833333333334 0.09272727272727273 0.15773809523809523
1 0.5618181818181818 0.4419642857142857 0.09636363636363636 0.1636904761904762
1 0.6154545454545455 0.38392857142857145 0.07090909090909091 0.12202380952380952
1 0.6018181818181818 0.28422619047619047 0.11454545454545455 0.19047619047619047
1 0.31727272727272726 0.23660714285714285 0.13090909090909092 0.21428571428571427
1 0.1618181818181818 0.43154761904761907 0.13636363636363635 0.22023809523809523
1 0.3327272727272727 0.7440476190476191 0.11454545454545455 0.19345238095238096