0 0.1806853582554517 0.10180995475113122 0.06230529595015576 0.07918552036199095
0 0.20482866043613707 0.10067873303167421 0.056074766355140186 0.08597285067873303
0 0.3348909657320872 0.27149321266968324 0.08255451713395638 0.13122171945701358
0 0.17834890965732086 0.26018099547511314 0.08566978193146417 0.10633484162895927
0 0.21339563862928349 0.745475113122172 0.0794392523364486 0.1085972850678733
0 0.7383177570093458 0.7070135746606335 0.09345794392523364 0.13574660633484162
0 0.5693146417445483 0.9445701357466063 0.08722741433021806 0.10633484162895927
0 0.8014018691588785 0.8699095022624435 0.08878504672897196 0.11538461538461539
0 0.6137071651090342 0.06221719457013575 0.08099688473520249 0.1244343891402715
0 0.631619937694704 0.17307692307692307 0.05451713395638629 0.09276018099547512
0 0.6612149532710281 0.25678733031674206 0.045171339563862926 0.11085972850678733
1 0.4742990654205608 0.1346153846153846 0.056074766355140186 0.09954751131221719
1 0.4867601246105919 0.3178733031674208 0.06230529595015576 0.10633484162895927
1 0.5241433021806854 0.5282805429864253 0.06697819314641744 0.11085972850678733
1 0.20249221183800623 0.5418552036199095 0.08099688473520249 0.09502262443438914
1 0.34579439252336447 0.0418552036199095 0.06386292834890965 0.038461538461538464