0 0.45454545454545453 0.930327868852459 0.06228956228956229 0.10655737704918032
0 0.6927609427609428 0.23497267759562843 0.11784511784511785 0.15027322404371585
0 0.8005050505050505 0.3251366120218579 0.030303030303030304 0.12021857923497267
0 0.2112794612794613 0.1051912568306011 0.016835016835016835 0.11748633879781421
0 0.37457912457912457 0.2691256830601093 0.08585858585858586 0.1557377049180328
0 0.3282828282828283 0.4644808743169399 0.058922558922558925 0.11202185792349727
0 0.31734006734006737 0.7377049180327869 0.05387205387205387 0.10109289617486339
0 0.2037037037037037 0.9166666666666666 0.02861952861952862 0.07103825136612021
1 0.6641414141414141 0.9617486338797814 0.05555555555555555 0.07650273224043716
1 0.6498316498316499 0.8975409836065574 0.05218855218855219 0.11475409836065574
1 0.5614478114478114 0.7062841530054644 0.04882154882154882 0.12568306010928962
1 0.7904040404040404 0.4713114754098361 0.04377104377104377 0.1366120218579235
1 0.49747474747474746 0.3128415300546448 0.06902356902356903 0.13934426229508196
1 0.19696969696969696 0.5956284153005464 0.020202020202020204 0.10655737704918032
1 0.2845117845117845 0.8387978142076503 0.058922558922558925 0.09562841530054644