0 0.5925 0.012135922330097087 0.10833333333333334 0.024271844660194174
0 0.6833333333333333 0.22815533980582525 0.11333333333333333 0.1553398058252427
0 0.735 0.025485436893203883 0.05333333333333334 0.050970873786407765
0 0.85 0.6601941747572816 0.10333333333333333 0.15776699029126215
0 0.755 0.5606796116504854 0.14333333333333334 0.18689320388349515
0 0.62 0.6189320388349514 0.12833333333333333 0.16262135922330098
0 0.5433333333333333 0.7973300970873787 0.10833333333333334 0.16019417475728157
0 0.44 0.8786407766990292 0.12333333333333334 0.16262135922330098
0 0.4241666666666667 0.9830097087378641 0.065 0.03398058252427184
0 0.3541666666666667 0.9490291262135923 0.08833333333333333 0.10194174757281553
1 0.6033333333333334 0.2487864077669903 0.10833333333333334 0.1529126213592233
1 0.7858333333333334 0.25485436893203883 0.06833333333333333 0.15048543689320387