0 0.5998322147651006 0.16666666666666666 0.06879194630872483 0.04830917874396135
0 0.6661073825503355 0.18115942028985507 0.05536912751677853 0.06280193236714976
0 0.7575503355704698 0.23671497584541062 0.06879194630872483 0.11594202898550725
0 0.9320469798657718 0.4722222222222222 0.04865771812080537 0.0748792270531401
0 0.735738255033557 0.4420289855072464 0.06375838926174497 0.09420289855072464
0 0.5864093959731543 0.6582125603864735 0.07046979865771812 0.10386473429951691
0 0.5679530201342282 0.7548309178743962 0.06375838926174497 0.0821256038647343
0 0.6451342281879194 0.8876811594202898 0.050335570469798654 0.07729468599033816
1 0.6375838926174496 0.3852657004830918 0.06711409395973154 0.0748792270531401
1 0.7256711409395973 0.36835748792270534 0.07046979865771812 0.06038647342995169
1 0.8489932885906041 0.4082125603864734 0.05704697986577181 0.06763285024154589
1 0.9656040268456376 0.3031400966183575 0.04530201342281879 0.06521739130434782
1 0.7374161073825504 0.6473429951690821 0.0738255033557047 0.06038647342995169
1 0.7181208053691275 0.7234299516908212 0.04865771812080537 0.09178743961352658
1 0.6971476510067114 0.8200483091787439 0.05536912751677853 0.10628019323671498
1 0.4890939597315436 0.856280193236715 0.07214765100671142 0.12318840579710146