0 0.2777777777777778 0.7622950819672131 0.07657657657657657 0.09631147540983606
0 0.27177177177177175 0.6721311475409836 0.08408408408408409 0.10860655737704918
0 0.32207207207207206 0.5297131147540983 0.09009009009009009 0.11065573770491803
0 0.7154654654654654 0.5829918032786885 0.08858858858858859 0.11475409836065574
0 0.7747747747747747 0.555327868852459 0.08108108108108109 0.11270491803278689
0 0.8235735735735735 0.7920081967213115 0.07657657657657657 0.08196721311475409
0 0.4099099099099099 0.867827868852459 0.07807807807807808 0.11270491803278689
1 0.21696696696696696 0.4426229508196721 0.07507507507507508 0.08401639344262295
1 0.3566066066066066 0.7540983606557377 0.06606606606606606 0.06557377049180328
1 0.20495495495495494 0.5676229508196722 0.046546546546546545 0.07377049180327869
1 0.6036036036036037 0.9006147540983607 0.06156156156156156 0.09221311475409837
1 0.5277777777777778 0.9825819672131147 0.04954954954954955 0.03483606557377049
1 0.7695195195195195 0.6127049180327869 0.07957957957957958 0.09016393442622951
1 0.728978978978979 0.3422131147540984 0.06456456456456457 0.08196721311475409
1 0.6208708708708709 0.3637295081967213 0.08408408408408409 0.10245901639344263