0 0.16745283018867924 0.4206008583690987 0.06761006289308176 0.1223175965665236
0 0.235062893081761 0.7843347639484979 0.04559748427672956 0.11158798283261803
0 0.24842767295597484 0.8969957081545065 0.040880503144654086 0.09227467811158799
0 0.1792452830188679 0.055793991416309016 0.05345911949685535 0.11158798283261803
0 0.26808176100628933 0.10836909871244635 0.0770440251572327 0.09656652360515021
0 0.27122641509433965 0.00536480686695279 0.0770440251572327 0.01072961373390558
1 0.4583333333333333 0.0203862660944206 0.055031446540880505 0.0407725321888412
1 0.3812893081761006 0.016094420600858368 0.06132075471698113 0.032188841201716736
1 0.38207547169811323 0.20600858369098712 0.08176100628930817 0.0944206008583691
1 0.23034591194968554 0.29935622317596566 0.08490566037735849 0.09012875536480687
1 0.19968553459119498 0.674892703862661 0.06918238993710692 0.07296137339055794
1 0.36242138364779874 0.7081545064377682 0.06289308176100629 0.09012875536480687
1 0.37657232704402516 0.8894849785407726 0.06446540880503145 0.0815450643776824