0 0.8025078369905956 0.23515981735159816 0.06426332288401254 0.10273972602739725
0 0.7155172413793104 0.17922374429223745 0.08150470219435736 0.11187214611872145
0 0.7797805642633229 0.3264840182648402 0.05642633228840126 0.09360730593607305
0 0.7664576802507836 0.432648401826484 0.05329153605015674 0.11187214611872145
0 0.3605015673981191 0.04908675799086758 0.08150470219435736 0.091324200913242
0 0.5532915360501567 0.9474885844748858 0.10344827586206896 0.1050228310502283
0 0.542319749216301 0.769406392694064 0.12225705329153605 0.1552511415525114
1 0.7272727272727273 0.1141552511415525 0.048589341692789965 0.0502283105022831
1 0.5282131661442007 0.2420091324200913 0.0768025078369906 0.15296803652968036
1 0.6105015673981191 0.2374429223744292 0.07523510971786834 0.12100456621004566
1 0.5956112852664577 0.3344748858447489 0.07366771159874608 0.1278538812785388
1 0.2797805642633229 0.341324200913242 0.09247648902821316 0.13470319634703196
1 0.44592476489028215 0.7614155251141552 0.0768025078369906 0.10730593607305935
1 0.7507836990595611 0.7157534246575342 0.09247648902821316 0.12557077625570776
1 0.5838557993730408 0.9828767123287672 0.0987460815047022 0.03424657534246575