0 0.8855633802816901 0.6128205128205129 0.06514084507042253 0.09487179487179487
0 0.8142605633802817 0.6410256410256411 0.10035211267605634 0.12307692307692308
0 0.7649647887323944 0.6935897435897436 0.08626760563380281 0.15897435897435896
0 0.7341549295774648 0.5256410256410257 0.06690140845070422 0.14358974358974358
0 0.6663732394366197 0.4153846153846154 0.09683098591549295 0.15128205128205127
0 0.25704225352112675 0.191025641025641 0.13204225352112675 0.17692307692307693
0 0.06866197183098592 0.2794871794871795 0.1056338028169014 0.16923076923076924
1 0.9903169014084507 0.4782051282051282 0.01936619718309859 0.13076923076923078
1 0.8309859154929577 0.3525641025641026 0.07922535211267606 0.11282051282051282
1 0.43661971830985913 0.5820512820512821 0.09859154929577464 0.15384615384615385
1 0.5132042253521126 0.7038461538461539 0.09330985915492958 0.15897435897435896
1 0.551056338028169 0.8871794871794871 0.08626760563380281 0.12307692307692308
1 0.19718309859154928 0.65 0.10915492957746478 0.1358974358974359
1 0.10915492957746478 0.7012820512820512 0.0897887323943662 0.12051282051282051