0 0.2929447852760736 0.1796875 0.05828220858895705 0.10267857142857142
0 0.2875766871165644 0.2845982142857143 0.06288343558282208 0.10267857142857142
0 0.7101226993865031 0.0234375 0.0736196319018405 0.046875
0 0.6441717791411042 0.6294642857142857 0.09969325153374232 0.14955357142857142
0 0.375 0.7924107142857143 0.10429447852760736 0.140625
0 0.2837423312883436 0.8582589285714286 0.07822085889570553 0.12723214285714285
0 0.3067484662576687 0.953125 0.09815950920245399 0.09375
0 0.36119631901840493 0.9118303571428571 0.06748466257668712 0.10714285714285714
1 0.4348159509202454 0.04352678571428571 0.0598159509202454 0.08035714285714286
1 0.4363496932515337 0.11272321428571429 0.07515337423312883 0.11383928571428571
1 0.4386503067484663 0.28125 0.06288343558282208 0.11607142857142858
1 0.7576687116564417 0.2845982142857143 0.08742331288343558 0.09598214285714286
1 0.8190184049079755 0.578125 0.07975460122699386 0.09375
1 0.7668711656441718 0.9073660714285714 0.09202453987730061 0.06696428571428571