0 0.011513157894736841 0.4943946188340807 0.023026315789473683 0.10538116591928251
0 0.16858552631578946 0.20739910313901344 0.08881578947368421 0.10089686098654709
0 0.26069078947368424 0.6031390134529148 0.1299342105263158 0.16143497757847533
0 0.02138157894736842 0.6973094170403588 0.04276315789473684 0.1031390134529148
0 0.4465460526315789 0.03923766816143498 0.07401315789473684 0.07847533632286996
0 0.49506578947368424 0.09192825112107623 0.1118421052631579 0.16143497757847533
0 0.7919407894736842 0.226457399103139 0.09046052631578948 0.13452914798206278
0 0.9243421052631579 0.5560538116591929 0.0756578947368421 0.08295964125560538
0 0.7705592105263158 0.6547085201793722 0.08881578947368421 0.12780269058295965
1 0.023848684210526317 0.3172645739910314 0.047697368421052634 0.08295964125560538
1 0.11759868421052631 0.26905829596412556 0.08223684210526316 0.11210762331838565
1 0.13651315789473684 0.33856502242152464 0.09046052631578948 0.10762331838565023
1 0.12582236842105263 0.9607623318385651 0.047697368421052634 0.07847533632286996
1 0.5912828947368421 0.7769058295964125 0.07730263157894737 0.11883408071748879
1 0.2870065789473684 0.14013452914798205 0.07894736842105263 0.11434977578475336
1 0.3305921052631579 0.23318385650224216 0.07401315789473684 0.11434977578475336
1 0.6324013157894737 0.10089686098654709 0.0805921052631579 0.1031390134529148
1 0.8256578947368421 0.4562780269058296 0.09046052631578948 0.12556053811659193