0 0.48854961832061067 0.7252604166666666 0.13358778625954199 0.17447916666666666
0 0.15648854961832062 0.5559895833333334 0.08015267175572519 0.1328125
0 0.6412213740458015 0.7135416666666666 0.12786259541984732 0.16666666666666666
0 0.541030534351145 0.234375 0.11259541984732824 0.14583333333333334
0 0.6125954198473282 0.14713541666666666 0.11068702290076336 0.14322916666666666
0 0.5782442748091603 0.33203125 0.13740458015267176 0.171875
1 0.30343511450381677 0.7981770833333334 0.0916030534351145 0.14583333333333334
1 0.3101145038167939 0.42578125 0.0916030534351145 0.12760416666666666
1 0.4847328244274809 0.4609375 0.09732824427480916 0.13802083333333334
1 0.7958015267175572 0.4986979166666667 0.1183206106870229 0.15625
1 0.7318702290076335 0.3489583333333333 0.08969465648854962 0.12239583333333333