0 0.7315140845070423 0.9603365384615384 0.058098591549295774 0.07932692307692307
0 0.6751760563380281 0.8870192307692307 0.08274647887323944 0.1201923076923077
0 0.7112676056338029 0.7451923076923077 0.11091549295774648 0.17307692307692307
0 0.7966549295774648 0.7199519230769231 0.09154929577464789 0.14903846153846154
0 0.7931338028169014 0.47716346153846156 0.061619718309859156 0.10817307692307693
0 0.8080985915492958 0.37740384615384615 0.06338028169014084 0.10096153846153846
0 0.3573943661971831 0.036057692307692304 0.07042253521126761 0.07211538461538461
1 0.5096830985915493 0.984375 0.07570422535211267 0.03125
1 0.5096830985915493 0.8810096153846154 0.0897887323943662 0.13221153846153846
1 0.6241197183098591 0.47836538461538464 0.07922535211267606 0.12980769230769232
1 0.6461267605633803 0.36778846153846156 0.08098591549295775 0.12259615384615384
1 0.7191901408450704 0.2548076923076923 0.06866197183098592 0.0985576923076923
1 0.5369718309859155 0.056490384615384616 0.06690140845070422 0.11298076923076923