0 0.25483870967741934 0.5881057268722467 0.054838709677419356 0.11233480176211454
0 0.2540322580645161 0.6828193832599119 0.05806451612903226 0.10352422907488987
0 0.47419354838709676 0.6508810572687225 0.08870967741935484 0.1211453744493392
0 0.6709677419354839 0.6585903083700441 0.09032258064516129 0.1211453744493392
0 0.6741935483870968 0.9085903083700441 0.07258064516129033 0.07709251101321586
0 0.660483870967742 0.9559471365638766 0.06612903225806452 0.0881057268722467
1 0.29193548387096774 0.16519823788546256 0.07903225806451612 0.07488986784140969
1 0.3774193548387097 0.5848017621145375 0.06612903225806452 0.10352422907488987
1 0.3709677419354839 0.75 0.0532258064516129 0.0881057268722467
1 0.5153225806451613 0.9350220264317181 0.07096774193548387 0.07488986784140969
1 0.6193548387096774 0.9251101321585903 0.07258064516129033 0.08370044052863436
1 0.739516129032258 0.6993392070484582 0.05967741935483871 0.09030837004405286