0 0.6036392405063291 0.032467532467532464 0.09968354430379747 0.06493506493506493
0 0.5585443037974683 0.03571428571428571 0.10126582278481013 0.07142857142857142
0 0.3362341772151899 0.20346320346320346 0.10126582278481013 0.13636363636363635
0 0.2602848101265823 0.32142857142857145 0.08227848101265822 0.09740259740259741
0 0.1962025316455696 0.39285714285714285 0.07911392405063292 0.09740259740259741
0 0.04746835443037975 0.75 0.05379746835443038 0.08225108225108226
0 0.06962025316455696 0.461038961038961 0.08069620253164557 0.09523809523809523
0 0.37895569620253167 0.9458874458874459 0.07753164556962025 0.10822510822510822
0 0.40822784810126583 0.9134199134199135 0.06962025316455696 0.10606060606060606
1 0.5221518987341772 0.7792207792207793 0.07911392405063292 0.12337662337662338
1 0.3884493670886076 0.15367965367965367 0.07120253164556962 0.10606060606060606
1 0.49050632911392406 0.19155844155844157 0.08227848101265822 0.11688311688311688
1 0.310126582278481 0.5075757575757576 0.08386075949367089 0.11255411255411256
1 0.2412974683544304 0.5854978354978355 0.09335443037974683 0.12121212121212122
1 0.02689873417721519 0.6038961038961039 0.05379746835443038 0.09523809523809523
1 0.09889240506329114 0.8993506493506493 0.03639240506329114 0.06493506493506493
1 0.25079113924050633 0.8614718614718615 0.06962025316455696 0.09307359307359307