0 0.2244408945686901 0.8906976744186047 0.05591054313099041 0.05581395348837209
0 0.24440894568690097 0.7558139534883721 0.04952076677316294 0.13023255813953488
0 0.40894568690095845 0.5651162790697675 0.09584664536741214 0.12790697674418605
0 0.6333865814696485 0.9453488372093023 0.09424920127795527 0.10930232558139535
0 0.6924920127795527 0.9453488372093023 0.07507987220447285 0.1
0 0.7515974440894568 0.3395348837209302 0.11022364217252396 0.15813953488372093
0 0.8354632587859425 0.33488372093023255 0.08945686900958466 0.13488372093023257
0 0.3769968051118211 0.046511627906976744 0.1182108626198083 0.09302325581395349
0 0.28913738019169327 0.029069767441860465 0.0926517571884984 0.05813953488372093
1 0.6381789137380192 0.6813953488372093 0.09424920127795527 0.14186046511627906
1 0.4169329073482428 0.8441860465116279 0.07028753993610223 0.14651162790697675
1 0.305111821086262 0.2755813953488372 0.09744408945686901 0.14418604651162792
1 0.7420127795527156 0.6604651162790698 0.10383386581469649 0.13023255813953488