0 0.18914956011730205 0.7254273504273504 0.093841642228739 0.10042735042735043
0 0.4538123167155425 0.7585470085470085 0.09090909090909091 0.11324786324786325
0 0.6187683284457478 0.811965811965812 0.07624633431085044 0.13247863247863248
0 0.7690615835777126 0.5064102564102564 0.08944281524926687 0.14102564102564102
0 0.844574780058651 0.29273504273504275 0.09530791788856305 0.1623931623931624
0 0.7771260997067448 0.2329059829059829 0.10703812316715543 0.14102564102564102
0 0.6840175953079178 0.1527777777777778 0.10997067448680352 0.14102564102564102
0 0.3914956011730205 0.13568376068376067 0.09530791788856305 0.1452991452991453
0 0.32038123167155425 0.10042735042735043 0.10263929618768329 0.13034188034188035
1 0.47947214076246336 0.967948717948718 0.07038123167155426 0.0641025641025641
1 0.23460410557184752 0.5021367521367521 0.07917888563049853 0.10042735042735043
1 0.48826979472140764 0.6933760683760684 0.07331378299120235 0.1282051282051282
1 0.6942815249266863 0.1891025641025641 0.093841642228739 0.11538461538461539