0 0.8734848484848485 0.28744493392070486 0.08484848484848485 0.10572687224669604
0 0.7537878787878788 0.2654185022026432 0.06666666666666667 0.05286343612334802
0 0.6712121212121213 0.2422907488986784 0.0893939393939394 0.06167400881057269
0 0.7022727272727273 0.8876651982378855 0.04393939393939394 0.10352422907488987
0 0.6825757575757576 0.763215859030837 0.05303030303030303 0.1343612334801762
0 0.2643939393939394 0.15528634361233482 0.06666666666666667 0.15198237885462554
0 0.19696969696969696 0.22577092511013216 0.07575757575757576 0.10792951541850221
0 0.06818181818181818 0.21696035242290748 0.05606060606060606 0.11013215859030837
0 0.16590909090909092 0.9218061674008811 0.09848484848484848 0.11013215859030837
0 0.01893939393939394 0.5077092511013216 0.03787878787878788 0.08149779735682819
1 0.9666666666666667 0.32158590308370044 0.03939393939393939 0.10572687224669604
1 0.471969696969697 0.7951541850220264 0.07424242424242425 0.21365638766519823
1 0.4946969696969697 0.8898678414096917 0.05303030303030303 0.15198237885462554
1 0.2 0.5781938325991189 0.08787878787878788 0.08590308370044053
1 0.11893939393939394 0.5781938325991189 0.12575757575757576 0.07488986784140969