0 0.32978723404255317 0.9553941908713693 0.08814589665653495 0.08921161825726141
0 0.20364741641337386 0.5103734439834025 0.08966565349544073 0.11203319502074689
0 0.23328267477203649 0.3703319502074689 0.060790273556231005 0.10580912863070539
0 0.22720364741641338 0.2717842323651452 0.06382978723404255 0.09336099585062241
0 0.37462006079027355 0.1545643153526971 0.11702127659574468 0.13692946058091288
0 0.648936170212766 0.10684647302904564 0.07598784194528875 0.10995850622406639
0 0.6208206686930091 0.014522821576763486 0.06534954407294832 0.029045643153526972
1 0.4582066869300912 0.9232365145228216 0.08966565349544073 0.11618257261410789
1 0.26671732522796354 0.7385892116182573 0.08054711246200608 0.1016597510373444
1 0.5151975683890577 0.31742738589211617 0.08814589665653495 0.10995850622406639
1 0.7287234042553191 0.31016597510373445 0.07750759878419453 0.0912863070539419
1 0.506079027355623 0.026970954356846474 0.0790273556231003 0.05394190871369295
1 0.3305471124620061 0.40767634854771784 0.06990881458966565 0.08921161825726141
1 0.3221884498480243 0.15767634854771784 0.06382978723404255 0.07883817427385892