0 0.43548387096774194 0.045774647887323945 0.06774193548387097 0.09154929577464789
0 0.3903225806451613 0.12441314553990611 0.07258064516129033 0.11502347417840375
0 0.8741935483870967 0.22065727699530516 0.08064516129032258 0.09624413145539906
0 0.5766129032258065 0.721830985915493 0.11290322580645161 0.16901408450704225
0 0.27419354838709675 0.647887323943662 0.11612903225806452 0.1619718309859155
0 0.1685483870967742 0.6326291079812206 0.09032258064516129 0.14084507042253522
0 0.1403225806451613 0.7652582159624414 0.11290322580645161 0.176056338028169
0 0.2161290322580645 0.7429577464788732 0.07741935483870968 0.11971830985915492
1 0.6104838709677419 0.04460093896713615 0.05967741935483871 0.06103286384976526
1 0.589516129032258 0.09154929577464789 0.08548387096774193 0.1267605633802817
1 0.5266129032258065 0.24413145539906103 0.07419354838709677 0.1267605633802817
1 0.8104838709677419 0.505868544600939 0.09516129032258064 0.11267605633802817
1 0.75 0.8157276995305164 0.08387096774193549 0.107981220657277