0 0.042105263157894736 0.8020304568527918 0.05087719298245614 0.1218274111675127
0 0.21403508771929824 0.8781725888324873 0.12280701754385964 0.1065989847715736
0 0.5385964912280702 0.43274111675126903 0.12105263157894737 0.18527918781725888
0 0.6 0.2956852791878173 0.11929824561403508 0.14974619289340102
0 0.624561403508772 0.21446700507614214 0.07543859649122807 0.12944162436548223
0 0.3456140350877193 0.22842639593908629 0.09298245614035087 0.14213197969543148
0 0.11491228070175438 0.8324873096446701 0.14385964912280702 0.14213197969543148
0 0.043859649122807015 0.1967005076142132 0.02280701754385965 0.04060913705583756
1 0.2964912280701754 0.3730964467005076 0.07894736842105263 0.14974619289340102
1 0.15 0.19035532994923857 0.06315789473684211 0.12944162436548223
1 0.8508771929824561 0.31725888324873097 0.08421052631578947 0.21065989847715735
1 0.387719298245614 0.22588832487309646 0.07543859649122807 0.15736040609137056
1 0.028070175438596492 0.3197969543147208 0.03508771929824561 0.07868020304568528
1 0.014035087719298246 0.8210659898477157 0.028070175438596492 0.06345177664974619
1 0.26666666666666666 0.6230964467005076 0.09649122807017543 0.1065989847715736