0 0.24080882352941177 0.8643617021276596 0.0625 0.0851063829787234
0 0.2261029411764706 0.4242021276595745 0.05514705882352941 0.09308510638297872
0 0.31985294117647056 0.5545212765957447 0.0661764705882353 0.06914893617021277
0 0.41268382352941174 0.8710106382978723 0.08088235294117647 0.10904255319148937
0 0.7408088235294118 0.9454787234042553 0.04411764705882353 0.10904255319148937
0 0.6829044117647058 0.06515957446808511 0.11948529411764706 0.07712765957446809
1 0.5477941176470589 0.9654255319148937 0.0661764705882353 0.06914893617021277
1 0.5248161764705882 0.9800531914893617 0.04595588235294118 0.0398936170212766
1 0.42463235294117646 0.7779255319148937 0.08088235294117647 0.1196808510638298
1 0.39705882352941174 0.48271276595744683 0.06985294117647059 0.13829787234042554
1 0.5275735294117647 0.3484042553191489 0.12683823529411764 0.19148936170212766