0 0.3585069444444444 0.9443127962085308 0.10243055555555555 0.11137440758293839
0 0.21961805555555555 0.735781990521327 0.11805555555555555 0.16824644549763032
0 0.5989583333333334 0.1066350710900474 0.11631944444444445 0.15876777251184834
0 0.10069444444444445 0.4218009478672986 0.078125 0.11848341232227488
0 0.0720486111111111 0.3305687203791469 0.06076388888888889 0.08530805687203792
1 0.3949652777777778 0.6623222748815166 0.07291666666666667 0.0947867298578199
1 0.11284722222222222 0.5462085308056872 0.06597222222222222 0.08530805687203792
1 0.2144097222222222 0.2938388625592417 0.08159722222222222 0.11374407582938388
1 0.4800347222222222 0.12440758293838862 0.078125 0.11137440758293839
1 0.5581597222222222 0.0995260663507109 0.0798611111111111 0.10900473933649289
1 0.6814236111111112 0.35308056872037913 0.09895833333333333 0.12322274881516587