0 0.9793906810035843 0.8072916666666666 0.04121863799283154 0.10416666666666667
0 0.8727598566308243 0.8502604166666666 0.08781362007168458 0.109375
0 0.3727598566308244 0.10807291666666667 0.10931899641577061 0.125
0 0.16308243727598568 0.14192708333333334 0.12365591397849462 0.12760416666666666
0 0.16845878136200718 0.2513020833333333 0.10752688172043011 0.1640625
0 0.13440860215053763 0.4114583333333333 0.1111111111111111 0.13541666666666666
0 0.18996415770609318 0.5026041666666666 0.11827956989247312 0.18229166666666666
0 0.41487455197132617 0.9557291666666666 0.08781362007168458 0.08854166666666667
1 0.6514336917562724 0.9244791666666666 0.1057347670250896 0.10677083333333333
1 0.21415770609318996 0.7018229166666666 0.08422939068100359 0.1640625
1 0.12186379928315412 0.9765625 0.1111111111111111 0.046875
1 0.21594982078853048 0.4244791666666667 0.0967741935483871 0.17708333333333334