0 0.6401785714285714 0.2597560975609756 0.08392857142857142 0.12682926829268293
0 0.7544642857142857 0.2597560975609756 0.08928571428571429 0.13902439024390245
0 0.8357142857142857 0.04878048780487805 0.07321428571428572 0.0975609756097561
0 0.9401785714285714 0.7524390243902439 0.07321428571428572 0.08292682926829269
0 0.98125 0.6878048780487804 0.0375 0.0975609756097561
0 0.78125 0.6439024390243903 0.09642857142857143 0.11951219512195121
0 0.09196428571428572 0.3402439024390244 0.1 0.12439024390243902
1 0.055357142857142855 0.474390243902439 0.10178571428571428 0.15121951219512195
1 0.014285714285714285 0.6048780487804878 0.02857142857142857 0.1073170731707317
1 0.06428571428571428 0.7317073170731707 0.08392857142857142 0.10975609756097561
1 0.40089285714285716 0.2890243902439024 0.10178571428571428 0.14634146341463414
1 0.6205357142857143 0.3878048780487805 0.09642857142857143 0.12439024390243902
1 0.675 0.42560975609756097 0.09642857142857143 0.1
1 0.95625 0.5304878048780488 0.08035714285714286 0.09024390243902439