0 0.8055555555555556 0.3851063829787234 0.05701754385964912 0.09361702127659574
0 0.7595029239766082 0.34893617021276596 0.06286549707602339 0.10212765957446808
0 0.7017543859649122 0.298936170212766 0.06871345029239766 0.08723404255319149
0 0.6988304093567251 0.7042553191489361 0.06286549707602339 0.10212765957446808
0 0.8662280701754386 0.9808510638297873 0.06286549707602339 0.03829787234042553
0 0.7346491228070176 0.9436170212765957 0.06286549707602339 0.08085106382978724
0 0.6717836257309941 0.9276595744680851 0.07602339181286549 0.12127659574468085
0 0.7134502923976608 0.8138297872340425 0.09210526315789473 0.12978723404255318
0 0.4466374269005848 0.11063829787234042 0.09064327485380116 0.14042553191489363
0 0.06944444444444445 0.2574468085106383 0.06286549707602339 0.13191489361702127
0 0.3442982456140351 0.8563829787234043 0.06725146198830409 0.13191489361702127
1 0.9152046783625731 0.5127659574468085 0.05847953216374269 0.08936170212765958
1 0.706140350877193 0.5478723404255319 0.07894736842105263 0.0851063829787234
1 0.6176900584795322 0.526595744680851 0.0847953216374269 0.10638297872340426
1 0.1922514619883041 0.05 0.06578947368421052 0.1
1 0.3165204678362573 0.40638297872340423 0.06140350877192982 0.1276595744680851
1 0.09649122807017543 0.8063829787234043 0.059941520467836254 0.11702127659574468
1 0.5160818713450293 0.7925531914893617 0.07017543859649122 0.12340425531914893
1 0.49415204678362573 0.9106382978723404 0.06725146198830409 0.09361702127659574
1 0.85453216374269 0.7787234042553192 0.054093567251461985 0.08297872340425531
1 0.8676900584795322 0.8361702127659575 0.06871345029239766 0.07446808510638298
1 0.908625730994152 0.8308510638297872 0.07017543859649122 0.07659574468085106