0 0.018025078369905956 0.4953416149068323 0.03605015673981191 0.10248447204968944
0 0.1700626959247649 0.9161490683229814 0.06739811912225706 0.13664596273291926
0 0.3832288401253918 0.8680124223602484 0.08307210031347963 0.15527950310559005
0 0.4780564263322884 0.8850931677018633 0.08934169278996865 0.13975155279503104
0 0.4772727272727273 0.027950310559006212 0.05172413793103448 0.055900621118012424
1 0.25940438871473354 0.2950310559006211 0.06426332288401254 0.14285714285714285
1 0.20454545454545456 0.4161490683229814 0.06583072100313479 0.16459627329192547
1 0.18495297805642633 0.6583850931677019 0.06426332288401254 0.17080745341614906
1 0.3675548589341693 0.9083850931677019 0.07993730407523511 0.18322981366459629
1 0.6026645768025078 0.5605590062111802 0.06269592476489028 0.14596273291925466
1 0.6880877742946708 0.7779503105590062 0.06739811912225706 0.16770186335403728
1 0.6167711598746082 0.13043478260869565 0.07210031347962383 0.14285714285714285
1 0.8573667711598746 0.03881987577639751 0.10658307210031348 0.07763975155279502
1 0.11442006269592477 0.9658385093167702 0.09717868338557993 0.06832298136645963