0 0.38495575221238937 0.05569948186528497 0.058997050147492625 0.11139896373056994
0 0.35988200589970504 0.027202072538860103 0.07374631268436578 0.054404145077720206
0 0.2728613569321534 0.38341968911917096 0.07227138643067847 0.13989637305699482
0 0.47935103244837757 0.37694300518134716 0.084070796460177 0.15025906735751296
0 0.5567846607669616 0.41580310880829013 0.084070796460177 0.14766839378238342
0 0.5825958702064897 0.5621761658031088 0.06489675516224189 0.12953367875647667
1 0.3746312684365782 0.9067357512953368 0.07669616519174041 0.11658031088082901
1 0.23377581120943952 0.7266839378238342 0.06932153392330384 0.10362694300518134
1 0.3163716814159292 0.30958549222797926 0.08259587020648967 0.13730569948186527
1 0.6297935103244838 0.16062176165803108 0.08849557522123894 0.12953367875647667
1 0.6474926253687315 0.29922279792746115 0.06489675516224189 0.11398963730569948
1 0.42330383480825956 0.08937823834196891 0.06784660766961652 0.13989637305699482