0 0.6800314465408805 0.20994475138121546 0.08647798742138364 0.13535911602209943
0 0.22169811320754718 0.07734806629834254 0.07861635220125786 0.12154696132596685
0 0.21226415094339623 0.13812154696132597 0.07547169811320754 0.143646408839779
0 0.21226415094339623 0.2914364640883978 0.08176100628930817 0.14917127071823205
0 0.4363207547169811 0.48342541436464087 0.08176100628930817 0.14917127071823205
0 0.5762578616352201 0.7914364640883977 0.06761006289308176 0.1132596685082873
0 0.5094339622641509 0.8439226519337016 0.06918238993710692 0.1270718232044199
1 0.6485849056603774 0.13535911602209943 0.07232704402515723 0.13812154696132597
1 0.8553459119496856 0.36049723756906077 0.06289308176100629 0.11602209944751381
1 0.29559748427672955 0.08149171270718232 0.06918238993710692 0.10773480662983426
1 0.37028301886792453 0.20718232044198895 0.07861635220125786 0.143646408839779
1 0.3553459119496855 0.35773480662983426 0.07389937106918239 0.14917127071823205
1 0.2610062893081761 0.39779005524861877 0.06132075471698113 0.11878453038674033
1 0.4488993710691824 0.585635359116022 0.07547169811320754 0.13812154696132597
1 0.6595911949685535 0.9516574585635359 0.05817610062893082 0.09668508287292818