0 0.5060763888888888 0.018292682926829267 0.07465277777777778 0.036585365853658534
0 0.2048611111111111 0.3094512195121951 0.08680555555555555 0.15548780487804878
0 0.17274305555555555 0.3490853658536585 0.0763888888888889 0.1524390243902439
0 0.09027777777777778 0.38109756097560976 0.09027777777777778 0.125
0 0.4279513888888889 0.6509146341463414 0.08506944444444445 0.14939024390243902
0 0.5017361111111112 0.7378048780487805 0.078125 0.13109756097560976
0 0.7291666666666666 0.7759146341463414 0.06076388888888889 0.10975609756097561
0 0.7083333333333334 0.7987804878048781 0.07118055555555555 0.12804878048780488
1 0.5086805555555556 0.3125 0.0920138888888889 0.14634146341463414
1 0.3637152777777778 0.3201219512195122 0.07465277777777778 0.11890243902439024
1 0.3524305555555556 0.10365853658536585 0.052083333333333336 0.08536585365853659
1 0.019965277777777776 0.6082317073170732 0.03993055555555555 0.13719512195121952
1 0.2708333333333333 0.9527439024390244 0.06597222222222222 0.09451219512195122
1 0.5972222222222222 0.8765243902439024 0.07118055555555555 0.12804878048780488
1 0.8515625 0.5975609756097561 0.0625 0.12195121951219512