0 0.16002747252747251 0.9741847826086957 0.06456043956043957 0.051630434782608696
0 0.45535714285714285 0.7309782608695652 0.06318681318681318 0.11956521739130435
0 0.782967032967033 0.6807065217391305 0.07417582417582418 0.1331521739130435
0 0.49244505494505497 0.96875 0.07005494505494506 0.0625
0 0.4539835164835165 0.8682065217391305 0.057692307692307696 0.11141304347826086
0 0.45879120879120877 0.9415760869565217 0.07417582417582418 0.11684782608695653
0 0.25 0.9714673913043478 0.057692307692307696 0.057065217391304345
1 0.2403846153846154 0.8247282608695652 0.06318681318681318 0.125
1 0.3358516483516483 0.78125 0.07417582417582418 0.14673913043478262
1 0.37293956043956045 0.5788043478260869 0.07554945054945054 0.14130434782608695
1 0.6092032967032966 0.6603260869565217 0.07005494505494506 0.13043478260869565
1 0.5968406593406593 0.845108695652174 0.08516483516483517 0.16847826086956522
1 0.6366758241758241 0.8980978260869565 0.05357142857142857 0.08695652173913043
1 0.3901098901098901 0.9211956521739131 0.0673076923076923 0.1331521739130435