0 0.4092465753424658 0.8445945945945946 0.07534246575342465 0.16891891891891891
0 0.3330479452054795 0.8293918918918919 0.07534246575342465 0.16216216216216217
0 0.4811643835616438 0.5219594594594594 0.07363013698630137 0.16554054054054054
0 0.5368150684931506 0.6114864864864865 0.08904109589041095 0.19594594594594594
0 0.3347602739726027 0.13513513513513514 0.0839041095890411 0.19594594594594594
0 0.8227739726027398 0.2533783783783784 0.023972602739726026 0.04391891891891892
1 0.24143835616438356 0.4594594594594595 0.04794520547945205 0.15878378378378377
1 0.3587328767123288 0.44932432432432434 0.08904109589041095 0.20270270270270271
1 0.336472602739726 0.25 0.08561643835616438 0.21621621621621623
1 0.6626712328767124 0.3530405405405405 0.08047945205479452 0.19256756756756757
1 0.4982876712328767 0.15033783783783783 0.08561643835616438 0.22297297297297297