0 0.981974921630094 0.35403726708074534 0.03605015673981191 0.13043478260869565
0 0.5909090909090909 0.8105590062111802 0.08150470219435736 0.15838509316770186
0 0.4702194357366771 0.6987577639751553 0.07523510971786834 0.13975155279503104
0 0.3056426332288401 0.9177018633540373 0.08307210031347963 0.14285714285714285
0 0.1896551724137931 0.8804347826086957 0.06739811912225706 0.13354037267080746
0 0.5289968652037618 0.8540372670807453 0.07366771159874608 0.13664596273291926
0 0.5007836990595611 0.34316770186335405 0.06739811912225706 0.13354037267080746
1 0.8636363636363636 0.062111801242236024 0.08150470219435736 0.12422360248447205
1 0.9639498432601881 0.5714285714285714 0.06896551724137931 0.09316770186335403
1 0.5336990595611285 0.10559006211180125 0.054858934169279 0.10248447204968944
1 0.4725705329153605 0.4409937888198758 0.07523510971786834 0.15838509316770186
1 0.3103448275862069 0.6149068322981367 0.07993730407523511 0.15527950310559005