0 0.6100583090379009 0.4512820512820513 0.052478134110787174 0.1
0 0.5422740524781341 0.36025641025641025 0.0641399416909621 0.09743589743589744
0 0.489067055393586 0.4166666666666667 0.07434402332361516 0.1282051282051282
0 0.32580174927113703 0.09230769230769231 0.05539358600583091 0.13333333333333333
0 0.33309037900874633 0.038461538461538464 0.05102040816326531 0.07692307692307693
1 0.3010204081632653 0.42948717948717946 0.05102040816326531 0.08205128205128205
1 0.3491253644314869 0.2923076923076923 0.04518950437317784 0.13333333333333333
1 0.37755102040816324 0.12564102564102564 0.052478134110787174 0.08974358974358974
1 0.5969387755102041 0.15897435897435896 0.056851311953352766 0.1076923076923077
1 0.6486880466472303 0.15128205128205127 0.048104956268221574 0.09230769230769231
1 0.672740524781341 0.735897435897436 0.04956268221574344 0.08974358974358974