0 0.3418918918918919 0.05119047619047619 0.03918918918918919 0.05714285714285714
0 0.4608108108108108 0.513095238095238 0.0445945945945946 0.1
0 0.31486486486486487 0.38333333333333336 0.05 0.08333333333333333
0 0.3324324324324324 0.4380952380952381 0.052702702702702706 0.09285714285714286
0 0.720945945945946 0.7 0.05945945945945946 0.09761904761904762
0 0.4689189189189189 0.719047619047619 0.05540540540540541 0.09523809523809523
1 0.41486486486486485 0.17857142857142858 0.04594594594594595 0.07857142857142857
1 0.3277027027027027 0.16666666666666666 0.04054054054054054 0.10238095238095238
1 0.4466216216216216 0.5761904761904761 0.04594594594594595 0.08571428571428572
1 0.6878378378378378 0.3869047619047619 0.05 0.07142857142857142
1 0.45878378378378376 0.9738095238095238 0.041891891891891894 0.05238095238095238
1 0.5027027027027027 0.8559523809523809 0.051351351351351354 0.07142857142857142
1 0.5641891891891891 0.9023809523809524 0.05675675675675676 0.07142857142857142