0 0.07849829351535836 0.6385542168674698 0.07167235494880546 0.09939759036144578
0 0.3395904436860068 0.8539156626506024 0.06996587030716724 0.09036144578313253
0 0.3302047781569966 0.8012048192771084 0.07679180887372014 0.12048192771084337
0 0.2636518771331058 0.02710843373493976 0.052901023890784986 0.05421686746987952
0 0.6023890784982935 0.03463855421686747 0.04778156996587031 0.04216867469879518
0 0.9266211604095563 0.42168674698795183 0.06655290102389079 0.09337349397590361
0 0.9274744027303754 0.5331325301204819 0.051194539249146756 0.10240963855421686
0 0.8831058020477816 0.6310240963855421 0.051194539249146756 0.10542168674698796
0 0.5981228668941979 0.6009036144578314 0.06313993174061433 0.12951807228915663
1 0.028156996587030716 0.34789156626506024 0.04778156996587031 0.0963855421686747
1 0.4590443686006826 0.02710843373493976 0.05460750853242321 0.05421686746987952
1 0.8498293515358362 0.09186746987951808 0.03924914675767918 0.04819277108433735
1 0.9343003412969283 0.11897590361445783 0.07849829351535836 0.07228915662650602
1 0.7525597269624573 0.4563253012048193 0.04436860068259386 0.11144578313253012
1 0.7022184300341296 0.5662650602409639 0.04607508532423208 0.1144578313253012
1 0.773037542662116 0.7048192771084337 0.05631399317406143 0.09337349397590361
1 0.48464163822525597 0.6054216867469879 0.06825938566552901 0.10240963855421686
1 0.16382252559726962 0.7590361445783133 0.04607508532423208 0.09036144578313253