0 0.4585755813953488 0.04741379310344827 0.059593023255813955 0.09482758620689655
0 0.4949127906976744 0.125 0.056686046511627904 0.13218390804597702
0 0.5632267441860465 0.07614942528735633 0.061046511627906974 0.13505747126436782
0 0.6191860465116279 0.16810344827586207 0.06395348837209303 0.14655172413793102
0 0.6504360465116279 0.7112068965517241 0.06976744186046512 0.15517241379310345
1 0.5130813953488372 0.4396551724137931 0.09011627906976744 0.14942528735632185
1 0.5813953488372093 0.5201149425287356 0.07267441860465117 0.11494252873563218
1 0.6882267441860465 0.2614942528735632 0.06831395348837209 0.11494252873563218
1 0.7042151162790697 0.10488505747126436 0.07412790697674419 0.08908045977011494
1 0.36555232558139533 0.3103448275862069 0.07267441860465117 0.1235632183908046
1 0.2238372093023256 0.7801724137931034 0.03343023255813953 0.10057471264367816