0 0.3 0.013888888888888888 0.056338028169014086 0.027777777777777776
0 0.6316901408450705 0.44166666666666665 0.0676056338028169 0.12777777777777777
0 0.5929577464788732 0.5277777777777778 0.08309859154929577 0.1638888888888889
0 0.6014084507042253 0.6347222222222222 0.08309859154929577 0.16944444444444445
0 0.31408450704225355 0.6819444444444445 0.07183098591549296 0.14444444444444443
0 0.13943661971830987 0.3347222222222222 0.08028169014084507 0.16111111111111112
0 0.3528169014084507 0.16527777777777777 0.07605633802816901 0.15555555555555556
0 0.43028169014084505 0.2375 0.0676056338028169 0.1388888888888889
0 0.44859154929577466 0.3472222222222222 0.0676056338028169 0.125
1 0.4119718309859155 0.1597222222222222 0.07183098591549296 0.14444444444444443
1 0.680281690140845 0.1638888888888889 0.06056338028169014 0.10277777777777777
1 0.4697183098591549 0.2388888888888889 0.06901408450704226 0.14166666666666666
1 0.28450704225352114 0.44722222222222224 0.08873239436619719 0.1638888888888889
1 0.21690140845070421 0.36944444444444446 0.09295774647887324 0.16666666666666666
1 0.4147887323943662 0.6180555555555556 0.08732394366197183 0.18055555555555555
1 0.3359154929577465 0.5555555555555556 0.09154929577464789 0.18055555555555555
1 0.5147887323943662 0.8555555555555555 0.08450704225352113 0.175
1 0.26830985915492955 0.5944444444444444 0.09154929577464789 0.18055555555555555