0 0.6415492957746479 0.6472772277227723 0.07605633802816901 0.1311881188118812
0 0.8084507042253521 0.38613861386138615 0.07183098591549296 0.1311881188118812
0 0.8140845070422535 0.30074257425742573 0.07464788732394366 0.11138613861386139
0 0.5380281690140845 0.25 0.08591549295774648 0.15346534653465346
0 0.36056338028169016 0.452970297029703 0.0676056338028169 0.12128712871287128
0 0.33943661971830985 0.3118811881188119 0.08309859154929577 0.13861386138613863
1 0.5535211267605634 0.9306930693069307 0.07464788732394366 0.12871287128712872
1 0.6957746478873239 0.6262376237623762 0.08309859154929577 0.14603960396039603
1 0.6732394366197183 0.1782178217821782 0.0647887323943662 0.10643564356435643
1 0.604225352112676 0.14108910891089108 0.061971830985915494 0.10396039603960396
1 0.4887323943661972 0.2636138613861386 0.07605633802816901 0.12623762376237624
1 0.2767605633802817 0.5247524752475248 0.057746478873239436 0.09653465346534654