0 0.6571180555555556 0.23628048780487804 0.10416666666666667 0.1524390243902439
0 0.8550347222222222 0.4923780487804878 0.08506944444444445 0.125
0 0.9322916666666666 0.5792682926829268 0.09722222222222222 0.1676829268292683
0 0.8350694444444444 0.8567073170731707 0.09375 0.1402439024390244
0 0.3524305555555556 0.6692073170731707 0.0798611111111111 0.1402439024390244
0 0.1753472222222222 0.46189024390243905 0.0920138888888889 0.1524390243902439
0 0.1597222222222222 0.027439024390243903 0.08680555555555555 0.054878048780487805
1 0.9236111111111112 0.9009146341463414 0.05381944444444445 0.0975609756097561
1 0.7265625 0.8125 0.0920138888888889 0.13109756097560976
1 0.7118055555555556 0.6097560975609756 0.0798611111111111 0.12195121951219512
1 0.2682291666666667 0.4557926829268293 0.078125 0.15548780487804878
1 0.1762152777777778 0.07774390243902439 0.109375 0.15548780487804878
1 0.03819444444444445 0.2652439024390244 0.07118055555555555 0.11280487804878049