0 0.6997084548104956 0.29743589743589743 0.06997084548104957 0.12307692307692308
0 0.6122448979591837 0.06923076923076923 0.06851311953352769 0.12307692307692308
0 0.31924198250728864 0.11025641025641025 0.052478134110787174 0.05641025641025641
0 0.37682215743440234 0.42435897435897435 0.07580174927113703 0.13846153846153847
0 0.3877551020408163 0.49230769230769234 0.07725947521865889 0.13846153846153847
0 0.49489795918367346 0.5166666666666667 0.08017492711370262 0.13846153846153847
1 0.48615160349854225 0.8435897435897436 0.061224489795918366 0.10256410256410256
1 0.5539358600583091 0.1782051282051282 0.06705539358600583 0.10256410256410256
1 0.43513119533527694 0.12692307692307692 0.052478134110787174 0.09743589743589744
1 0.32653061224489793 0.17564102564102563 0.05830903790087463 0.09743589743589744
1 0.4271137026239067 0.708974358974359 0.05539358600583091 0.1
1 0.3629737609329446 0.9102564102564102 0.052478134110787174 0.09743589743589744