0 0.35639880952380953 0.2867647058823529 0.05803571428571429 0.11470588235294117
0 0.34523809523809523 0.23529411764705882 0.05357142857142857 0.10294117647058823
0 0.32514880952380953 0.45 0.052083333333333336 0.11176470588235295
0 0.5141369047619048 0.5779411764705882 0.0625 0.15
0 0.7098214285714286 0.3558823529411765 0.07738095238095238 0.13529411764705881
0 0.5811011904761905 0.85 0.05654761904761905 0.13529411764705881
0 0.6421130952380952 0.8352941176470589 0.05803571428571429 0.11764705882352941
1 0.3757440476190476 0.825 0.049107142857142856 0.09411764705882353
1 0.42485119047619047 0.8470588235294118 0.047619047619047616 0.17647058823529413
1 0.7016369047619048 0.8441176470588235 0.07291666666666667 0.1
1 0.4330357142857143 0.5926470588235294 0.06398809523809523 0.11764705882352941
1 0.421875 0.7088235294117647 0.07886904761904762 0.1
1 0.27976190476190477 0.09558823529411764 0.041666666666666664 0.10588235294117647