0 0.5212765957446809 0.11842105263157894 0.05186170212765957 0.12368421052631579
0 0.47938829787234044 0.33421052631578946 0.05452127659574468 0.11842105263157894
0 0.5877659574468085 0.3881578947368421 0.05186170212765957 0.10526315789473684
0 0.5611702127659575 0.48157894736842105 0.05851063829787234 0.11315789473684211
0 0.7107712765957447 0.781578947368421 0.061170212765957445 0.10789473684210527
1 0.4587765957446808 0.09473684210526316 0.0598404255319149 0.12894736842105264
1 0.7180851063829787 0.02894736842105263 0.03723404255319149 0.05789473684210526
1 0.6715425531914894 0.25921052631578945 0.05585106382978723 0.14736842105263157
1 0.6502659574468085 0.14342105263157895 0.04920212765957447 0.12894736842105264
1 0.6210106382978723 0.775 0.061170212765957445 0.12105263157894737
1 0.6748670212765957 0.9592105263157895 0.057180851063829786 0.04473684210526316
1 0.43550531914893614 0.30657894736842106 0.031914893617021274 0.10526315789473684