0 0.5634816753926701 0.44430051813471505 0.06413612565445026 0.13989637305699482
0 0.3298429319371728 0.7033678756476683 0.05366492146596859 0.11658031088082901
0 0.5340314136125655 0.9041450777202072 0.07329842931937172 0.12435233160621761
0 0.1511780104712042 0.1878238341968912 0.0824607329842932 0.16580310880829016
0 0.14856020942408377 0.07642487046632124 0.08769633507853403 0.15284974093264247
0 0.8036649214659686 0.7940414507772021 0.07329842931937172 0.12435233160621761
1 0.7519633507853403 0.616580310880829 0.07722513089005235 0.16321243523316062
1 0.6675392670157068 0.41321243523316065 0.08507853403141362 0.13471502590673576
1 0.39267015706806285 0.3082901554404145 0.0693717277486911 0.16062176165803108
1 0.4954188481675393 0.8691709844559585 0.060209424083769635 0.15284974093264247
1 0.3913612565445026 0.07772020725388601 0.06544502617801047 0.14507772020725387
1 0.13285340314136126 0.03626943005181347 0.056282722513089 0.07253886010362694