0 0.7211796246648794 0.5423280423280423 0.06032171581769437 0.10582010582010581
0 0.6052278820375335 0.7275132275132276 0.08847184986595175 0.12962962962962962
0 0.6943699731903485 0.6970899470899471 0.06300268096514745 0.10846560846560846
0 0.735254691689008 0.7513227513227513 0.06702412868632708 0.10582010582010581
0 0.8592493297587132 0.8373015873015873 0.06300268096514745 0.10582010582010581
0 0.7526809651474531 0.9351851851851852 0.07104557640750671 0.12962962962962962
0 0.5529490616621984 0.9722222222222222 0.06836461126005362 0.05555555555555555
0 0.34115281501340483 0.9034391534391535 0.06300268096514745 0.10052910052910052
1 0.5985254691689008 0.4523809523809524 0.06300268096514745 0.10052910052910052
1 0.596514745308311 0.5185185185185185 0.07640750670241286 0.13227513227513227
1 0.7781501340482574 0.6283068783068783 0.06836461126005362 0.10052910052910052
1 0.8800268096514745 0.6481481481481481 0.06300268096514745 0.09523809523809523
1 0.9175603217158177 0.9616402116402116 0.06568364611260054 0.07671957671957672
1 0.631367292225201 0.8941798941798942 0.06836461126005362 0.11904761904761904
1 0.6132707774798928 0.9682539682539683 0.07640750670241286 0.06349206349206349
1 0.410857908847185 0.9259259259259259 0.06836461126005362 0.1164021164021164
1 0.1970509383378016 0.7738095238095238 0.06032171581769437 0.10846560846560846