0 0.061447811447811446 0.8344370860927153 0.0723905723905724 0.1291390728476821
0 0.0723905723905724 0.7566225165562914 0.08585858585858586 0.152317880794702
0 0.24494949494949494 0.5629139072847682 0.08417508417508418 0.15562913907284767
0 0.35942760942760943 0.37251655629139074 0.09090909090909091 0.16225165562913907
0 0.5841750841750841 0.445364238410596 0.09259259259259259 0.16225165562913907
0 0.41919191919191917 0.8526490066225165 0.1026936026936027 0.19205298013245034
0 0.27441077441077444 0.9321192052980133 0.09427609427609428 0.1357615894039735
0 0.09595959595959595 0.9619205298013245 0.08080808080808081 0.076158940397351
1 0.5563973063973064 0.804635761589404 0.09427609427609428 0.16225165562913907
1 0.3712121212121212 0.7168874172185431 0.10101010101010101 0.16225165562913907
1 0.18855218855218855 0.6258278145695364 0.08585858585858586 0.15894039735099338
1 0.4006734006734007 0.4370860927152318 0.08754208754208755 0.17218543046357615