0 0.6347708894878706 0.8284574468085106 0.09299191374663072 0.17287234042553193
0 0.2702156334231806 0.42686170212765956 0.08490566037735849 0.15425531914893617
0 0.31266846361185985 0.5997340425531915 0.08221024258760108 0.14361702127659576
0 0.4811320754716981 0.8603723404255319 0.08355795148247978 0.14095744680851063
0 0.19946091644204852 0.20212765957446807 0.07951482479784366 0.15159574468085107
0 0.29649595687331537 0.28324468085106386 0.0862533692722372 0.1595744680851064
0 0.15161725067385445 0.3257978723404255 0.07816711590296496 0.14095744680851063
1 0.35377358490566035 0.17287234042553193 0.07142857142857142 0.14095744680851063
1 0.2068733153638814 0.586436170212766 0.06873315363881402 0.14361702127659576
1 0.45619946091644203 0.4321808510638298 0.0673854447439353 0.1356382978723404
1 0.44609164420485176 0.5492021276595744 0.06334231805929919 0.13031914893617022
1 0.49797843665768193 0.7207446808510638 0.0876010781671159 0.17287234042553193
1 0.2971698113207547 0.6901595744680851 0.07547169811320754 0.15691489361702127
1 0.601078167115903 0.37632978723404253 0.09164420485175202 0.17819148936170212
1 0.7547169811320755 0.26861702127659576 0.07681940700808626 0.14361702127659576