0 0.1483375959079284 0.5378787878787878 0.04219948849104859 0.06313131313131314
0 0.15537084398976983 0.6123737373737373 0.04731457800511509 0.06313131313131314
0 0.1387468030690537 0.6767676767676768 0.06010230179028133 0.08080808080808081
0 0.11445012787723785 0.6957070707070707 0.056265984654731455 0.08585858585858586
0 0.159846547314578 0.8017676767676768 0.06010230179028133 0.08585858585858586
0 0.39578005115089515 0.41035353535353536 0.05115089514066496 0.08080808080808081
0 0.4578005115089514 0.3939393939393939 0.04475703324808184 0.08585858585858586
0 0.39705882352941174 0.6224747474747475 0.058823529411764705 0.09343434343434344
0 0.6675191815856778 0.8914141414141414 0.06265984654731457 0.1111111111111111
1 0.2883631713554987 0.5037878787878788 0.056265984654731455 0.08585858585858586
1 0.3631713554987212 0.5593434343434344 0.04603580562659847 0.09343434343434344
1 0.2921994884910486 0.7815656565656566 0.061381074168797956 0.10101010101010101
1 0.5210997442455243 0.9444444444444444 0.04731457800511509 0.1111111111111111
1 0.27429667519181583 0.9848484848484849 0.06265984654731457 0.030303030303030304
1 0.2129156010230179 0.9444444444444444 0.06010230179028133 0.10101010101010101
1 0.12595907928388747 0.9002525252525253 0.05115089514066496 0.0707070707070707
1 0.2653452685421995 0.6237373737373737 0.058823529411764705 0.11616161616161616
1 0.25895140664961636 0.7487373737373737 0.056265984654731455 0.09090909090909091
1 0.24616368286445012 0.5151515151515151 0.04859335038363171 0.1111111111111111