0 0.5729166666666666 0.12774725274725274 0.05138888888888889 0.11538461538461539
0 0.6076388888888888 0.3626373626373626 0.05277777777777778 0.12637362637362637
0 0.5041666666666667 0.6730769230769231 0.05138888888888889 0.12912087912087913
0 0.4041666666666667 0.28983516483516486 0.06388888888888888 0.13736263736263737
0 0.41597222222222224 0.05357142857142857 0.04861111111111111 0.10714285714285714
0 0.33402777777777776 0.08379120879120878 0.05 0.14835164835164835
1 0.37569444444444444 0.510989010989011 0.05 0.1346153846153846
1 0.4722222222222222 0.26373626373626374 0.05 0.14835164835164835
1 0.5680555555555555 0.042582417582417584 0.05138888888888889 0.07692307692307693
1 0.5694444444444444 0.4024725274725275 0.058333333333333334 0.11538461538461539
1 0.2798611111111111 0.013736263736263736 0.04027777777777778 0.027472527472527472
1 0.2763888888888889 0.29945054945054944 0.041666666666666664 0.16483516483516483