0 0.5783678756476683 0.5650510204081632 0.05181347150259067 0.11989795918367346
0 0.5025906735751295 0.6479591836734694 0.05829015544041451 0.11479591836734694
0 0.5272020725388601 0.5727040816326531 0.06606217616580311 0.13010204081632654
0 0.46567357512953367 0.04846938775510204 0.05829015544041451 0.09693877551020408
0 0.5012953367875648 0.17729591836734693 0.05569948186528497 0.1096938775510204
0 0.47733160621761656 0.27933673469387754 0.05958549222797927 0.11734693877551021
0 0.28756476683937826 0.3596938775510204 0.06476683937823834 0.1377551020408163
1 0.5194300518134715 0.09183673469387756 0.07124352331606218 0.13520408163265307
1 0.6878238341968912 0.4298469387755102 0.05569948186528497 0.11479591836734694
1 0.5252590673575129 0.24362244897959184 0.06347150259067358 0.125
1 0.375 0.42346938775510207 0.07642487046632124 0.14540816326530612
1 0.36917098445595853 0.7053571428571429 0.07253886010362694 0.14795918367346939
1 0.2759067357512953 0.2308673469387755 0.08419689119170984 0.15051020408163265
1 0.3329015544041451 0.29846938775510207 0.06476683937823834 0.15816326530612246
1 0.3400259067357513 0.15433673469387754 0.06217616580310881 0.13010204081632654