0 0.16391184573002754 0.375 0.07162534435261708 0.13349514563106796
0 0.5385674931129476 0.41383495145631066 0.0674931129476584 0.10194174757281553
0 0.6418732782369146 0.10679611650485436 0.06336088154269973 0.09951456310679611
0 0.8209366391184573 0.18567961165048544 0.05647382920110193 0.10679611650485436
0 0.8526170798898072 0.35436893203883496 0.05234159779614325 0.09223300970873786
0 0.8209366391184573 0.41504854368932037 0.05785123966942149 0.0970873786407767
0 0.6136363636363636 0.5861650485436893 0.06473829201101929 0.10194174757281553
0 0.5461432506887053 0.49393203883495146 0.07162534435261708 0.1262135922330097
1 0.6163911845730028 0.21359223300970873 0.06336088154269973 0.11893203883495146
1 0.8037190082644629 0.021844660194174758 0.0674931129476584 0.043689320388349516
1 0.7114325068870524 0.3191747572815534 0.06060606060606061 0.10436893203883495
1 0.7961432506887053 0.1650485436893204 0.05234159779614325 0.08980582524271845
1 0.772038567493113 0.45995145631067963 0.05234159779614325 0.09223300970873786
1 0.5192837465564738 0.6990291262135923 0.05096418732782369 0.08495145631067962
1 0.4869146005509642 0.8956310679611651 0.048209366391184574 0.07766990291262135
1 0.37947658402203854 0.44538834951456313 0.05509641873278237 0.08737864077669903