0 0.8760623229461756 0.3407821229050279 0.06657223796033994 0.11452513966480447
0 0.7287535410764873 0.37988826815642457 0.0821529745042493 0.12569832402234637
0 0.7330028328611898 0.5251396648044693 0.07507082152974505 0.1424581005586592
0 0.5177053824362606 0.8393854748603352 0.0906515580736544 0.15921787709497207
0 0.5007082152974505 0.3240223463687151 0.08781869688385269 0.17039106145251395
0 0.2868271954674221 0.9636871508379888 0.09773371104815864 0.07262569832402235
0 0.21671388101983002 0.8212290502793296 0.07365439093484419 0.11731843575418995
1 0.8045325779036827 0.6187150837988827 0.0679886685552408 0.1452513966480447
1 0.7209631728045326 0.6843575418994413 0.059490084985835696 0.13128491620111732
1 0.5594900849858357 0.6466480446927374 0.06657223796033994 0.1452513966480447
1 0.5601983002832861 0.505586592178771 0.09206798866855524 0.19553072625698323
1 0.26345609065155806 0.23743016759776536 0.08498583569405099 0.19553072625698323
1 0.2705382436260623 0.5837988826815642 0.09773371104815864 0.13966480446927373
1 0.1529745042492918 0.9832402234636871 0.06515580736543909 0.0335195530726257