0 0.3025956284153005 0.9459134615384616 0.060109289617486336 0.10336538461538461
0 0.5730874316939891 0.7836538461538461 0.04781420765027322 0.09615384615384616
0 0.5621584699453552 0.051682692307692304 0.06967213114754098 0.10336538461538461
0 0.7472677595628415 0.23197115384615385 0.06693989071038252 0.11778846153846154
0 0.7862021857923497 0.22596153846153846 0.06284153005464481 0.11778846153846154
0 0.7090163934426229 0.3233173076923077 0.06830601092896176 0.11538461538461539
0 0.8456284153005464 0.2980769230769231 0.060109289617486336 0.10817307692307693
1 0.4296448087431694 0.8581730769230769 0.0546448087431694 0.0985576923076923
1 0.46653005464480873 0.8822115384615384 0.05327868852459016 0.10096153846153846
1 0.4036885245901639 0.19230769230769232 0.056010928961748634 0.10096153846153846
1 0.8510928961748634 0.2512019230769231 0.056010928961748634 0.10576923076923077
1 0.8381147540983607 0.40384615384615385 0.05737704918032787 0.08173076923076923