0 0.5990437158469946 0.9038461538461539 0.0546448087431694 0.10817307692307693
0 0.5963114754098361 0.9771634615384616 0.05874316939890711 0.04567307692307692
0 0.5389344262295082 0.9194711538461539 0.06557377049180328 0.11778846153846154
0 0.4972677595628415 0.8954326923076923 0.05874316939890711 0.10336538461538461
0 0.3818306010928962 0.6334134615384616 0.06420765027322405 0.11778846153846154
0 0.3394808743169399 0.36658653846153844 0.045081967213114756 0.08413461538461539
0 0.3777322404371585 0.2608173076923077 0.060109289617486336 0.11538461538461539
1 0.4521857923497268 0.051682692307692304 0.05191256830601093 0.0985576923076923
1 0.4474043715846995 0.3798076923076923 0.05327868852459016 0.12259615384615384
1 0.3203551912568306 0.890625 0.036885245901639344 0.04807692307692308
1 0.3948087431693989 0.8341346153846154 0.06147540983606557 0.08653846153846154
1 0.421448087431694 0.9447115384615384 0.06147540983606557 0.09615384615384616
1 0.6099726775956285 0.6189903846153846 0.06693989071038252 0.0985576923076923
1 0.6680327868852459 0.6526442307692307 0.0546448087431694 0.10817307692307693