0 0.3916184971098266 0.07142857142857142 0.05202312138728324 0.12
0 0.5223988439306358 0.26142857142857145 0.05057803468208093 0.1657142857142857
0 0.42052023121387283 0.9071428571428571 0.05491329479768786 0.16857142857142857
0 0.6054913294797688 0.59 0.05202312138728324 0.15142857142857144
0 0.7167630057803468 0.40285714285714286 0.0476878612716763 0.12857142857142856
0 0.3265895953757225 0.48857142857142855 0.06213872832369942 0.08571428571428572
1 0.4588150289017341 0.03571428571428571 0.07658959537572255 0.07142857142857142
1 0.3829479768786127 0.3942857142857143 0.05346820809248555 0.13428571428571429
1 0.3070809248554913 0.75 0.06213872832369942 0.09428571428571429
1 0.6979768786127167 0.8342857142857143 0.06936416184971098 0.13714285714285715
1 0.7109826589595376 0.20714285714285716 0.06213872832369942 0.13428571428571429