0 0.5516997167138811 0.3271144278606965 0.05099150141643059 0.10199004975124377
0 0.5198300283286119 0.2810945273631841 0.05240793201133145 0.11194029850746269
0 0.37960339943342775 0.12189054726368159 0.05524079320113314 0.07213930348258707
0 0.3236543909348442 0.09825870646766169 0.049575070821529746 0.06467661691542288
0 0.21813031161473087 0.5149253731343284 0.056657223796033995 0.07462686567164178
0 0.20113314447592068 0.5783582089552238 0.04815864022662889 0.08955223880597014
0 0.1274787535410765 0.2997512437810945 0.056657223796033995 0.06218905472636816
1 0.5623229461756374 0.1480099502487562 0.04107648725212465 0.08955223880597014
1 0.13385269121813032 0.05099502487562189 0.046742209631728045 0.0845771144278607
1 0.19475920679886685 0.12189054726368159 0.053824362606232294 0.07213930348258707
1 0.056657223796033995 0.35447761194029853 0.04107648725212465 0.09701492537313433
1 0.3101983002832861 0.6455223880597015 0.04107648725212465 0.09203980099502487
1 0.4398016997167139 0.5248756218905473 0.059490084985835696 0.07213930348258707
1 0.29957507082152973 0.17786069651741293 0.043909348441926344 0.09701492537313433
1 0.6352691218130312 0.8594527363184079 0.04107648725212465 0.07462686567164178