0 0.6181506849315068 0.2668918918918919 0.05650684931506849 0.15878378378378377
0 0.5873287671232876 0.2685810810810811 0.06164383561643835 0.19256756756756757
0 0.7397260273972602 0.6334459459459459 0.0839041095890411 0.12837837837837837
0 0.02054794520547945 0.25506756756756754 0.0410958904109589 0.14527027027027026
0 0.13784246575342465 0.3260135135135135 0.0821917808219178 0.10472972972972973
0 0.19263698630136986 0.4172297297297297 0.08561643835616438 0.14864864864864866
0 0.17294520547945205 0.048986486486486486 0.0702054794520548 0.037162162162162164
1 0.7936643835616438 0.47466216216216217 0.10787671232876712 0.12162162162162163
1 0.610445205479452 0.9527027027027027 0.0821917808219178 0.08108108108108109
1 0.24743150684931506 0.9425675675675675 0.07705479452054795 0.11486486486486487
1 0.17893835616438356 0.5777027027027027 0.0702054794520548 0.1554054054054054
1 0.363013698630137 0.26182432432432434 0.06335616438356165 0.17905405405405406
1 0.2054794520547945 0.05574324324324324 0.07363013698630137 0.057432432432432436
1 0.3904109589041096 0.25844594594594594 0.05650684931506849 0.17229729729729729