0 0.6775 0.27631578947368424 0.10333333333333333 0.18092105263157895
0 0.26416666666666666 0.018092105263157895 0.06833333333333333 0.03618421052631579
0 0.33666666666666667 0.2779605263157895 0.12666666666666668 0.23026315789473684
0 0.29333333333333333 0.4605263157894737 0.10333333333333333 0.1875
0 0.14333333333333334 0.34868421052631576 0.09166666666666666 0.17763157894736842
0 0.3516666666666667 0.631578947368421 0.10333333333333333 0.16776315789473684
0 0.5725 0.9457236842105263 0.10166666666666667 0.10855263157894737
0 0.8191666666666667 0.9539473684210527 0.09833333333333333 0.09210526315789473
1 0.895 0.36348684210526316 0.095 0.18421052631578946
1 0.3333333333333333 0.7763157894736842 0.08666666666666667 0.1611842105263158
1 0.5675 0.7582236842105263 0.09166666666666666 0.18421052631578946
1 0.5258333333333334 0.5805921052631579 0.08666666666666667 0.1611842105263158
1 0.5225 0.4440789473684211 0.09833333333333333 0.1875
1 0.43833333333333335 0.09868421052631579 0.09166666666666666 0.18092105263157895
1 0.2275 0.6677631578947368 0.09166666666666666 0.17763157894736842