0 0.2881944444444444 0.46646341463414637 0.07291666666666667 0.12804878048780488
0 0.3428819444444444 0.7789634146341463 0.06944444444444445 0.12804878048780488
0 0.6866319444444444 0.926829268292683 0.06770833333333333 0.06402439024390244
0 0.6814236111111112 0.5198170731707317 0.078125 0.14329268292682926
0 0.6831597222222222 0.43597560975609756 0.0798611111111111 0.14329268292682926
0 0.5651041666666666 0.34146341463414637 0.08333333333333333 0.1402439024390244
1 0.640625 0.013719512195121951 0.0625 0.027439024390243903
1 0.4314236111111111 0.6920731707317073 0.07291666666666667 0.0975609756097561
1 0.5564236111111112 0.823170731707317 0.052083333333333336 0.10365853658536585
1 0.6892361111111112 0.8323170731707317 0.06076388888888889 0.0975609756097561
1 0.6805555555555556 0.16615853658536586 0.05555555555555555 0.10365853658536585