0 0.7716216216216216 0.11190476190476191 0.05675675675675676 0.08333333333333333
0 0.22702702702702704 0.15714285714285714 0.0472972972972973 0.07857142857142857
0 0.1831081081081081 0.2619047619047619 0.0445945945945946 0.09047619047619047
0 0.10945945945945947 0.4238095238095238 0.051351351351351354 0.06904761904761905
0 0.14662162162162162 0.6321428571428571 0.0472972972972973 0.0761904761904762
0 0.19864864864864865 0.6404761904761904 0.043243243243243246 0.08333333333333333
0 0.3952702702702703 0.6107142857142858 0.06756756756756757 0.08333333333333333
0 0.5756756756756757 0.6761904761904762 0.062162162162162166 0.0880952380952381
0 0.527027027027027 0.775 0.031081081081081083 0.0761904761904762
1 0.5527027027027027 0.20952380952380953 0.051351351351351354 0.10238095238095238
1 0.4175675675675676 0.15476190476190477 0.0445945945945946 0.09047619047619047
1 0.34797297297297297 0.2630952380952381 0.04594594594594595 0.09761904761904762
1 0.14662162162162162 0.19047619047619047 0.05810810810810811 0.05476190476190476
1 0.15945945945945947 0.43333333333333335 0.05810810810810811 0.05952380952380952
1 0.2702702702702703 0.4785714285714286 0.060810810810810814 0.0761904761904762
1 0.24121621621621622 0.65 0.0445945945945946 0.07857142857142857
1 0.4263513513513513 0.6476190476190476 0.043243243243243246 0.09047619047619047
1 0.6547297297297298 0.7785714285714286 0.0445945945945946 0.07857142857142857