0 0.1970074812967581 0.6539408866995073 0.06109725685785536 0.10098522167487685
0 0.28428927680798005 0.5160098522167488 0.06483790523690773 0.11822660098522167
0 0.27618453865336656 0.853448275862069 0.06483790523690773 0.10837438423645321
0 0.4295511221945137 0.7561576354679803 0.07107231920199501 0.10344827586206896
0 0.5249376558603491 0.8399014778325123 0.06733167082294264 0.11822660098522167
0 0.6091022443890274 0.8399014778325123 0.06483790523690773 0.1206896551724138
0 0.5330423940149626 0.15517241379310345 0.06109725685785536 0.10344827586206896
0 0.6346633416458853 0.034482758620689655 0.06234413965087282 0.06896551724137931
1 0.4170822942643391 0.4987684729064039 0.07605985037406483 0.0960591133004926
1 0.37967581047381543 0.3288177339901478 0.057356608478802994 0.1330049261083744
1 0.23316708229426433 0.9224137931034483 0.07231920199501247 0.08866995073891626
1 0.4307980049875312 0.8411330049261084 0.06359102244389027 0.1477832512315271
1 0.5960099750623441 0.45935960591133007 0.08728179551122195 0.1206896551724138
1 0.6982543640897756 0.729064039408867 0.048628428927680795 0.1354679802955665
1 0.6496259351620948 0.270935960591133 0.06608478802992519 0.07881773399014778
1 0.7581047381546134 0.1539408866995074 0.08603491271820449 0.10098522167487685