0 0.7813390313390314 0.3629943502824859 0.06552706552706553 0.13559322033898305
0 0.9259259259259259 0.5536723163841808 0.06267806267806268 0.12429378531073447
0 0.905982905982906 0.6991525423728814 0.06125356125356125 0.11864406779661017
0 0.5071225071225072 0.711864406779661 0.0641025641025641 0.10734463276836158
0 0.49572649572649574 0.8022598870056498 0.07122507122507123 0.12994350282485875
0 0.3091168091168091 0.2895480225988701 0.06695156695156695 0.14689265536723164
0 0.5477207977207977 0.12994350282485875 0.0584045584045584 0.12429378531073447
0 0.5277777777777778 0.3305084745762712 0.0641025641025641 0.12429378531073447
1 0.6445868945868946 0.9194915254237288 0.0641025641025641 0.1553672316384181
1 0.8589743589743589 0.9872881355932204 0.07122507122507123 0.025423728813559324
1 0.7428774928774928 0.4745762711864407 0.05270655270655271 0.14689265536723164
1 0.9366096866096866 0.4661016949152542 0.05270655270655271 0.10734463276836158
1 0.7008547008547008 0.3192090395480226 0.06695156695156695 0.1553672316384181
1 0.42165242165242167 0.03389830508474576 0.045584045584045586 0.06779661016949153
1 0.2094017094017094 0.16101694915254236 0.08831908831908832 0.11016949152542373
1 0.22507122507122507 0.6002824858757062 0.09829059829059829 0.11581920903954802
1 0.28917378917378916 0.71045197740113 0.07834757834757834 0.16101694915254236