0 0.513550135501355 0.04411764705882353 0.051490514905149054 0.08823529411764706
0 0.5501355013550135 0.11363636363636363 0.051490514905149054 0.12032085561497326
0 0.6117886178861789 0.07754010695187166 0.052845528455284556 0.10160427807486631
0 0.6659891598915989 0.1497326203208556 0.05962059620596206 0.13368983957219252
0 0.6991869918699187 0.6537433155080213 0.06368563685636856 0.1443850267379679
1 0.5691056910569106 0.4050802139037433 0.08401084010840108 0.13636363636363635
1 0.6334688346883469 0.4772727272727273 0.06639566395663957 0.10695187165775401
1 0.731029810298103 0.2339572192513369 0.06233062330623306 0.10427807486631016
1 0.7439024390243902 0.10026737967914438 0.06639566395663957 0.05614973262032086
1 0.43089430894308944 0.29010695187165775 0.06775067750677506 0.11497326203208556
1 0.2926829268292683 0.7286096256684492 0.051490514905149054 0.10160427807486631