0 0.5375457875457875 0.024193548387096774 0.07509157509157509 0.04838709677419355
0 0.10714285714285714 0.3870967741935484 0.09706959706959707 0.15806451612903225
0 0.01098901098901099 0.5048387096774194 0.02197802197802198 0.15806451612903225
0 0.3772893772893773 0.7774193548387097 0.07875457875457875 0.13225806451612904
0 0.6318681318681318 0.7419354838709677 0.08974358974358974 0.11935483870967742
0 0.6785714285714286 0.6758064516129032 0.07875457875457875 0.12258064516129032
0 0.6364468864468864 0.8048387096774193 0.08058608058608059 0.13870967741935483
1 0.5485347985347986 0.09516129032258064 0.07875457875457875 0.16129032258064516
1 0.3882783882783883 0.08225806451612903 0.0641025641025641 0.1064516129032258
1 0.2619047619047619 0.3919354838709677 0.08791208791208792 0.15806451612903225
1 0.19230769230769232 0.8193548387096774 0.07326007326007326 0.13548387096774195
1 0.45146520146520147 0.6548387096774193 0.09340659340659341 0.13225806451612904
1 0.5210622710622711 0.4935483870967742 0.08241758241758242 0.14838709677419354
1 0.7637362637362637 0.8451612903225807 0.05860805860805861 0.08064516129032258