0 0.2631578947368421 0.5852601156069365 0.07730263157894737 0.12138728323699421
0 0.3684210526315789 0.17341040462427745 0.07236842105263158 0.11271676300578035
0 0.2911184210526316 0.08670520231213873 0.06578947368421052 0.1676300578034682
0 0.5633223684210527 0.4060693641618497 0.07730263157894737 0.13005780346820808
0 0.609375 0.815028901734104 0.06743421052631579 0.13872832369942195
0 0.6800986842105263 0.7630057803468208 0.06414473684210527 0.09826589595375723
1 0.24835526315789475 0.4638728323699422 0.06907894736842106 0.09826589595375723
1 0.49506578947368424 0.15028901734104047 0.06743421052631579 0.0953757225433526
1 0.5476973684210527 0.24132947976878613 0.06578947368421052 0.1069364161849711
1 0.6365131578947368 0.12716763005780346 0.05263157894736842 0.09248554913294797
1 0.5953947368421053 0.4985549132947977 0.06085526315789474 0.1069364161849711
1 0.649671052631579 0.9869942196531792 0.05921052631578947 0.02601156069364162