0 0.8351063829787234 0.4486842105263158 0.07313829787234043 0.14473684210526316
0 0.682845744680851 0.1986842105263158 0.061170212765957445 0.12368421052631579
0 0.7539893617021277 0.5539473684210526 0.0678191489361702 0.13421052631578947
0 0.5784574468085106 0.29605263157894735 0.061170212765957445 0.12105263157894737
0 0.40492021276595747 0.5210526315789473 0.07180851063829788 0.1394736842105263
0 0.543218085106383 0.3828947368421053 0.06914893617021277 0.12368421052631579
0 0.3816489361702128 0.7131578947368421 0.06515957446808511 0.12368421052631579
0 0.6675531914893617 0.7342105263157894 0.06914893617021277 0.1368421052631579
0 0.28324468085106386 0.756578947368421 0.07845744680851063 0.15
0 0.37433510638297873 0.45526315789473687 0.0598404255319149 0.10263157894736842
1 0.7865691489361702 0.4118421052631579 0.07180851063829788 0.1368421052631579
1 0.7207446808510638 0.6684210526315789 0.0797872340425532 0.15526315789473685
1 0.47805851063829785 0.8921052631578947 0.08377659574468085 0.16578947368421051
1 0.5644946808510638 0.6723684210526316 0.08776595744680851 0.18421052631578946
1 0.6356382978723404 0.6368421052631579 0.0797872340425532 0.14473684210526316
1 0.6888297872340425 0.5578947368421052 0.07579787234042554 0.1368421052631579
1 0.6582446808510638 0.28289473684210525 0.08111702127659574 0.1394736842105263
1 0.5186170212765957 0.3092105263157895 0.07047872340425532 0.12894736842105264
1 0.3377659574468085 0.23421052631578948 0.05851063829787234 0.1
1 0.25 0.41842105263157897 0.08909574468085106 0.15263157894736842