0 0.5563002680965148 0.1693121693121693 0.06300268096514745 0.10052910052910052
0 0.6072386058981233 0.23015873015873015 0.057640750670241284 0.1164021164021164
0 0.7151474530831099 0.5727513227513228 0.07238605898123325 0.12433862433862433
0 0.18967828418230562 0.5423280423280423 0.06702412868632708 0.13227513227513227
0 0.27412868632707776 0.705026455026455 0.06568364611260054 0.10582010582010581
0 0.3827077747989276 0.7182539682539683 0.06300268096514745 0.10582010582010581
0 0.39276139410187666 0.8373015873015873 0.06702412868632708 0.1164021164021164
0 0.6025469168900804 0.7936507936507936 0.0871313672922252 0.1349206349206349
1 0.34316353887399464 0.36904761904761907 0.04691689008042895 0.10846560846560846
1 0.3753351206434316 0.455026455026455 0.06166219839142091 0.1164021164021164
1 0.22788203753351208 0.8584656084656085 0.04691689008042895 0.1164021164021164
1 0.23324396782841822 0.9642857142857143 0.045576407506702415 0.07142857142857142
1 0.4054959785522788 0.9140211640211641 0.058981233243967826 0.13227513227513227
1 0.5522788203753352 0.42063492063492064 0.06970509383378017 0.09788359788359788
1 0.43967828418230565 0.3306878306878307 0.06166219839142091 0.12962962962962962
1 0.7131367292225201 0.027777777777777776 0.05361930294906166 0.05555555555555555