0 0.17281879194630873 0.20562130177514792 0.07214765100671142 0.11538461538461539
0 0.4513422818791946 0.13757396449704143 0.05536912751677853 0.09763313609467456
0 0.714765100671141 0.21449704142011836 0.08892617449664429 0.10059171597633136
0 0.8758389261744967 0.19230769230769232 0.06879194630872483 0.08284023668639054
0 0.8926174496644296 0.3062130177514793 0.06208053691275168 0.09763313609467456
0 0.7827181208053692 0.45710059171597633 0.05704697986577181 0.11538461538461539
0 0.5822147651006712 0.5443786982248521 0.06208053691275168 0.09467455621301775
0 0.3615771812080537 0.8091715976331361 0.06543624161073826 0.11538461538461539
0 0.3716442953020134 0.8624260355029586 0.06375838926174497 0.10650887573964497
1 0.3615771812080537 0.05621301775147929 0.05536912751677853 0.07100591715976332
1 0.8506711409395973 0.07100591715976332 0.06208053691275168 0.13313609467455623
1 0.7307046979865772 0.34023668639053256 0.053691275167785234 0.10355029585798817
1 0.6140939597315436 0.46893491124260356 0.06375838926174497 0.10650887573964497
1 0.7818791946308725 0.5325443786982249 0.050335570469798654 0.08875739644970414
1 0.49077181208053694 0.5784023668639053 0.06543624161073826 0.10355029585798817
1 0.20469798657718122 0.8520710059171598 0.05536912751677853 0.07692307692307693