0 0.5556338028169014 0.46905940594059403 0.057746478873239436 0.10643564356435643
0 0.5190140845070422 0.525990099009901 0.06056338028169014 0.11138613861386139
0 0.4563380281690141 0.6435643564356436 0.07323943661971831 0.12871287128712872
0 0.7887323943661971 0.5754950495049505 0.07887323943661972 0.12623762376237624
0 0.7845070422535211 0.525990099009901 0.07323943661971831 0.12376237623762376
1 0.29788732394366196 0.5185643564356436 0.05070422535211268 0.0891089108910891
1 0.6753521126760563 0.7574257425742574 0.07323943661971831 0.12128712871287128
1 0.6767605633802817 0.2685643564356436 0.0676056338028169 0.11386138613861387
1 0.702112676056338 0.43564356435643564 0.06338028169014084 0.11633663366336634
1 0.6105633802816901 0.8217821782178217 0.07042253521126761 0.1188118811881188
1 0.545774647887324 0.8626237623762376 0.056338028169014086 0.10148514851485149