0 0.4791666666666667 0.9424342105263158 0.095 0.11513157894736842
0 0.705 0.25 0.06666666666666667 0.13815789473684212
0 0.5416666666666666 0.3305921052631579 0.12666666666666668 0.2598684210526316
0 0.45916666666666667 0.21052631578947367 0.10333333333333333 0.21052631578947367
0 0.5316666666666666 0.018092105263157895 0.07333333333333333 0.03618421052631579
0 0.36333333333333334 0.2911184210526316 0.095 0.20394736842105263
0 0.1725 0.6266447368421053 0.04833333333333333 0.09210526315789473
1 0.30333333333333334 0.24177631578947367 0.06833333333333333 0.15460526315789475
1 0.25833333333333336 0.6858552631578947 0.09833333333333333 0.19407894736842105
1 0.355 0.6398026315789473 0.08833333333333333 0.17763157894736842
1 0.42333333333333334 0.6595394736842105 0.10166666666666667 0.20394736842105263
1 0.6116666666666667 0.5608552631578947 0.09666666666666666 0.19078947368421054
1 0.375 0.06907894736842106 0.08 0.13815789473684212