0 0.5929003021148036 0.6607142857142857 0.06042296072507553 0.13988095238095238
0 0.49244712990936557 0.6339285714285714 0.06948640483383686 0.13690476190476192
0 0.5422960725075529 0.5967261904761905 0.0770392749244713 0.15476190476190477
0 0.6593655589123867 0.19196428571428573 0.0649546827794562 0.12797619047619047
0 0.600453172205438 0.2544642857142857 0.06948640483383686 0.13988095238095238
0 0.3942598187311178 0.07291666666666667 0.0755287009063444 0.14583333333333334
1 0.7031722054380665 0.15476190476190477 0.07854984894259819 0.125
1 0.7280966767371602 0.6755952380952381 0.03474320241691843 0.11607142857142858
1 0.6578549848942599 0.28720238095238093 0.0755287009063444 0.1488095238095238
1 0.45392749244712993 0.24702380952380953 0.0891238670694864 0.17261904761904762
1 0.34818731117824775 0.5014880952380952 0.08610271903323263 0.17559523809523808
1 0.45845921450151056 0.0818452380952381 0.0770392749244713 0.1636904761904762
1 0.5090634441087614 0.013392857142857142 0.05740181268882175 0.026785714285714284