0 0.4484732824427481 0.7487437185929648 0.06870229007633588 0.1306532663316583
0 0.4064885496183206 0.628140703517588 0.05979643765903308 0.12311557788944724
0 0.4357506361323155 0.6256281407035176 0.05725190839694656 0.12311557788944724
0 0.47264631043257 0.3203517587939699 0.06615776081424936 0.14321608040201006
0 0.4720101781170484 0.22110552763819097 0.058524173027989825 0.11306532663316583
0 0.6717557251908397 0.14824120603015076 0.07124681933842239 0.12814070351758794
0 0.4872773536895674 0.059045226130653265 0.0737913486005089 0.11809045226130653
0 0.6940203562340967 0.3731155778894472 0.0737913486005089 0.13316582914572864
0 0.6393129770992366 0.40954773869346733 0.06743002544529263 0.12311557788944724
1 0.6965648854961832 0.2663316582914573 0.06361323155216285 0.10552763819095477
1 0.6259541984732825 0.7525125628140703 0.07251908396946564 0.1306532663316583
1 0.5553435114503816 0.707286432160804 0.07251908396946564 0.13316582914572864
1 0.5419847328244275 0.47361809045226133 0.08142493638676845 0.135678391959799
1 0.6291348600508906 0.35050251256281406 0.05725190839694656 0.12060301507537688
1 0.6393129770992366 0.23492462311557788 0.058524173027989825 0.13819095477386933
1 0.5229007633587787 0.0942211055276382 0.058524173027989825 0.15577889447236182
1 0.4440203562340967 0.32537688442211055 0.06997455470737914 0.1407035175879397
1 0.294529262086514 0.5188442211055276 0.062340966921119595 0.12311557788944724