0 0.5084745762711864 0.8422619047619048 0.05084745762711865 0.10119047619047619
0 0.5406779661016949 0.5223214285714286 0.05423728813559322 0.12202380952380952
0 0.523728813559322 0.13988095238095238 0.06440677966101695 0.1130952380952381
0 0.8211864406779661 0.14732142857142858 0.059322033898305086 0.11607142857142858
0 0.8491525423728814 0.09226190476190477 0.07457627118644068 0.1130952380952381
0 0.9593220338983051 0.5877976190476191 0.04406779661016949 0.11011904761904762
0 0.6584745762711864 0.6443452380952381 0.07288135593220339 0.11011904761904762
0 0.9889830508474576 0.4568452380952381 0.022033898305084745 0.10416666666666667
1 0.30847457627118646 0.11755952380952381 0.04067796610169491 0.08035714285714286
1 0.6008474576271187 0.07291666666666667 0.0423728813559322 0.11607142857142858
1 0.6101694915254238 0.19345238095238096 0.0711864406779661 0.07738095238095238
1 0.9161016949152543 0.34523809523809523 0.07627118644067797 0.07738095238095238
1 0.8296610169491525 0.43452380952380953 0.03898305084745763 0.11904761904761904
1 0.7898305084745763 0.5744047619047619 0.04067796610169491 0.08928571428571429
1 0.8703389830508474 0.6904761904761905 0.03898305084745763 0.08928571428571429
1 0.3398305084745763 0.8958333333333334 0.0423728813559322 0.10119047619047619
1 0.9694915254237289 0.07738095238095238 0.061016949152542375 0.07142857142857142