0 0.4326923076923077 0.1671195652173913 0.05357142857142857 0.09510869565217392
0 0.4416208791208791 0.24048913043478262 0.061813186813186816 0.11413043478260869
0 0.4230769230769231 0.7690217391304348 0.05357142857142857 0.11684782608695653
0 0.6318681318681318 0.6453804347826086 0.07142857142857142 0.1358695652173913
0 0.8489010989010989 0.3953804347826087 0.05357142857142857 0.09782608695652174
0 0.6641483516483516 0.6834239130434783 0.06593406593406594 0.10054347826086957
0 0.6462912087912088 0.7785326086956522 0.0673076923076923 0.07880434782608696
0 0.48282967032967034 0.7730978260869565 0.06043956043956044 0.13858695652173914
0 0.49107142857142855 0.07472826086956522 0.03983516483516483 0.08967391304347826
1 0.4855769230769231 0.43342391304347827 0.07005494505494506 0.06521739130434782
1 0.573489010989011 0.33695652173913043 0.06318681318681318 0.08695652173913043
1 0.28846153846153844 0.09646739130434782 0.046703296703296704 0.10054347826086957
1 0.6614010989010989 0.8817934782608695 0.046703296703296704 0.10326086956521739
1 0.8276098901098901 0.9021739130434783 0.04945054945054945 0.09782608695652174
1 0.8324175824175825 0.7880434782608695 0.046703296703296704 0.10326086956521739
1 0.6895604395604396 0.31657608695652173 0.042582417582417584 0.125
1 0.6380494505494505 0.34782608695652173 0.08653846153846154 0.09239130434782608
1 0.3557692307692308 0.035326086956521736 0.0521978021978022 0.07065217391304347