0 0.30935754189944137 0.3080110497237569 0.09217877094972067 0.19613259668508287
0 0.36312849162011174 0.22099447513812154 0.07960893854748603 0.1712707182320442
0 0.5034916201117319 0.680939226519337 0.0893854748603352 0.19060773480662985
0 0.5586592178770949 0.19337016574585636 0.08100558659217877 0.16298342541436464
0 0.4664804469273743 0.7320441988950276 0.05726256983240224 0.12430939226519337
1 0.42877094972067037 0.08701657458563536 0.09217877094972067 0.17403314917127072
1 0.5125698324022346 0.12845303867403315 0.08100558659217877 0.16022099447513813
1 0.5844972067039106 0.5607734806629834 0.1005586592178771 0.19337016574585636
1 0.4790502793296089 0.4005524861878453 0.09497206703910614 0.19889502762430938
1 0.35544692737430167 0.5400552486187845 0.07960893854748603 0.16298342541436464
1 0.3610335195530726 0.8038674033149171 0.06424581005586592 0.13812154696132597
1 0.3743016759776536 0.9682320441988951 0.0446927374301676 0.06353591160220995
1 0.6829608938547486 0.4530386740331492 0.0935754189944134 0.1850828729281768