0 0.2272099447513812 0.6693989071038251 0.049723756906077346 0.1284153005464481
0 0.3301104972375691 0.05874316939890711 0.06353591160220995 0.11748633879781421
0 0.5269337016574586 0.7240437158469946 0.058011049723756904 0.11748633879781421
1 0.32734806629834257 0.5150273224043715 0.06906077348066299 0.1366120218579235
1 0.2796961325966851 0.3401639344262295 0.052486187845303865 0.1284153005464481
1 0.287292817679558 0.39344262295081966 0.008287292817679558 0.01092896174863388
1 0.457182320441989 0.9453551912568307 0.06353591160220995 0.1092896174863388
1 0.45027624309392267 0.9754098360655737 0.052486187845303865 0.04918032786885246
1 0.3660220994475138 0.8647540983606558 0.0787292817679558 0.1284153005464481
1 0.3218232044198895 0.9057377049180327 0.049723756906077346 0.04644808743169399
1 0.19958563535911603 0.8183060109289617 0.03038674033149171 0.05737704918032787