0 0.40540540540540543 0.9464285714285714 0.060810810810810814 0.10714285714285714
0 0.37432432432432433 0.8785714285714286 0.05 0.08571428571428572
0 0.3202702702702703 0.7095238095238096 0.05945945945945946 0.1
0 0.4047297297297297 0.4 0.060810810810810814 0.10238095238095238
0 0.44256756756756754 0.444047619047619 0.07837837837837838 0.10714285714285714
0 0.597972972972973 0.4738095238095238 0.06486486486486487 0.1261904761904762
0 0.6716216216216216 0.4511904761904762 0.05540540540540541 0.10476190476190476
0 0.7398648648648649 0.5595238095238095 0.04864864864864865 0.10714285714285714
0 0.7256756756756757 0.8678571428571429 0.04594594594594595 0.06428571428571428
1 0.55 0.7559523809523809 0.05810810810810811 0.09285714285714286
1 0.6162162162162163 0.7357142857142858 0.05810810810810811 0.1
1 0.7351351351351352 0.830952380952381 0.043243243243243246 0.11428571428571428
1 0.7128378378378378 0.6083333333333333 0.05 0.06904761904761905
1 0.2716216216216216 0.13095238095238096 0.05540540540540541 0.06666666666666667
1 0.27364864864864863 0.39880952380952384 0.06756756756756757 0.09761904761904762
1 0.375 0.5738095238095238 0.06756756756756757 0.09523809523809523