0 0.5812101910828026 0.24842767295597484 0.07643312101910828 0.14465408805031446
0 0.518312101910828 0.6446540880503144 0.0875796178343949 0.16666666666666666
0 0.642515923566879 0.9261006289308176 0.10031847133757962 0.14779874213836477
0 0.5111464968152867 0.5408805031446541 0.1035031847133758 0.18553459119496854
0 0.49203821656050956 0.6147798742138365 0.08598726114649681 0.19811320754716982
0 0.2921974522292994 0.2610062893081761 0.09394904458598727 0.16981132075471697
0 0.24681528662420382 0.11163522012578617 0.08280254777070063 0.1289308176100629
0 0.03503184713375796 0.1918238993710692 0.03821656050955414 0.1289308176100629
1 0.07006369426751592 0.5455974842767296 0.09394904458598727 0.18238993710691823
1 0.1520700636942675 0.4811320754716981 0.10668789808917198 0.17295597484276728
1 0.2587579617834395 0.5094339622641509 0.08280254777070063 0.14465408805031446
1 0.2921974522292994 0.3522012578616352 0.09235668789808917 0.18867924528301888
1 0.34076433121019106 0.040880503144654086 0.07006369426751592 0.08176100628930817
1 0.37022292993630573 0.11949685534591195 0.07802547770700637 0.16352201257861634
1 0.7738853503184714 0.7264150943396226 0.07006369426751592 0.15723270440251572
1 0.4140127388535032 0.7578616352201258 0.08598726114649681 0.1949685534591195