0 0.11702127659574468 0.5301204819277109 0.0851063829787234 0.14457831325301204
0 0.5174772036474165 0.2319277108433735 0.07142857142857142 0.1355421686746988
0 0.5319148936170213 0.33433734939759036 0.06534954407294832 0.12048192771084337
0 0.6056231003039514 0.4066265060240964 0.08662613981762918 0.1686746987951807
0 0.16717325227963525 0.9743975903614458 0.0729483282674772 0.05120481927710843
0 0.2933130699088146 0.47740963855421686 0.08054711246200608 0.14156626506024098
0 0.40501519756838905 0.9006024096385542 0.060790273556231005 0.11144578313253012
0 0.4490881458966565 0.47289156626506024 0.08206686930091185 0.14759036144578314
0 0.10106382978723404 0.6099397590361446 0.07598784194528875 0.1355421686746988
1 0.25455927051671734 0.42620481927710846 0.0729483282674772 0.1536144578313253
1 0.16109422492401215 0.8524096385542169 0.09270516717325228 0.14759036144578314
1 0.36930091185410335 0.9367469879518072 0.08206686930091185 0.12650602409638553
1 0.6352583586626139 0.7123493975903614 0.09574468085106383 0.18373493975903615
1 0.44984802431610943 0.7289156626506024 0.0790273556231003 0.16265060240963855
1 0.35106382978723405 0.7846385542168675 0.08814589665653495 0.14759036144578314
1 0.2682370820668693 0.8524096385542169 0.09574468085106383 0.1686746987951807
1 0.3305471124620061 0.40512048192771083 0.07598784194528875 0.15060240963855423