0 0.5045731707317073 0.08155080213903744 0.057926829268292686 0.10160427807486631
0 0.8521341463414634 0.4090909090909091 0.07621951219512195 0.13368983957219252
0 0.9085365853658537 0.6189839572192514 0.07621951219512195 0.12566844919786097
0 0.8460365853658537 0.6550802139037433 0.07621951219512195 0.12834224598930483
0 0.6105182926829268 0.8141711229946524 0.08689024390243902 0.1443850267379679
0 0.5800304878048781 0.5909090909090909 0.07317073170731707 0.14171122994652408
0 0.3429878048780488 0.7713903743315508 0.07164634146341463 0.12566844919786097
1 0.41539634146341464 0.30213903743315507 0.06554878048780488 0.12299465240641712
1 0.6402439024390244 0.2927807486631016 0.07469512195121951 0.13636363636363635
1 0.21798780487804878 0.5775401069518716 0.056402439024390245 0.09893048128342247
1 0.4138719512195122 0.8796791443850267 0.057926829268292686 0.11229946524064172
1 0.7728658536585366 0.9491978609625669 0.07317073170731707 0.10160427807486631
1 0.7522865853658537 0.8422459893048129 0.07926829268292683 0.12834224598930483
1 0.6814024390243902 0.2660427807486631 0.07469512195121951 0.14171122994652408
1 0.8986280487804879 0.9144385026737968 0.07469512195121951 0.11497326203208556
1 0.9916158536585366 0.6096256684491979 0.01676829268292683 0.11229946524064172