0 0.3513986013986014 0.4086206896551724 0.07167832167832168 0.16896551724137931
0 0.3767482517482518 0.2637931034482759 0.11363636363636363 0.20344827586206896
0 0.4807692307692308 0.5448275862068965 0.09265734265734266 0.1793103448275862
1 0.7508741258741258 0.39482758620689656 0.09090909090909091 0.1793103448275862
1 0.5078671328671329 0.8810344827586207 0.0944055944055944 0.2
1 0.4160839160839161 0.5275862068965518 0.08216783216783216 0.1724137931034483
1 0.33653846153846156 0.6982758620689655 0.08041958041958042 0.15862068965517243
1 0.3155594405594406 0.8275862068965517 0.08741258741258741 0.1724137931034483
1 0.4187062937062937 0.8137931034482758 0.09265734265734266 0.18620689655172415
1 0.46503496503496505 0.9241379310344827 0.0944055944055944 0.15172413793103448
1 0.6477272727272727 0.9689655172413794 0.06818181818181818 0.06206896551724138