0 0.4345088161209068 0.8818407960199005 0.0743073047858942 0.14925373134328357
0 0.5012594458438288 0.9017412935323383 0.08438287153652393 0.1517412935323383
0 0.6775818639798489 0.5708955223880597 0.07934508816120907 0.15920398009950248
0 0.6001259445843828 0.38681592039800994 0.07682619647355164 0.15422885572139303
0 0.38727959697733 0.44776119402985076 0.07178841309823678 0.1417910447761194
0 0.7355163727959698 0.22263681592039802 0.06675062972292191 0.10696517412935323
1 0.5843828715365239 0.9029850746268657 0.08060453400503778 0.1517412935323383
1 0.5875314861460957 0.6169154228855721 0.07556675062972293 0.13930348258706468
1 0.52455919395466 0.585820895522388 0.0818639798488665 0.1417910447761194
1 0.4389168765743073 0.3756218905472637 0.06675062972292191 0.14676616915422885
1 0.33690176322418136 0.7027363184079602 0.07682619647355164 0.1417910447761194
1 0.4181360201511335 0.04228855721393035 0.060453400503778336 0.0845771144278607