0 0.2531446540880503 0.35082872928176795 0.05817610062893082 0.09392265193370165
0 0.5330188679245284 0.8314917127071824 0.07547169811320754 0.1298342541436464
0 0.5165094339622641 0.7803867403314917 0.07547169811320754 0.1298342541436464
0 0.7767295597484277 0.28591160220994477 0.06918238993710692 0.12154696132596685
0 0.7979559748427673 0.19337016574585636 0.07075471698113207 0.11049723756906077
0 0.5668238993710691 0.04558011049723757 0.06761006289308176 0.09116022099447514
1 0.39937106918238996 0.457182320441989 0.07075471698113207 0.11602209944751381
1 0.23349056603773585 0.5676795580110497 0.06446540880503145 0.10497237569060773
1 0.5786163522012578 0.34806629834254144 0.06132075471698113 0.11878453038674033
1 0.7083333333333334 0.6256906077348067 0.055031446540880505 0.10773480662983426
1 0.48191823899371067 0.034530386740331494 0.06446540880503145 0.06906077348066299