0 0.6115635179153095 0.7801724137931034 0.06026058631921824 0.1235632183908046
0 0.6327361563517915 0.6293103448275862 0.07166123778501629 0.11781609195402298
0 0.44381107491856675 0.05316091954022988 0.0732899022801303 0.10632183908045977
0 0.20684039087947884 0.21408045977011494 0.06026058631921824 0.10919540229885058
0 0.16042345276872963 0.2471264367816092 0.0749185667752443 0.14080459770114942
0 0.0749185667752443 0.5890804597701149 0.06840390879478828 0.10919540229885058
0 0.09771986970684039 0.6752873563218391 0.06840390879478828 0.1235632183908046
0 0.15309446254071662 0.7772988505747126 0.06677524429967427 0.13218390804597702
0 0.38680781758957655 0.5876436781609196 0.08957654723127036 0.13793103448275862
1 0.3965798045602606 0.06752873563218391 0.05211726384364821 0.08620689655172414
1 0.1270358306188925 0.507183908045977 0.0732899022801303 0.09770114942528736
1 0.03664495114006515 0.29022988505747127 0.0732899022801303 0.08620689655172414
1 0.24104234527687296 0.507183908045977 0.06351791530944625 0.1206896551724138
1 0.28094462540716614 0.6235632183908046 0.07166123778501629 0.14080459770114942
1 0.24185667752442996 0.7614942528735632 0.06188925081433225 0.1206896551724138
1 0.4503257328990228 0.6436781609195402 0.0781758957654723 0.14080459770114942
1 0.751628664495114 0.6681034482758621 0.06026058631921824 0.11494252873563218