0 0.30149253731343284 0.4921052631578947 0.05970149253731343 0.11052631578947368
0 0.32238805970149254 0.48947368421052634 0.08656716417910448 0.15789473684210525
0 0.5156716417910447 0.4276315789473684 0.09253731343283582 0.15789473684210525
0 0.5425373134328358 0.6776315789473685 0.07462686567164178 0.1394736842105263
0 0.6865671641791045 0.5657894736842105 0.0791044776119403 0.14736842105263157
0 0.7761194029850746 0.475 0.08059701492537313 0.1394736842105263
1 0.36343283582089553 0.15526315789473685 0.07164179104477612 0.14736842105263157
1 0.24029850746268658 0.2565789473684211 0.050746268656716415 0.08947368421052632
1 0.33805970149253733 0.3828947368421053 0.050746268656716415 0.10263157894736842
1 0.4761194029850746 0.5486842105263158 0.07462686567164178 0.13157894736842105
1 0.6179104477611941 0.925 0.0626865671641791 0.10263157894736842
1 0.685820895522388 0.7842105263157895 0.06865671641791045 0.11315789473684211
1 0.8097014925373134 0.7223684210526315 0.04626865671641791 0.06578947368421052
1 0.682089552238806 0.15657894736842104 0.056716417910447764 0.09736842105263158