0 0.3946540880503145 0.5787292817679558 0.04874213836477988 0.1270718232044199
0 0.535377358490566 0.5317679558011049 0.06132075471698113 0.11878453038674033
0 0.49528301886792453 0.44751381215469616 0.07389937106918239 0.11049723756906077
0 0.6737421383647799 0.3149171270718232 0.06289308176100629 0.15193370165745856
0 0.7287735849056604 0.27071823204419887 0.05817610062893082 0.11878453038674033
0 0.7224842767295597 0.16298342541436464 0.0660377358490566 0.13259668508287292
1 0.28537735849056606 0.8632596685082873 0.04559748427672956 0.09116022099447514
1 0.37342767295597484 0.27900552486187846 0.03930817610062893 0.10497237569060773
1 0.41273584905660377 0.20441988950276244 0.0440251572327044 0.11049723756906077
1 0.5039308176100629 0.09944751381215469 0.05188679245283019 0.07734806629834254
1 0.6179245283018868 0.0055248618784530384 0.0440251572327044 0.011049723756906077
1 0.7429245283018868 0.6160220994475138 0.0440251572327044 0.12154696132596685