0 0.3787465940054496 0.08198924731182795 0.05994550408719346 0.0913978494623656
0 0.4659400544959128 0.036290322580645164 0.0681198910081744 0.07258064516129033
0 0.49114441416893734 0.2056451612903226 0.08446866485013624 0.21236559139784947
0 0.6192098092643051 0.08602150537634409 0.07493188010899182 0.12903225806451613
0 0.4284741144414169 0.20833333333333334 0.08310626702997276 0.18010752688172044
0 0.47275204359673023 0.7043010752688172 0.07629427792915532 0.1639784946236559
0 0.34536784741144416 0.9018817204301075 0.05722070844686648 0.12096774193548387
1 0.3460490463215259 0.8293010752688172 0.07356948228882834 0.11559139784946236
1 0.3337874659400545 0.43010752688172044 0.0681198910081744 0.10752688172043011
1 0.39373297002724794 0.5161290322580645 0.05722070844686648 0.10215053763440861
1 0.36103542234332425 0.2325268817204301 0.06267029972752043 0.11021505376344086
1 0.6580381471389646 0.1935483870967742 0.0681198910081744 0.1881720430107527