0 0.47858942065491183 0.6865671641791045 0.04534005037783375 0.09701492537313433
0 0.3765743073047859 0.417910447761194 0.04659949622166247 0.10199004975124377
0 0.44962216624685136 0.5161691542288557 0.041561712846347604 0.09701492537313433
0 0.743073047858942 0.4465174129353234 0.037783375314861464 0.1044776119402985
1 0.3047858942065491 0.332089552238806 0.04408060453400504 0.08208955223880597
1 0.37720403022670024 0.47885572139303484 0.04659949622166247 0.09203980099502487
1 0.5346347607052897 0.9116915422885572 0.055415617128463476 0.1044776119402985
1 0.5654911838790933 0.9477611940298507 0.060453400503778336 0.0945273631840796
1 0.6473551637279596 0.9241293532338308 0.04408060453400504 0.04477611940298507
1 0.7795969773299748 0.7300995024875622 0.042821158690176324 0.09203980099502487
1 0.7821158690176322 0.7947761194029851 0.05793450881612091 0.11194029850746269