0 0.47869674185463656 0.7400990099009901 0.06892230576441102 0.1311881188118812
0 0.5444862155388471 0.6782178217821783 0.06015037593984962 0.12376237623762376
0 0.5200501253132832 0.6485148514851485 0.05764411027568922 0.12376237623762376
0 0.5645363408521303 0.35148514851485146 0.06766917293233082 0.14356435643564355
0 0.5902255639097744 0.2660891089108911 0.05889724310776942 0.11386138613861387
0 0.43796992481203006 0.03712871287128713 0.07142857142857142 0.07425742574257425
0 0.6190476190476191 0.10643564356435643 0.07393483709273183 0.13366336633663367
0 0.3634085213032581 0.1806930693069307 0.07393483709273183 0.13366336633663367
0 0.40037593984962405 0.26485148514851486 0.06766917293233082 0.12376237623762376
1 0.38721804511278196 0.08663366336633663 0.06265664160401002 0.10891089108910891
1 0.32644110275689225 0.5705445544554455 0.07268170426065163 0.1311881188118812
1 0.39786967418546365 0.6002475247524752 0.07268170426065163 0.13613861386138615
1 0.4674185463659148 0.4146039603960396 0.08020050125313283 0.13861386138613863
1 0.4241854636591479 0.22400990099009901 0.05764411027568922 0.12128712871287128
1 0.4442355889724311 0.1150990099009901 0.05889724310776942 0.13861386138613863
1 0.5783208020050126 0.10891089108910891 0.05889724310776942 0.15594059405940594
1 0.5883458646616542 0.38242574257425743 0.07017543859649122 0.14108910891089108
1 0.6672932330827067 0.6943069306930693 0.06265664160401002 0.12376237623762376