0 0.7220543806646526 0.4574468085106383 0.06948640483383686 0.125
0 0.7885196374622356 0.3390957446808511 0.0513595166163142 0.09308510638297872
0 0.6941087613293051 0.3962765957446808 0.061933534743202415 0.11436170212765957
0 0.6064954682779456 0.3404255319148936 0.06646525679758308 0.12234042553191489
0 0.49395770392749244 0.42819148936170215 0.07854984894259819 0.13297872340425532
0 0.4176737160120846 0.4175531914893617 0.061933534743202415 0.11170212765957446
1 0.2107250755287009 0.675531914893617 0.0513595166163142 0.07446808510638298
1 0.2726586102719033 0.6236702127659575 0.045317220543806644 0.0797872340425532
1 0.479607250755287 0.15691489361702127 0.06042296072507553 0.10106382978723404
1 0.5460725075528701 0.11835106382978723 0.0649546827794562 0.09042553191489362
1 0.5974320241691843 0.12898936170212766 0.055891238670694864 0.10106382978723404
1 0.6774924471299094 0.7872340425531915 0.06646525679758308 0.09840425531914894