0 0.5081967213114754 0.30408653846153844 0.04918032786885246 0.07932692307692307
0 0.3435792349726776 0.09014423076923077 0.045081967213114756 0.06490384615384616
0 0.2786885245901639 0.0985576923076923 0.04644808743169399 0.07211538461538461
0 0.47062841530054644 0.2403846153846154 0.045081967213114756 0.07211538461538461
0 0.18237704918032788 0.49278846153846156 0.06420765027322405 0.057692307692307696
0 0.21653005464480873 0.4543269230769231 0.05874316939890711 0.08173076923076923
0 0.5211748633879781 0.7427884615384616 0.04781420765027322 0.07211538461538461
1 0.5136612021857924 0.1502403846153846 0.040983606557377046 0.07932692307692307
1 0.2916666666666667 0.18028846153846154 0.036885245901639344 0.09134615384615384
1 0.10655737704918032 0.12860576923076922 0.03825136612021858 0.08413461538461539
1 0.17827868852459017 0.19110576923076922 0.04234972677595628 0.06009615384615385
1 0.05942622950819672 0.46274038461538464 0.028688524590163935 0.07451923076923077
1 0.35382513661202186 0.5721153846153846 0.04371584699453552 0.08173076923076923
1 0.40915300546448086 0.5120192307692307 0.05327868852459016 0.0673076923076923
1 0.6311475409836066 0.8161057692307693 0.04644808743169399 0.04567307692307692