0 0.29609375 0.4175824175824176 0.05625 0.08791208791208792
0 0.31796875 0.4848901098901099 0.0484375 0.1346153846153846
0 0.45859375 0.7445054945054945 0.065625 0.11813186813186813
0 0.578125 0.6909340659340659 0.0578125 0.0989010989010989
0 0.58046875 0.5892857142857143 0.05625 0.12362637362637363
0 0.759375 0.5027472527472527 0.0640625 0.10164835164835165
0 0.79375 0.7843406593406593 0.0578125 0.12637362637362637
1 0.72109375 0.8557692307692307 0.0609375 0.09340659340659341
1 0.5890625 0.9505494505494505 0.053125 0.07142857142857142
1 0.52734375 0.9162087912087912 0.065625 0.10164835164835165
1 0.7203125 0.36813186813186816 0.071875 0.09615384615384616
1 0.45859375 0.5521978021978022 0.0515625 0.1346153846153846
1 0.2796875 0.1304945054945055 0.05625 0.09065934065934066