0 0.508130081300813 0.05614973262032086 0.0921409214092141 0.11229946524064172
0 0.6321138211382114 0.29812834224598933 0.06910569105691057 0.15775401069518716
0 0.6802168021680217 0.7125668449197861 0.06910569105691057 0.15508021390374332
0 0.6639566395663956 0.8636363636363636 0.06233062330623306 0.10160427807486631
0 0.5785907859078591 0.9371657754010695 0.07046070460704607 0.12299465240641712
1 0.49796747967479676 0.9558823529411765 0.08536585365853659 0.08823529411764706
1 0.5250677506775068 0.6737967914438503 0.07588075880758807 0.1497326203208556
1 0.4369918699186992 0.5467914438502673 0.07181571815718157 0.17379679144385027
1 0.2405149051490515 0.4625668449197861 0.05962059620596206 0.11497326203208556
1 0.7378048780487805 0.6644385026737968 0.07046070460704607 0.14705882352941177
1 0.5813008130081301 0.4144385026737968 0.07859078590785908 0.15240641711229946
1 0.5718157181571816 0.5922459893048129 0.06504065040650407 0.13903743315508021