0 0.4226932668329177 0.5541871921182266 0.06982543640897755 0.11083743842364532
0 0.3640897755610973 0.6514778325123153 0.04987531172069826 0.10837438423645321
0 0.486284289276808 0.8805418719211823 0.05486284289276808 0.1354679802955665
0 0.5891521197007481 0.8460591133004927 0.06109725685785536 0.11083743842364532
0 0.6396508728179551 0.7770935960591133 0.057356608478802994 0.11822660098522167
0 0.6758104738154613 0.3830049261083744 0.03740648379052369 0.11822660098522167
1 0.3322942643391521 0.13793103448275862 0.04114713216957606 0.08620689655172414
1 0.5336658354114713 0.5529556650246306 0.06483790523690773 0.10344827586206896
1 0.4756857855361596 0.7167487684729064 0.04114713216957606 0.1477832512315271
1 0.6084788029925187 0.4396551724137931 0.06359102244389027 0.11822660098522167
1 0.6714463840399002 0.7820197044334976 0.046134663341645885 0.10098522167487685
1 0.6502493765586035 0.9495073891625616 0.05860349127182045 0.10098522167487685
1 0.5760598503740648 0.562807881773399 0.04488778054862843 0.12315270935960591
1 0.5423940149625935 0.23275862068965517 0.003740648379052369 0.05665024630541872
1 0.37531172069825436 0.4630541871921182 0.03366583541147132 0.11822660098522167