0 0.4146825396825397 0.9554973821989529 0.051587301587301584 0.060209424083769635
0 0.46825396825396826 0.8219895287958116 0.04894179894179894 0.09947643979057591
0 0.4669312169312169 0.7342931937172775 0.062169312169312166 0.13350785340314136
0 0.6712962962962963 0.7774869109947644 0.056878306878306875 0.14921465968586387
0 0.5562169312169312 0.5890052356020943 0.042328042328042326 0.1544502617801047
1 0.3716931216931217 0.7447643979057592 0.04365079365079365 0.08638743455497382
1 0.42724867724867727 0.6151832460732984 0.06613756613756613 0.10732984293193717
1 0.4173280423280423 0.36910994764397903 0.06613756613756613 0.1099476439790576
1 0.33994708994708994 0.05235602094240838 0.05291005291005291 0.10471204188481675
1 0.5945767195767195 0.9698952879581152 0.04365079365079365 0.060209424083769635
1 0.6461640211640212 0.7722513089005235 0.05555555555555555 0.17015706806282724