0 0.8166666666666667 0.175 0.08166666666666667 0.16176470588235295
0 0.3025 0.6323529411764706 0.09166666666666666 0.14411764705882352
0 0.32083333333333336 0.711764705882353 0.08833333333333333 0.13823529411764707
0 0.5083333333333333 0.8132352941176471 0.07833333333333334 0.1411764705882353
0 0.3641666666666667 0.27205882352941174 0.09333333333333334 0.17058823529411765
0 0.13 0.3897058823529412 0.075 0.12058823529411765
0 0.16333333333333333 0.4632352941176471 0.07666666666666666 0.1264705882352941
0 0.35833333333333334 0.4161764705882353 0.08 0.1411764705882353
1 0.6391666666666667 0.2073529411764706 0.07833333333333334 0.14705882352941177
1 0.5816666666666667 0.11176470588235295 0.06666666666666667 0.13529411764705881
1 0.33 0.3 0.07166666666666667 0.15
1 0.006666666666666667 0.5470588235294118 0.013333333333333334 0.13529411764705881
1 0.5325 0.6029411764705882 0.08 0.15
1 0.25166666666666665 0.9441176470588235 0.06166666666666667 0.1
1 0.32666666666666666 0.9382352941176471 0.07333333333333333 0.12352941176470589