0 0.49870466321243523 0.1556122448979592 0.07772020725388601 0.09948979591836735
0 0.24287564766839378 0.6798469387755102 0.08160621761658031 0.13010204081632654
0 0.7124352331606217 0.45663265306122447 0.07772020725388601 0.10714285714285714
0 0.8199481865284974 0.4451530612244898 0.06606217616580311 0.11224489795918367
0 0.8374352331606217 0.6670918367346939 0.06347150259067358 0.10204081632653061
0 0.7227979274611399 0.6377551020408163 0.06606217616580311 0.11479591836734694
0 0.6295336787564767 0.7423469387755102 0.06994818652849741 0.10204081632653061
0 0.4410621761658031 0.8125 0.07253886010362694 0.10714285714285714
1 0.6917098445595855 0.29591836734693877 0.05569948186528497 0.11989795918367346
1 0.5569948186528497 0.475765306122449 0.05699481865284974 0.1377551020408163
1 0.5343264248704663 0.5880102040816326 0.04533678756476684 0.10714285714285714
1 0.46243523316062174 0.6785714285714286 0.05569948186528497 0.125
1 0.6386010362694301 0.8456632653061225 0.046632124352331605 0.10459183673469388
1 0.727979274611399 0.8329081632653061 0.05569948186528497 0.11224489795918367
1 0.483160621761658 0.4719387755102041 0.07383419689119171 0.09183673469387756
1 0.34974093264248707 0.06887755102040816 0.05310880829015544 0.1096938775510204
1 0.10816062176165803 0.6938775510204082 0.05181347150259067 0.08928571428571429