0 0.1738544474393531 0.7898936170212766 0.06199460916442048 0.11170212765957446
0 0.18935309973045822 0.8683510638297872 0.05256064690026954 0.09574468085106383
0 0.20889487870619947 0.9148936170212766 0.0660377358490566 0.11702127659574468
0 0.17452830188679244 0.9547872340425532 0.06064690026954178 0.09042553191489362
0 0.24460916442048516 0.9800531914893617 0.07681940700808626 0.0398936170212766
0 0.38140161725067384 0.4428191489361702 0.05256064690026954 0.09840425531914894
0 0.4353099730458221 0.39095744680851063 0.07008086253369272 0.14095744680851063
0 0.4326145552560647 0.6343085106382979 0.07547169811320754 0.14361702127659576
0 0.7446091644204852 0.660904255319149 0.07681940700808626 0.14627659574468085
1 0.38207547169811323 0.6183510638297872 0.05660377358490566 0.11436170212765957
1 0.3018867924528302 0.6276595744680851 0.07008086253369272 0.1276595744680851
1 0.261455525606469 0.6662234042553191 0.06873315363881402 0.1356382978723404
1 0.29380053908355797 0.7672872340425532 0.0660377358490566 0.13829787234042554
1 0.3551212938005391 0.8922872340425532 0.07008086253369272 0.13829787234042554
1 0.6179245283018868 0.8537234042553191 0.0660377358490566 0.13829787234042554
1 0.30660377358490565 0.9122340425531915 0.06199460916442048 0.13031914893617022