0 0.29545454545454547 0.7427184466019418 0.046831955922865015 0.11165048543689321
0 0.2493112947658402 0.7427184466019418 0.049586776859504134 0.09466019417475728
0 0.3319559228650138 0.41383495145631066 0.06060606060606061 0.10922330097087378
0 0.46143250688705234 0.5788834951456311 0.05922865013774105 0.10436893203883495
0 0.4180440771349862 0.7172330097087378 0.05096418732782369 0.1262135922330097
0 0.5943526170798898 0.4878640776699029 0.05234159779614325 0.11407766990291263
1 0.5034435261707989 0.04733009708737864 0.0371900826446281 0.09466019417475728
1 0.35055096418732784 0.0691747572815534 0.05371900826446281 0.09466019417475728
1 0.30578512396694213 0.4672330097087379 0.06060606060606061 0.10679611650485436
1 0.5337465564738292 0.8349514563106796 0.05096418732782369 0.11650485436893204
1 0.5612947658402204 0.7451456310679612 0.06060606060606061 0.09466019417475728