0 0.8400673400673401 0.34933774834437087 0.06902356902356903 0.1456953642384106
0 0.5791245791245792 0.271523178807947 0.07407407407407407 0.1390728476821192
0 0.8468013468013468 0.5248344370860927 0.08249158249158249 0.11258278145695365
0 0.5143097643097643 0.6076158940397351 0.08585858585858586 0.152317880794702
0 0.47474747474747475 0.49337748344370863 0.08754208754208755 0.17549668874172186
0 0.4377104377104377 0.9652317880794702 0.0707070707070707 0.0695364238410596
0 0.021885521885521887 0.5778145695364238 0.04377104377104377 0.1490066225165563
0 0.3442760942760943 0.21688741721854304 0.0707070707070707 0.11920529801324503
0 0.3425925925925926 0.09105960264900662 0.04713804713804714 0.10596026490066225
1 0.8695286195286195 0.8658940397350994 0.09595959595959595 0.076158940397351
1 0.5892255892255892 0.9403973509933775 0.10101010101010101 0.10596026490066225
1 0.1734006734006734 0.9784768211920529 0.08417508417508418 0.04304635761589404
1 0.2196969696969697 0.5298013245033113 0.06734006734006734 0.1490066225165563
1 0.12457912457912458 0.2632450331125828 0.06902356902356903 0.16556291390728478
1 0.1750841750841751 0.13079470198675497 0.05218855218855219 0.08278145695364239
1 0.3888888888888889 0.2731788079470199 0.06060606060606061 0.12582781456953643
1 0.7954545454545454 0.23841059602649006 0.06060606060606061 0.1291390728476821
1 0.617003367003367 0.3956953642384106 0.06734006734006734 0.16887417218543047