0 0.7252186588921283 0.06025641025641026 0.06705539358600583 0.0641025641025641
0 0.46282798833819244 0.40512820512820513 0.056851311953352766 0.12307692307692308
0 0.391399416909621 0.6115384615384616 0.05102040816326531 0.13076923076923078
0 0.3228862973760933 0.4205128205128205 0.0597667638483965 0.10256410256410256
0 0.6552478134110787 0.8628205128205129 0.0728862973760933 0.10512820512820513
0 0.6814868804664723 0.9653846153846154 0.06268221574344024 0.06923076923076923
1 0.5284256559766763 0.10384615384615385 0.037900874635568516 0.12051282051282051
1 0.6647230320699709 0.35384615384615387 0.03935860058309038 0.12051282051282051
1 0.5794460641399417 0.5269230769230769 0.05393586005830904 0.08717948717948718
1 0.3979591836734694 0.31025641025641026 0.05539358600583091 0.08205128205128205
1 0.2696793002915452 0.2230769230769231 0.043731778425655975 0.07692307692307693