0 0.8105413105413105 0.43625 0.06695156695156695 0.12
0 0.6566951566951567 0.7925 0.05555555555555555 0.095
0 0.5056980056980057 0.53 0.06267806267806268 0.1125
0 0.4323361823361823 0.69625 0.05982905982905983 0.1075
0 0.17236467236467237 0.72875 0.04843304843304843 0.1
0 0.24786324786324787 0.305 0.06837606837606838 0.1
0 0.3005698005698006 0.2 0.05698005698005698 0.1075
0 0.25071225071225073 0.22375 0.05982905982905983 0.1
1 0.8368945868945868 0.6775 0.0698005698005698 0.0875
1 0.7777777777777778 0.6925 0.05555555555555555 0.1075
1 0.6339031339031339 0.72625 0.0584045584045584 0.085
1 0.26638176638176636 0.765 0.04843304843304843 0.08
1 0.30982905982905984 0.65375 0.05270655270655271 0.115
1 0.25997150997151 0.575 0.06837606837606838 0.0875
1 0.15384615384615385 0.64375 0.06837606837606838 0.0875
1 0.09686609686609686 0.3475 0.05128205128205128 0.11
1 0.4793447293447293 0.1675 0.05270655270655271 0.1