0 0.7233333333333334 0.425 0.056666666666666664 0.11176470588235295
0 0.7941666666666667 0.09852941176470588 0.03333333333333333 0.1
0 0.575 0.18382352941176472 0.06 0.11176470588235295
0 0.5483333333333333 0.1411764705882353 0.058333333333333334 0.11176470588235295
0 0.43 0.36764705882352944 0.045 0.10882352941176471
0 0.31416666666666665 0.3911764705882353 0.05 0.10294117647058823
1 0.3225 0.6544117647058824 0.051666666666666666 0.08235294117647059
1 0.41333333333333333 0.49411764705882355 0.05333333333333334 0.13529411764705881
1 0.6391666666666667 0.5764705882352941 0.056666666666666664 0.15
1 0.7483333333333333 0.061764705882352944 0.07 0.05
1 0.7758333333333334 0.41911764705882354 0.03333333333333333 0.07941176470588235