0 0.8767605633802817 0.48194444444444445 0.06901408450704226 0.11666666666666667
0 0.6859154929577465 0.3875 0.059154929577464786 0.12777777777777777
0 0.6591549295774648 0.4444444444444444 0.059154929577464786 0.11388888888888889
0 0.9084507042253521 0.7722222222222223 0.057746478873239436 0.10555555555555556
0 0.6584507042253521 0.8125 0.06338028169014084 0.11388888888888889
0 0.36619718309859156 0.9736111111111111 0.0676056338028169 0.05277777777777778
0 0.16126760563380282 0.9513888888888888 0.06619718309859154 0.09722222222222222
0 0.1387323943661972 0.9166666666666666 0.06338028169014084 0.11944444444444445
1 0.8119718309859155 0.35 0.054929577464788736 0.12777777777777777
1 0.5253521126760563 0.37916666666666665 0.07042253521126761 0.15
1 0.9084507042253521 0.6902777777777778 0.07183098591549296 0.125
1 0.4176056338028169 0.6958333333333333 0.08309859154929577 0.1527777777777778
1 0.1908450704225352 0.6152777777777778 0.07464788732394366 0.14166666666666666