0 0.6930379746835443 0.18625 0.056962025316455694 0.135
0 0.790506329113924 0.28 0.05569620253164557 0.1225
0 0.720253164556962 0.67125 0.049367088607594936 0.12
0 0.529113924050633 0.17375 0.049367088607594936 0.1025
0 0.43670886075949367 0.4325 0.049367088607594936 0.115
1 0.5632911392405063 0.05125 0.05443037974683544 0.1
1 0.4791139240506329 0.37375 0.05569620253164557 0.1175
1 0.4860759493670886 0.5375 0.05189873417721519 0.1225
1 0.32531645569620254 0.4975 0.056962025316455694 0.1175
1 0.6037974683544304 0.575 0.056962025316455694 0.13
1 0.740506329113924 0.5425 0.05949367088607595 0.1325