0 0.2922740524781341 0.5525641025641026 0.0597667638483965 0.11794871794871795
0 0.6341107871720116 0.44358974358974357 0.05393586005830904 0.10256410256410256
0 0.4620991253644315 0.6730769230769231 0.056851311953352766 0.13846153846153847
0 0.33746355685131196 0.9346153846153846 0.06851311953352769 0.13076923076923078
0 0.30685131195335275 0.9897435897435898 0.06268221574344024 0.020512820512820513
0 0.5597667638483965 0.7051282051282052 0.05102040816326531 0.1282051282051282
1 0.2543731778425656 0.23205128205128206 0.04956268221574344 0.07179487179487179
1 0.2631195335276968 0.6461538461538462 0.05102040816326531 0.07692307692307693
1 0.31924198250728864 0.6807692307692308 0.04518950437317784 0.12307692307692308
1 0.6341107871720116 0.17692307692307693 0.04956268221574344 0.07179487179487179
1 0.5947521865889213 0.9730769230769231 0.04664723032069971 0.028205128205128206
1 0.5364431486880467 0.8961538461538462 0.06559766763848396 0.08717948717948718
1 0.44314868804664725 0.9730769230769231 0.0641399416909621 0.05384615384615385