0 0.5572368421052631 0.51171875 0.05789473684210526 0.12239583333333333
0 0.6322368421052632 0.4908854166666667 0.05789473684210526 0.11979166666666667
0 0.6914473684210526 0.5950520833333334 0.075 0.1484375
0 0.6901315789473684 0.4635416666666667 0.05526315789473684 0.11197916666666667
1 0.6269736842105263 0.08723958333333333 0.046052631578947366 0.07552083333333333
1 0.5171052631578947 0.3098958333333333 0.05394736842105263 0.11197916666666667
1 0.6138157894736842 0.2721354166666667 0.06447368421052632 0.125
1 0.6388157894736842 0.7447916666666666 0.07236842105263158 0.13802083333333334
1 0.6723684210526316 0.8372395833333334 0.04736842105263158 0.1015625
1 0.743421052631579 0.6458333333333334 0.04473684210526316 0.10677083333333333
1 0.8046052631578947 0.3645833333333333 0.060526315789473685 0.12239583333333333
1 0.7677631578947368 0.2864583333333333 0.04473684210526316 0.08333333333333333