0 0.5670572916666666 0.6739690721649485 0.0390625 0.11082474226804123
0 0.5559895833333334 0.5528350515463918 0.049479166666666664 0.10824742268041238
0 0.2532552083333333 0.28865979381443296 0.052083333333333336 0.11855670103092783
0 0.4583333333333333 0.7371134020618557 0.057291666666666664 0.12886597938144329
1 0.501953125 0.7693298969072165 0.044270833333333336 0.10051546391752578
1 0.5533854166666666 0.904639175257732 0.049479166666666664 0.10824742268041238
1 0.5579427083333334 0.9664948453608248 0.05078125 0.05670103092783505
1 0.4947916666666667 0.9574742268041238 0.06770833333333333 0.08505154639175258
1 0.4108072916666667 0.9677835051546392 0.053385416666666664 0.06443298969072164
1 0.4361979166666667 0.990979381443299 0.0546875 0.01804123711340206
1 0.2701822916666667 0.5721649484536082 0.048177083333333336 0.1056701030927835