0 0.575075075075075 0.4060846560846561 0.06606606606606606 0.12169312169312169
0 0.536036036036036 0.5277777777777778 0.07207207207207207 0.12962962962962962
0 0.4804804804804805 0.5648148148148148 0.08258258258258258 0.15079365079365079
0 0.6133633633633634 0.8624338624338624 0.06306306306306306 0.1164021164021164
0 0.41291291291291293 0.9021164021164021 0.07057057057057058 0.1402116402116402
0 0.36261261261261263 0.9444444444444444 0.07657657657657657 0.1111111111111111
0 0.35960960960960964 0.8783068783068783 0.07207207207207207 0.12962962962962962
1 0.27402402402402404 0.5859788359788359 0.057057057057057055 0.09259259259259259
1 0.33783783783783783 0.6984126984126984 0.06456456456456457 0.12698412698412698
1 0.5713213213213213 0.9775132275132276 0.04354354354354354 0.04497354497354497
1 0.6471471471471472 0.7791005291005291 0.052552552552552555 0.09788359788359788
1 0.6636636636636637 0.6785714285714286 0.05555555555555555 0.10052910052910052
1 0.5930930930930931 0.09126984126984126 0.057057057057057055 0.10582010582010581