0 0.7889344262295082 0.08052884615384616 0.07103825136612021 0.11538461538461539
0 0.5990437158469946 0.08052884615384616 0.06284153005464481 0.09134615384615384
0 0.60724043715847 0.03485576923076923 0.06967213114754098 0.06971153846153846
0 0.39959016393442626 0.15625 0.07240437158469945 0.11538461538461539
0 0.5334699453551912 0.39783653846153844 0.0778688524590164 0.1346153846153846
0 0.5669398907103825 0.5144230769230769 0.07650273224043716 0.13221153846153846
0 0.5273224043715847 0.6382211538461539 0.06830601092896176 0.10336538461538461
0 0.12363387978142076 0.5324519230769231 0.07377049180327869 0.10336538461538461
0 0.27527322404371585 0.8581730769230769 0.06693989071038252 0.10096153846153846
1 0.1953551912568306 0.7211538461538461 0.08060109289617487 0.11778846153846154
1 0.26024590163934425 0.6105769230769231 0.06284153005464481 0.12740384615384615
1 0.24316939890710382 0.3269230769230769 0.05191256830601093 0.11057692307692307
1 0.4562841530054645 0.16105769230769232 0.06967213114754098 0.13221153846153846
1 0.8449453551912568 0.29927884615384615 0.08060109289617487 0.11778846153846154
1 0.7117486338797814 0.4411057692307692 0.06557377049180328 0.14423076923076922
1 0.6693989071038251 0.5504807692307693 0.05874316939890711 0.10336538461538461
1 0.6086065573770492 0.1502403846153846 0.07240437158469945 0.10817307692307693