0 0.37745098039215685 0.8522167487684729 0.07563025210084033 0.1625615763546798
0 0.35714285714285715 0.1834975369458128 0.07282913165266107 0.11822660098522167
0 0.35224089635854344 0.04556650246305419 0.05742296918767507 0.09113300492610837
0 0.39705882352941174 0.18719211822660098 0.05322128851540616 0.09359605911330049
0 0.44467787114845936 0.24630541871921183 0.07282913165266107 0.12315270935960591
0 0.538515406162465 0.43842364532019706 0.06442577030812324 0.11822660098522167
0 0.5910364145658263 0.4963054187192118 0.058823529411764705 0.10344827586206896
1 0.31442577030812324 0.5110837438423645 0.06162464985994398 0.08866995073891626
1 0.2913165266106443 0.45073891625615764 0.07282913165266107 0.11083743842364532
1 0.5637254901960784 0.09236453201970443 0.05182072829131653 0.10591133004926108
1 0.5945378151260504 0.16748768472906403 0.0546218487394958 0.0960591133004926
1 0.6372549019607843 0.24014778325123154 0.046218487394957986 0.07881773399014778