0 0.949288256227758 0.290625 0.10142348754448399 0.15625
0 0.6841637010676157 0.8125 0.07651245551601424 0.1375
0 0.5818505338078291 0.715625 0.07829181494661921 0.128125
0 0.5346975088967971 0.7625 0.09074733096085409 0.1375
0 0.3389679715302491 0.5046875 0.07473309608540925 0.146875
0 0.10854092526690391 0.3921875 0.09252669039145907 0.14375
1 0.6548042704626335 0.1375 0.08896797153024912 0.171875
1 0.08718861209964412 0.05625 0.0711743772241993 0.1125
1 0.15658362989323843 0.4546875 0.07295373665480427 0.13125
1 0.3879003558718861 0.509375 0.07473309608540925 0.140625
1 0.608540925266904 0.9734375 0.07473309608540925 0.053125
1 0.947508896797153 0.7546875 0.08185053380782918 0.16875