0 0.26166666666666666 0.538235294117647 0.058333333333333334 0.08235294117647059
0 0.6266666666666667 0.8970588235294118 0.06666666666666667 0.11764705882352941
0 0.6016666666666667 0.8529411764705882 0.06666666666666667 0.11764705882352941
0 0.7783333333333333 0.21764705882352942 0.03666666666666667 0.10588235294117647
0 0.7833333333333333 0.10147058823529412 0.03666666666666667 0.10882352941176471
0 0.5391666666666667 0.05588235294117647 0.06666666666666667 0.11176470588235295
1 0.43083333333333335 0.5764705882352941 0.065 0.10294117647058823
1 0.2775 0.7720588235294118 0.058333333333333334 0.09117647058823529
1 0.5975 0.3779411764705882 0.051666666666666666 0.10882352941176471
1 0.7658333333333334 0.6 0.03166666666666667 0.09705882352941177
1 0.4475 0.08676470588235294 0.06 0.08235294117647059