0 0.784366576819407 0.42819148936170215 0.10242587601078167 0.19414893617021275
0 0.6563342318059299 0.7061170212765957 0.07951482479784366 0.14361702127659576
0 0.4555256064690027 0.8497340425531915 0.07816711590296496 0.14361702127659576
0 0.3605121293800539 0.8590425531914894 0.0876010781671159 0.16489361702127658
0 0.3106469002695418 0.7047872340425532 0.10512129380053908 0.19148936170212766
0 0.1967654986522911 0.7021276595744681 0.09299191374663072 0.1702127659574468
0 0.25134770889487873 0.9800531914893617 0.08490566037735849 0.0398936170212766
1 0.29110512129380056 0.5305851063829787 0.0876010781671159 0.17553191489361702
1 0.4555256064690027 0.5438829787234043 0.07681940700808626 0.15425531914893617
1 0.5080862533692723 0.3550531914893617 0.0876010781671159 0.15425531914893617
1 0.9137466307277629 0.26728723404255317 0.06334231805929919 0.12234042553191489
1 0.48517520215633425 0.9414893617021277 0.07547169811320754 0.11702127659574468
1 0.5916442048517521 0.6210106382978723 0.07951482479784366 0.1595744680851064
1 0.5020215633423181 0.6236702127659575 0.07142857142857142 0.1356382978723404
1 0.39285714285714285 0.973404255319149 0.09029649595687332 0.05319148936170213