0 0.5291411042944786 0.696969696969697 0.06134969325153374 0.1303030303030303
0 0.49233128834355827 0.759090909090909 0.0598159509202454 0.11818181818181818
0 0.6096625766871165 0.7621212121212121 0.0705521472392638 0.1303030303030303
0 0.4371165644171779 0.2409090909090909 0.05521472392638037 0.11818181818181818
0 0.5414110429447853 0.4893939393939394 0.05828220858895705 0.1393939393939394
0 0.6840490797546013 0.15151515151515152 0.06288343558282208 0.15151515151515152
1 0.6702453987730062 0.05909090909090909 0.06748466257668712 0.11818181818181818
1 0.5897239263803681 0.12575757575757576 0.05061349693251534 0.15454545454545454
1 0.39570552147239263 0.2015151515151515 0.0736196319018405 0.15757575757575756
1 0.5797546012269938 0.01818181818181818 0.06134969325153374 0.03636363636363636
1 0.7461656441717791 0.6045454545454545 0.08128834355828221 0.18181818181818182
1 0.6326687116564417 0.32575757575757575 0.08742331288343558 0.1696969696969697
1 0.4302147239263804 0.346969696969697 0.07822085889570553 0.1606060606060606
1 0.33358895705521474 0.7606060606060606 0.05368098159509203 0.10606060606060606