0 0.3147887323943662 0.04027777777777778 0.06619718309859154 0.08055555555555556
0 0.6415492957746479 0.4986111111111111 0.0647887323943662 0.12222222222222222
0 0.676056338028169 0.44166666666666665 0.059154929577464786 0.11666666666666667
0 0.6584507042253521 0.6527777777777778 0.06619718309859154 0.1361111111111111
0 0.1852112676056338 0.42083333333333334 0.06901408450704226 0.14444444444444443
0 0.2852112676056338 0.0625 0.06056338028169014 0.11388888888888889
0 0.4471830985915493 0.2611111111111111 0.059154929577464786 0.1111111111111111
0 0.5443661971830986 0.4861111111111111 0.0676056338028169 0.11944444444444445
0 0.36690140845070424 0.6875 0.07323943661971831 0.12777777777777777
1 0.23309859154929577 0.3055555555555556 0.07183098591549296 0.11944444444444445
1 0.3204225352112676 0.6569444444444444 0.07464788732394366 0.1527777777777778
1 0.36971830985915494 0.5152777777777777 0.07183098591549296 0.10833333333333334
1 0.4352112676056338 0.18194444444444444 0.07746478873239436 0.14722222222222223
1 0.29295774647887324 0.4625 0.08169014084507042 0.14166666666666666
1 0.5626760563380282 0.8763888888888889 0.09154929577464789 0.17222222222222222
1 0.45492957746478874 0.6236111111111111 0.08591549295774648 0.16944444444444445
1 0.4971830985915493 0.2652777777777778 0.08028169014084507 0.1527777777777778
1 0.6992957746478873 0.16805555555555557 0.04788732394366197 0.08611111111111111