0 0.96160409556314 0.6385542168674698 0.06825938566552901 0.11144578313253012
0 0.7005119453924915 0.5572289156626506 0.08703071672354949 0.12048192771084337
0 0.4718430034129693 0.6204819277108434 0.07849829351535836 0.10843373493975904
0 0.5187713310580204 0.7409638554216867 0.06655290102389079 0.10240963855421686
1 0.49146757679180886 0.17771084337349397 0.07679180887372014 0.15060240963855423
1 0.7841296928327645 0.15210843373493976 0.07508532423208192 0.12650602409638553
1 0.9872013651877133 0.3855421686746988 0.025597269624573378 0.08433734939759036
1 0.8609215017064846 0.42620481927710846 0.06825938566552901 0.10240963855421686
1 0.893344709897611 0.6445783132530121 0.06313993174061433 0.12048192771084337
1 0.659556313993174 0.6174698795180723 0.06655290102389079 0.10542168674698796
1 0.37627986348122866 0.7304216867469879 0.06313993174061433 0.09337349397590361