0 0.32966321243523317 0.5204081632653061 0.05829015544041451 0.13010204081632654
0 0.3471502590673575 0.413265306122449 0.06347150259067358 0.12244897959183673
0 0.48704663212435234 0.13903061224489796 0.07124352331606218 0.15051020408163265
0 0.6398963730569949 0.8979591836734694 0.04792746113989637 0.07653061224489796
0 0.6288860103626943 0.7232142857142857 0.06088082901554404 0.13010204081632654
0 0.6839378238341969 0.6798469387755102 0.06606217616580311 0.14030612244897958
0 0.6172279792746114 0.2997448979591837 0.07901554404145078 0.17857142857142858
1 0.47085492227979275 0.8737244897959183 0.05829015544041451 0.10459183673469388
1 0.5051813471502591 0.7946428571428571 0.06476683937823834 0.1326530612244898
1 0.7169689119170984 0.639030612244898 0.07124352331606218 0.13010204081632654
1 0.45012953367875647 0.4744897959183674 0.05829015544041451 0.14030612244897958
1 0.43134715025906734 0.7028061224489796 0.07124352331606218 0.1326530612244898
1 0.21243523316062177 0.26785714285714285 0.06476683937823834 0.11734693877551021