0 0.6269633507853403 0.944300518134715 0.09947643979057591 0.11139896373056994
0 0.45418848167539266 0.8575129533678757 0.07722513089005235 0.13989637305699482
0 0.3147905759162304 0.5518134715025906 0.07591623036649214 0.13989637305699482
0 0.2768324607329843 0.3860103626943005 0.08507853403141362 0.16062176165803108
0 0.3285340314136126 0.24093264248704663 0.10209424083769633 0.18652849740932642
0 0.28861256544502617 0.05958549222797927 0.09031413612565445 0.11917098445595854
0 0.1551047120418848 0.25647668393782386 0.0824607329842932 0.15025906735751296
1 0.4005235602094241 0.14248704663212436 0.08507853403141362 0.17098445595854922
1 0.4548429319371728 0.44041450777202074 0.07460732984293193 0.15025906735751296
1 0.5595549738219895 0.46632124352331605 0.08507853403141362 0.15025906735751296
1 0.7454188481675392 0.35621761658031087 0.058900523560209424 0.11917098445595854
1 0.2774869109947644 0.6450777202072538 0.07329842931937172 0.14248704663212436
1 0.46924083769633507 0.711139896373057 0.07722513089005235 0.15544041450777202
1 0.43455497382198954 0.5518134715025906 0.0693717277486911 0.13212435233160622
1 0.206151832460733 0.5103626943005182 0.08769633507853403 0.17875647668393782