0 0.14295774647887324 0.655940594059406 0.07183098591549296 0.10643564356435643
0 0.16830985915492958 0.3180693069306931 0.07605633802816901 0.13861386138613863
0 0.46338028169014084 0.5631188118811881 0.07746478873239436 0.12128712871287128
0 0.5957746478873239 0.5853960396039604 0.07887323943661972 0.11386138613861387
0 0.5295774647887324 0.7710396039603961 0.0676056338028169 0.12128712871287128
0 0.6070422535211267 0.07673267326732673 0.07183098591549296 0.14108910891089108
0 0.6556338028169014 0.023514851485148515 0.07183098591549296 0.04702970297029703
0 0.7563380281690141 0.19554455445544555 0.08309859154929577 0.14356435643564355
1 0.28661971830985916 0.5903465346534653 0.07042253521126761 0.09158415841584158
1 0.3528169014084507 0.27722772277227725 0.07042253521126761 0.09405940594059406
1 0.47394366197183097 0.3353960396039604 0.057746478873239436 0.10643564356435643
1 0.44366197183098594 0.7017326732673267 0.056338028169014086 0.10891089108910891
1 0.45492957746478874 0.9356435643564357 0.05070422535211268 0.0891089108910891
1 0.923943661971831 0.13613861386138615 0.059154929577464786 0.10891089108910891