0 0.16997167138810199 0.11033519553072625 0.09206798866855524 0.1564245810055866
0 0.19192634560906516 0.06843575418994413 0.07223796033994334 0.11731843575418995
0 0.3031161473087819 0.12011173184357542 0.0821529745042493 0.15083798882681565
0 0.29603399433427763 0.24162011173184358 0.0821529745042493 0.15083798882681565
0 0.27124645892351273 0.3840782122905028 0.10339943342776203 0.20391061452513967
0 0.21458923512747877 0.3729050279329609 0.08781869688385269 0.1787709497206704
0 0.27124645892351273 0.6606145251396648 0.06657223796033994 0.13128491620111732
0 0.5856940509915014 0.11592178770949721 0.0821529745042493 0.17039106145251395
1 0.45821529745042494 0.19273743016759776 0.06657223796033994 0.17039106145251395
1 0.3519830028328612 0.3058659217877095 0.06373937677053824 0.1340782122905028
1 0.09985835694050992 0.2835195530726257 0.059490084985835696 0.11731843575418995
1 0.3597733711048159 0.05307262569832402 0.06232294617563739 0.10614525139664804
1 0.7160056657223796 0.2360335195530726 0.0679886685552408 0.15921787709497207
1 0.7691218130311614 0.19832402234636873 0.043909348441926344 0.0782122905027933
1 0.32082152974504247 0.7053072625698324 0.10056657223796034 0.1340782122905028
1 0.09985835694050992 0.5223463687150838 0.06373937677053824 0.13966480446927373
1 0.14660056657223797 0.4594972067039106 0.0679886685552408 0.13966480446927373