0 0.7087458745874587 0.5816993464052288 0.07590759075907591 0.13071895424836602
0 0.5750825082508251 0.46078431372549017 0.06930693069306931 0.13071895424836602
0 0.6600660066006601 0.6715686274509803 0.0627062706270627 0.14052287581699346
0 0.44884488448844884 0.5555555555555556 0.07095709570957096 0.13725490196078433
0 0.5305280528052805 0.9297385620915033 0.06105610561056106 0.14052287581699346
1 0.452970297029703 0.8415032679738562 0.066006600660066 0.15359477124183007
1 0.4636963696369637 0.9133986928104575 0.07920792079207921 0.15359477124183007
1 0.6542904290429042 0.9771241830065359 0.054455445544554455 0.0457516339869281
1 0.6435643564356436 0.9362745098039216 0.0594059405940594 0.12745098039215685
1 0.509075907590759 0.6013071895424836 0.056105610561056105 0.13725490196078433
1 0.48432343234323433 0.43300653594771243 0.0594059405940594 0.13398692810457516
1 0.778052805280528 0.28431372549019607 0.03135313531353135 0.11764705882352941