0 0.42342931937172773 0.8704663212435233 0.06544502617801047 0.13471502590673576
0 0.3494764397905759 0.7784974093264249 0.0693717277486911 0.15284974093264247
0 0.325261780104712 0.6230569948186528 0.06544502617801047 0.13212435233160622
0 0.36387434554973824 0.20466321243523317 0.0693717277486911 0.16062176165803108
1 0.6020942408376964 0.29922279792746115 0.06282722513089005 0.16580310880829016
1 0.7539267015706806 0.31994818652849744 0.0549738219895288 0.11917098445595854
1 0.5202879581151832 0.8497409326424871 0.06282722513089005 0.13471502590673576
1 0.4803664921465969 0.5453367875647669 0.07329842931937172 0.13989637305699482
1 0.43717277486910994 0.47668393782383417 0.06675392670157068 0.12176165803108809
1 0.41361256544502617 0.3238341968911917 0.08115183246073299 0.15025906735751296
1 0.281413612565445 0.5803108808290155 0.0693717277486911 0.13989637305699482
1 0.24672774869109948 0.7525906735751295 0.07068062827225131 0.13730569948186527