0 0.5539702233250621 0.14215686274509803 0.02977667493796526 0.0857843137254902
0 0.7357320099255583 0.3860294117647059 0.04590570719602978 0.0857843137254902
0 0.8058312655086849 0.5490196078431373 0.04466501240694789 0.09313725490196079
0 0.5297766749379652 0.741421568627451 0.05831265508684864 0.1323529411764706
0 0.4683622828784119 0.553921568627451 0.05707196029776675 0.125
0 0.47146401985111663 0.44607843137254904 0.062034739454094295 0.08823529411764706
0 0.21215880893300249 0.3958333333333333 0.05707196029776675 0.10049019607843138
0 0.3870967741935484 0.2977941176470588 0.05707196029776675 0.10049019607843138
0 0.19540942928039703 0.5196078431372549 0.06575682382133995 0.09068627450980392
1 0.20471464019851116 0.7941176470588235 0.06823821339950373 0.08823529411764706
1 0.41563275434243174 0.8137254901960784 0.0707196029776675 0.07352941176470588
1 0.7227047146401985 0.8088235294117647 0.05459057071960298 0.1053921568627451
1 0.8349875930521092 0.3737745098039216 0.07444168734491315 0.08333333333333333
1 0.608560794044665 0.508578431372549 0.04838709677419355 0.09803921568627451
1 0.5341191066997518 0.27941176470588236 0.05086848635235732 0.12009803921568628
1 0.36786600496277916 0.4019607843137255 0.04590570719602978 0.12009803921568628
1 0.23635235732009927 0.3088235294117647 0.043424317617866005 0.08823529411764706
1 0.6823821339950372 0.13357843137254902 0.03722084367245657 0.09068627450980392