0 0.362540192926045 0.8559322033898306 0.05627009646302251 0.09887005649717515
0 0.41237942122186494 0.806497175141243 0.07395498392282958 0.096045197740113
0 0.48311897106109325 0.2923728813559322 0.07556270096463022 0.12994350282485875
0 0.5305466237942122 0.3375706214689266 0.0707395498392283 0.14124293785310735
0 0.5458199356913184 0.5 0.06430868167202572 0.1440677966101695
0 0.8183279742765274 0.3997175141242938 0.0707395498392283 0.1271186440677966
0 0.77491961414791 0.4590395480225989 0.06752411575562701 0.13559322033898305
1 0.19533762057877813 0.882768361581921 0.04501607717041801 0.09322033898305085
1 0.4292604501607717 0.5494350282485876 0.0819935691318328 0.1016949152542373
1 0.72508038585209 0.4971751412429379 0.05627009646302251 0.09887005649717515
1 0.6390675241157556 0.3813559322033898 0.06270096463022508 0.1327683615819209
1 0.7178456591639871 0.2655367231638418 0.07877813504823152 0.08757062146892655
1 0.5884244372990354 0.18926553672316385 0.08681672025723473 0.08192090395480225
1 0.6929260450160771 0.14124293785310735 0.06591639871382636 0.1271186440677966
1 0.33681672025723475 0.0903954802259887 0.05144694533762058 0.08757062146892655