0 0.3119335347432024 0.013297872340425532 0.07401812688821752 0.026595744680851064
0 0.37613293051359514 0.031914893617021274 0.0634441087613293 0.06382978723404255
0 0.7054380664652568 0.7353723404255319 0.07401812688821752 0.1276595744680851
0 0.7469788519637462 0.7819148936170213 0.07401812688821752 0.13031914893617022
0 0.8829305135951662 0.648936170212766 0.08610271903323263 0.13829787234042554
0 0.9335347432024169 0.7180851063829787 0.0770392749244713 0.11702127659574468
0 0.845166163141994 0.2925531914893617 0.08308157099697885 0.14095744680851063
1 0.5830815709969789 0.1196808510638298 0.0755287009063444 0.14095744680851063
1 0.2175226586102719 0.2752659574468085 0.08157099697885196 0.10904255319148937
1 0.15332326283987915 0.19148936170212766 0.05740181268882175 0.08244680851063829
1 0.5332326283987915 0.711436170212766 0.05740181268882175 0.11702127659574468
1 0.45468277945619334 0.7486702127659575 0.0649546827794562 0.10106382978723404
1 0.9010574018126888 0.9428191489361702 0.06042296072507553 0.10372340425531915
1 0.9645015105740181 0.4773936170212766 0.0634441087613293 0.10372340425531915
1 0.7658610271903323 0.3617021276595745 0.06042296072507553 0.10904255319148937