0 0.6201754385964913 0.6939102564102564 0.10526315789473684 0.1987179487179487
0 0.5921052631578947 0.9262820512820513 0.0912280701754386 0.14102564102564102
0 0.7710526315789473 0.782051282051282 0.0824561403508772 0.10897435897435898
0 0.9657894736842105 0.1891025641025641 0.04035087719298246 0.10576923076923077
0 0.9342105263157895 0.11057692307692307 0.06140350877192982 0.14102564102564102
1 0.6535087719298246 0.11378205128205128 0.08947368421052632 0.17307692307692307
1 0.7429824561403509 0.17467948717948717 0.08771929824561403 0.16025641025641027
1 0.9456140350877194 0.594551282051282 0.09473684210526316 0.15064102564102563
1 0.356140350877193 0.844551282051282 0.1 0.1762820512820513
1 0.6982456140350877 0.8573717948717948 0.07368421052631578 0.09294871794871795
1 0.6850877192982456 0.7083333333333334 0.07017543859649122 0.14102564102564102