0 0.726027397260274 0.4386792452830189 0.0976027397260274 0.1949685534591195
0 0.547945205479452 0.05660377358490566 0.0821917808219178 0.11320754716981132
0 0.547945205479452 0.2248427672955975 0.08561643835616438 0.1540880503144654
0 0.10188356164383562 0.7059748427672956 0.0839041095890411 0.16037735849056603
0 0.5950342465753424 0.7059748427672956 0.0702054794520548 0.1320754716981132
0 0.2542808219178082 0.2358490566037736 0.07705479452054795 0.1320754716981132
0 0.19863013698630136 0.5157232704402516 0.0958904109589041 0.16037735849056603
0 0.1190068493150685 0.860062893081761 0.07876712328767123 0.13836477987421383
1 0.9392123287671232 0.14465408805031446 0.059931506849315065 0.11635220125786164
1 0.6549657534246576 0.36792452830188677 0.08904109589041095 0.14465408805031446
1 0.2731164383561644 0.1792452830188679 0.08561643835616438 0.11635220125786164
1 0.06078767123287671 0.4276729559748428 0.0839041095890411 0.1540880503144654
1 0.023972602739726026 0.6525157232704403 0.04794520547945205 0.1289308176100629
1 0.3373287671232877 0.6163522012578616 0.0839041095890411 0.1509433962264151
1 0.3886986301369863 0.8333333333333334 0.07876712328767123 0.15723270440251572