0 0.5903426791277259 0.42045454545454547 0.05763239875389408 0.09375
0 0.6043613707165109 0.3352272727272727 0.06386292834890965 0.09375
0 0.42912772585669784 0.4502840909090909 0.06074766355140187 0.13352272727272727
0 0.4135514018691589 0.3409090909090909 0.06542056074766354 0.13920454545454544
0 0.23052959501557632 0.2556818181818182 0.06074766355140187 0.13352272727272727
0 0.24766355140186916 0.6136363636363636 0.03894080996884735 0.11363636363636363
0 0.2554517133956386 0.6789772727272727 0.045171339563862926 0.11931818181818182
0 0.3060747663551402 0.42045454545454547 0.07009345794392523 0.11079545454545454
1 0.6269470404984424 0.7017045454545454 0.06074766355140187 0.11079545454545454
1 0.5763239875389408 0.04403409090909091 0.0778816199376947 0.08806818181818182
1 0.2764797507788162 0.3309659090909091 0.04205607476635514 0.12215909090909091
1 0.235202492211838 0.3196022727272727 0.059190031152647975 0.11079545454545454
1 0.32398753894080995 0.8352272727272727 0.06230529595015576 0.12215909090909091
1 0.29127725856697817 0.9772727272727273 0.06542056074766354 0.045454545454545456
1 0.6012461059190031 0.3210227272727273 0.05763239875389408 0.12215909090909091