0 0.9347426470588235 0.6442953020134228 0.07536764705882353 0.11073825503355705
0 0.9393382352941176 0.3238255033557047 0.07536764705882353 0.1342281879194631
0 0.8125 0.5318791946308725 0.07720588235294118 0.1476510067114094
0 0.45496323529411764 0.9765100671140939 0.07904411764705882 0.04697986577181208
0 0.4963235294117647 0.8322147651006712 0.08272058823529412 0.15771812080536912
0 0.5854779411764706 0.4664429530201342 0.08455882352941177 0.14093959731543623
0 0.3327205882352941 0.8338926174496645 0.09375 0.1644295302013423
0 0.5137867647058824 0.6359060402684564 0.08823529411764706 0.15436241610738255
1 0.9797794117647058 0.5906040268456376 0.04044117647058824 0.11409395973154363
1 0.8455882352941176 0.3724832214765101 0.07352941176470588 0.12080536912751678
1 0.6360294117647058 0.6963087248322147 0.07720588235294118 0.1342281879194631
1 0.6387867647058824 0.7986577181208053 0.08823529411764706 0.15436241610738255
1 0.6930147058823529 0.8489932885906041 0.07169117647058823 0.11073825503355705
1 0.6516544117647058 0.5503355704697986 0.08272058823529412 0.1342281879194631
1 0.3639705882352941 0.674496644295302 0.06985294117647059 0.12080536912751678
1 0.42830882352941174 0.8221476510067114 0.08823529411764706 0.1476510067114094
1 0.10202205882352941 0.9714765100671141 0.06433823529411764 0.05704697986577181