0 0.566066066066066 0.2912234042553192 0.06456456456456457 0.12234042553191489
0 0.9354354354354354 0.42686170212765956 0.11261261261261261 0.15425531914893617
0 0.8813813813813813 0.6316489361702128 0.07507507507507508 0.13297872340425532
0 0.8423423423423423 0.6542553191489362 0.07957957957957958 0.13297872340425532
0 0.2515015015015015 0.7606382978723404 0.07507507507507508 0.1276595744680851
0 0.24174174174174173 0.6529255319148937 0.07507507507507508 0.13297872340425532
1 0.4294294294294294 0.4773936170212766 0.07507507507507508 0.125
1 0.36486486486486486 0.5345744680851063 0.06906906906906907 0.13297872340425532
1 0.4024024024024024 0.6462765957446809 0.08558558558558559 0.16489361702127658
1 0.3280780780780781 0.7805851063829787 0.1006006006006006 0.14627659574468085
1 0.4827327327327327 0.973404255319149 0.0915915915915916 0.05319148936170213
1 0.6524024024024024 0.8789893617021277 0.07807807807807808 0.12234042553191489
1 0.8911411411411412 0.17154255319148937 0.08708708708708708 0.14627659574468085