0 0.493161094224924 0.9324324324324325 0.07750759878419453 0.13513513513513514
0 0.6329787234042553 0.5540540540540541 0.0972644376899696 0.17027027027027028
0 0.5653495440729484 0.0945945945945946 0.0668693009118541 0.11891891891891893
0 0.6375379939209727 0.04594594594594595 0.08054711246200608 0.0918918918918919
0 0.8259878419452887 0.05810810810810811 0.08966565349544073 0.11621621621621622
0 0.8913373860182371 0.03918918918918919 0.07446808510638298 0.07837837837837838
1 0.27811550151975684 0.9513513513513514 0.08206686930091185 0.0972972972972973
1 0.526595744680851 0.9081081081081082 0.08814589665653495 0.17027027027027028
1 0.3898176291793313 0.3554054054054054 0.07446808510638298 0.12702702702702703
1 0.6291793313069909 0.3108108108108108 0.06990881458966565 0.13243243243243244
1 0.6033434650455927 0.1891891891891892 0.0668693009118541 0.12702702702702703
1 0.770516717325228 0.37567567567567567 0.08358662613981763 0.16216216216216217
1 0.8746200607902735 0.3783783783783784 0.0790273556231003 0.14864864864864866