0 0.6091269841269841 0.3474178403755869 0.05026455026455026 0.1056338028169014
0 0.6005291005291006 0.392018779342723 0.06613756613756613 0.107981220657277
0 0.6256613756613757 0.15258215962441316 0.04894179894179894 0.09154929577464789
0 0.42063492063492064 0.4823943661971831 0.06613756613756613 0.13380281690140844
0 0.2791005291005291 0.27816901408450706 0.05423280423280423 0.11032863849765258
0 0.6223544973544973 0.9143192488262911 0.04497354497354497 0.09154929577464789
0 0.5046296296296297 0.960093896713615 0.056878306878306875 0.07981220657276995
1 0.5945767195767195 0.721830985915493 0.056878306878306875 0.08450704225352113
1 0.5661375661375662 0.6044600938967136 0.06084656084656084 0.1056338028169014
1 0.5423280423280423 0.6889671361502347 0.05291005291005291 0.11502347417840375
1 0.37433862433862436 0.7523474178403756 0.05423280423280423 0.1056338028169014
1 0.31613756613756616 0.6643192488262911 0.062169312169312166 0.1056338028169014
1 0.6785714285714286 0.1607981220657277 0.047619047619047616 0.09624413145539906
1 0.6653439153439153 0.09272300469483569 0.04894179894179894 0.08215962441314555