0 0.19128113879003558 0.6693037974683544 0.0693950177935943 0.12025316455696203
0 0.14768683274021352 0.759493670886076 0.08362989323843416 0.1360759493670886
0 0.3816725978647687 0.4177215189873418 0.08718861209964412 0.13291139240506328
0 0.2891459074733096 0.314873417721519 0.06227758007117438 0.10759493670886076
0 0.3202846975088968 0.21835443037974683 0.060498220640569395 0.12341772151898735
0 0.7820284697508897 0.4129746835443038 0.09430604982206406 0.14873417721518986
1 0.5738434163701067 0.34810126582278483 0.07829181494661921 0.13291139240506328
1 0.5026690391459074 0.3037974683544304 0.0711743772241993 0.13291139240506328
1 0.48131672597864766 0.4430379746835443 0.08896797153024912 0.14556962025316456
1 0.18327402135231316 0.5284810126582279 0.0711743772241993 0.11392405063291139
1 0.40747330960854095 0.5443037974683544 0.08718861209964412 0.1550632911392405
1 0.36565836298932386 0.8939873417721519 0.08185053380782918 0.13291139240506328
1 0.5613879003558719 0.9825949367088608 0.09074733096085409 0.03481012658227848