0 0.5574626865671641 0.2896825396825397 0.06567164179104477 0.1349206349206349
0 0.7522388059701492 0.6044973544973545 0.07761194029850746 0.14285714285714285
0 0.9104477611940298 0.23809523809523808 0.07611940298507462 0.1349206349206349
0 0.29701492537313434 0.458994708994709 0.07164179104477612 0.09259259259259259
0 0.25522388059701495 0.7962962962962963 0.07014925373134329 0.13756613756613756
0 0.22761194029850745 0.6984126984126984 0.06716417910447761 0.11375661375661375
0 0.2947761194029851 0.8611111111111112 0.06567164179104477 0.10317460317460317
1 0.43208955223880596 0.4947089947089947 0.07164179104477612 0.12169312169312169
1 0.4171641791044776 0.41005291005291006 0.056716417910447764 0.07936507936507936
1 0.3582089552238806 0.5687830687830688 0.07761194029850746 0.1349206349206349
1 0.4082089552238806 0.6283068783068783 0.05522388059701493 0.10317460317460317
1 0.24701492537313433 0.9616402116402116 0.06417910447761194 0.07671957671957672
1 0.45149253731343286 0.8888888888888888 0.07761194029850746 0.1455026455026455
1 0.5850746268656717 0.8227513227513228 0.0791044776119403 0.15343915343915343