0 0.45254010695187163 0.3708530805687204 0.05080213903743316 0.09004739336492891
0 0.410427807486631 0.4490521327014218 0.04411764705882353 0.08767772511848342
0 0.4766042780748663 0.045023696682464455 0.05213903743315508 0.09004739336492891
0 0.7052139037433155 0.1895734597156398 0.04946524064171123 0.08056872037914692
0 0.4431818181818182 0.95260663507109 0.04946524064171123 0.0947867298578199
0 0.7112299465240641 0.8045023696682464 0.06016042780748663 0.12085308056872038
1 0.34558823529411764 0.0924170616113744 0.0481283422459893 0.0971563981042654
1 0.6437165775401069 0.27488151658767773 0.06283422459893048 0.11848341232227488
1 0.7045454545454546 0.5059241706161137 0.07085561497326204 0.10426540284360189
1 0.6537433155080213 0.7618483412322274 0.05481283422459893 0.09004739336492891
1 0.4405080213903743 0.7334123222748815 0.04946524064171123 0.0924170616113744
1 0.4859625668449198 0.6706161137440758 0.04946524064171123 0.09004739336492891