0 0.2618296529968454 0.9626436781609196 0.01892744479495268 0.07471264367816093
0 0.3943217665615142 0.3103448275862069 0.052050473186119876 0.10344827586206896
0 0.4755520504731861 0.10344827586206896 0.0583596214511041 0.10344827586206896
0 0.4361198738170347 0.25287356321839083 0.06782334384858044 0.11206896551724138
0 0.5859621451104101 0.4482758620689655 0.05993690851735016 0.14367816091954022
0 0.668769716088328 0.28304597701149425 0.052050473186119876 0.11781609195402298
1 0.5528391167192429 0.07040229885057471 0.06466876971608833 0.1235632183908046
1 0.32413249211356465 0.20689655172413793 0.05993690851735016 0.11494252873563218
1 0.3383280757097792 0.5991379310344828 0.06466876971608833 0.12931034482758622
1 0.3083596214511041 0.75 0.06624605678233439 0.11781609195402298
1 0.7287066246056783 0.6422413793103449 0.07570977917981073 0.11781609195402298