0 0.1413427561837456 0.5141509433962265 0.06890459363957598 0.12264150943396226
0 0.28180212014134276 0.30660377358490565 0.07597173144876325 0.12578616352201258
0 0.4876325088339223 0.18553459119496854 0.07597173144876325 0.13836477987421383
0 0.4302120141342756 0.35062893081761004 0.08833922261484099 0.13836477987421383
0 0.2137809187279152 0.4779874213836478 0.08480565371024736 0.13836477987421383
0 0.4531802120141343 0.6572327044025157 0.09187279151943463 0.15723270440251572
0 0.43374558303886923 0.7610062893081762 0.09540636042402827 0.14150943396226415
0 0.5 0.89937106918239 0.09717314487632508 0.15723270440251572
0 0.20141342756183744 0.8883647798742138 0.07950530035335689 0.1289308176100629
1 0.10424028268551237 0.7830188679245284 0.07420494699646643 0.11320754716981132
1 0.18904593639575973 0.589622641509434 0.08303886925795052 0.12578616352201258
1 0.14575971731448764 0.43553459119496857 0.061837455830388695 0.10377358490566038
1 0.3365724381625442 0.27672955974842767 0.07243816254416961 0.11320754716981132
1 0.24823321554770317 0.41352201257861637 0.06007067137809187 0.09748427672955975
1 0.3674911660777385 0.4921383647798742 0.07773851590106007 0.1320754716981132
1 0.254416961130742 0.6289308176100629 0.07773851590106007 0.1320754716981132
1 0.2137809187279152 0.7311320754716981 0.07243816254416961 0.1320754716981132
1 0.26501766784452296 0.9559748427672956 0.0706713780918728 0.0880503144654088