0 0.7053291536050157 0.23857142857142857 0.05642633228840126 0.08285714285714285
0 0.6888714733542319 0.33 0.06269592476489028 0.08
0 0.530564263322884 0.49714285714285716 0.06426332288401254 0.09714285714285714
0 0.7068965517241379 0.8557142857142858 0.08307210031347963 0.09428571428571429
0 0.512539184952978 0.9071428571428571 0.07053291536050156 0.10571428571428572
0 0.4004702194357367 0.7485714285714286 0.08463949843260188 0.11428571428571428
0 0.25705329153605017 0.39 0.06583072100313479 0.09428571428571429
0 0.4843260188087774 0.24714285714285714 0.06269592476489028 0.08
0 0.0493730407523511 0.2671428571428571 0.06583072100313479 0.11142857142857143
0 0.02037617554858934 0.8585714285714285 0.023510971786833857 0.07428571428571429
1 0.12304075235109718 0.8871428571428571 0.054858934169279 0.10571428571428572
1 0.04467084639498432 0.5571428571428572 0.05799373040752351 0.06285714285714286
1 0.2115987460815047 0.6542857142857142 0.05799373040752351 0.10571428571428572
1 0.10344827586206896 0.39285714285714285 0.05329153605015674 0.08857142857142856
1 0.3017241379310345 0.2714285714285714 0.06269592476489028 0.10571428571428572
1 0.7656739811912225 0.5171428571428571 0.05642633228840126 0.09714285714285714
1 0.85423197492163 0.5314285714285715 0.06269592476489028 0.10285714285714286
1 0.8949843260188087 0.1457142857142857 0.045454545454545456 0.08571428571428572
1 0.6802507836990596 0.7271428571428571 0.061128526645768025 0.1
1 0.8636363636363636 0.7371428571428571 0.045454545454545456 0.1