0 0.3333333333333333 0.22598870056497175 0.06031746031746032 0.0847457627118644
0 0.3349206349206349 0.153954802259887 0.050793650793650794 0.06779661016949153
0 0.0746031746031746 0.5508474576271186 0.05873015873015873 0.07627118644067797
0 0.0746031746031746 0.635593220338983 0.06666666666666667 0.09887005649717515
0 0.3142857142857143 0.5790960451977402 0.06984126984126984 0.09322033898305085
0 0.3738095238095238 0.8177966101694916 0.06984126984126984 0.1016949152542373
0 0.6555555555555556 0.9293785310734464 0.05396825396825397 0.10734463276836158
1 0.4515873015873016 0.827683615819209 0.06825396825396825 0.11581920903954802
1 0.4873015873015873 0.2189265536723164 0.050793650793650794 0.09887005649717515
1 0.21825396825396826 0.597457627118644 0.06031746031746032 0.10734463276836158
1 0.2222222222222222 0.730225988700565 0.06666666666666667 0.09322033898305085
1 0.2698412698412698 0.327683615819209 0.06666666666666667 0.10451977401129943
1 0.15555555555555556 0.2909604519774011 0.07142857142857142 0.096045197740113
1 0.19047619047619047 0.14689265536723164 0.05555555555555555 0.09322033898305085