0 0.34408602150537637 0.6107142857142858 0.06317204301075269 0.09761904761904762
0 0.5833333333333334 0.969047619047619 0.053763440860215055 0.06190476190476191
0 0.7271505376344086 0.3273809523809524 0.06317204301075269 0.12380952380952381
0 0.47043010752688175 0.34285714285714286 0.056451612903225805 0.10952380952380952
0 0.5120967741935484 0.37976190476190474 0.06586021505376344 0.14523809523809525
0 0.48118279569892475 0.04523809523809524 0.056451612903225805 0.09047619047619047
1 0.30443548387096775 0.7916666666666666 0.051075268817204304 0.07857142857142857
1 0.40053763440860213 0.85 0.05913978494623656 0.0880952380952381
1 0.4637096774193548 0.6440476190476191 0.05241935483870968 0.11428571428571428
1 0.5524193548387096 0.05238095238095238 0.06451612903225806 0.10238095238095238
1 0.6115591397849462 0.04285714285714286 0.041666666666666664 0.04285714285714286
1 0.6922043010752689 0.655952380952381 0.06182795698924731 0.10238095238095238
1 0.6706989247311828 0.8 0.06854838709677419 0.12142857142857143