0 0.009963768115942028 0.7258064516129032 0.019927536231884056 0.09032258064516129
0 0.03894927536231884 0.7935483870967742 0.07246376811594203 0.08387096774193549
0 0.34692028985507245 0.8919354838709678 0.08333333333333333 0.12903225806451613
0 0.29528985507246375 0.7161290322580646 0.07789855072463768 0.14193548387096774
0 0.3677536231884058 0.6790322580645162 0.09420289855072464 0.14516129032258066
0 0.36231884057971014 0.3951612903225806 0.08876811594202899 0.11290322580645161
0 0.4148550724637681 0.2887096774193548 0.06884057971014493 0.09032258064516129
0 0.5181159420289855 0.1935483870967742 0.07246376811594203 0.13225806451612904
0 0.2871376811594203 0.1532258064516129 0.07608695652173914 0.11612903225806452
1 0.3432971014492754 0.17580645161290323 0.07246376811594203 0.08387096774193549
1 0.12590579710144928 0.1629032258064516 0.050724637681159424 0.08387096774193549
1 0.17753623188405798 0.3596774193548387 0.06521739130434782 0.10967741935483871
1 0.20742753623188406 0.25 0.06521739130434782 0.08387096774193549
1 0.041666666666666664 0.4241935483870968 0.08152173913043478 0.08387096774193549
1 0.08242753623188406 0.4854838709677419 0.09601449275362318 0.11612903225806452
1 0.14764492753623187 0.5258064516129032 0.07608695652173914 0.10967741935483871
1 0.23007246376811594 0.4596774193548387 0.09420289855072464 0.0967741935483871
1 0.11684782608695653 0.7548387096774194 0.07608695652173914 0.12903225806451613