0 0.42745098039215684 0.10069444444444445 0.054901960784313725 0.08333333333333333
0 0.4441176470588235 0.2534722222222222 0.07254901960784314 0.10069444444444445
0 0.49117647058823527 0.2673611111111111 0.07450980392156863 0.12152777777777778
0 0.711764705882353 0.24131944444444445 0.08823529411764706 0.12152777777777778
0 0.8990196078431373 0.3559027777777778 0.09019607843137255 0.10069444444444445
0 0.9431372549019608 0.9479166666666666 0.058823529411764705 0.10416666666666667
0 0.39215686274509803 0.9270833333333334 0.08431372549019608 0.11805555555555555
1 0.6460784313725491 0.9513888888888888 0.07647058823529412 0.09722222222222222
1 0.7970588235294118 0.7204861111111112 0.09019607843137255 0.13194444444444445
1 0.8784313725490196 0.6024305555555556 0.07450980392156863 0.1111111111111111
1 0.9715686274509804 0.6493055555555556 0.049019607843137254 0.08680555555555555
1 0.907843137254902 0.2986111111111111 0.0784313725490196 0.11805555555555555
1 0.44313725490196076 0.53125 0.08431372549019608 0.1284722222222222
1 0.2823529411764706 0.3333333333333333 0.06470588235294118 0.1701388888888889
1 0.3 0.034722222222222224 0.06274509803921569 0.06944444444444445