0 0.5701892744479495 0.06843575418994413 0.0804416403785489 0.13687150837988826
0 0.2618296529968454 0.12150837988826815 0.06466876971608833 0.11173184357541899
0 0.3351735015772871 0.8016759776536313 0.08675078864353312 0.16759776536312848
0 0.6608832807570978 0.6899441340782123 0.061514195583596214 0.12569832402234637
0 0.6577287066246057 0.2779329608938548 0.0473186119873817 0.11731843575418995
0 0.6048895899053628 0.17318435754189945 0.05993690851735016 0.10614525139664804
1 0.6317034700315457 0.9371508379888268 0.052050473186119876 0.0670391061452514
1 0.581230283911672 0.9567039106145251 0.04416403785488959 0.05865921787709497
1 0.30126182965299686 0.48324022346368717 0.07570977917981073 0.13687150837988826
1 0.3714511041009464 0.2206703910614525 0.0914826498422713 0.17597765363128492
1 0.5583596214511041 0.5069832402234636 0.0804416403785489 0.1424581005586592
1 0.6490536277602523 0.611731843575419 0.07413249211356467 0.10614525139664804