0 0.43038922155688625 0.9043715846994536 0.05389221556886228 0.1092896174863388
0 0.38997005988023953 0.4781420765027322 0.04640718562874251 0.09562841530054644
0 0.35179640718562877 0.3633879781420765 0.058383233532934134 0.11202185792349727
0 0.5898203592814372 0.3128415300546448 0.04640718562874251 0.11475409836065574
1 0.3473053892215569 0.1051912568306011 0.04341317365269461 0.07650273224043716
1 0.35479041916167664 0.17349726775956284 0.05089820359281437 0.08196721311475409
1 0.4408682634730539 0.03961748633879782 0.05389221556886228 0.06830601092896176
1 0.7058383233532934 0.20355191256830601 0.07335329341317365 0.11202185792349727
1 0.6482035928143712 0.12568306010928962 0.040419161676646706 0.10109289617486339
1 0.5958083832335329 0.9030054644808743 0.059880239520958084 0.09562841530054644
1 0.2851796407185629 0.8019125683060109 0.04491017964071856 0.1092896174863388