0 0.2707736389684814 0.34424083769633507 0.06160458452722063 0.12303664921465969
0 0.3424068767908309 0.9685863874345549 0.05730659025787966 0.06282722513089005
0 0.4054441260744986 0.9659685863874345 0.06876790830945559 0.06806282722513089
0 0.5436962750716332 0.3403141361256545 0.0673352435530086 0.11780104712041885
0 0.5974212034383954 0.28664921465968585 0.04871060171919771 0.09424083769633508
0 0.5830945558739254 0.3599476439790576 0.0659025787965616 0.12041884816753927
1 0.4835243553008596 0.02225130890052356 0.044412607449856735 0.04450261780104712
1 0.4663323782234957 0.07329842931937172 0.0659025787965616 0.10471204188481675
1 0.5451289398280802 0.031413612565445025 0.055873925501432664 0.06282722513089005
1 0.6289398280802292 0.612565445026178 0.05873925501432665 0.112565445026178
1 0.30945558739255014 0.20287958115183247 0.06446991404011461 0.10732984293193717
1 0.3001432664756447 0.6636125654450262 0.06303724928366762 0.11518324607329843
1 0.3631805157593123 0.7342931937172775 0.05873925501432665 0.1099476439790576