0 0.37993421052631576 0.9231927710843374 0.054276315789473686 0.08734939759036145
0 0.5575657894736842 0.8132530120481928 0.07401315789473684 0.13253012048192772
0 0.5699013157894737 0.2635542168674699 0.07072368421052631 0.14457831325301204
0 0.4087171052631579 0.02710843373493976 0.08717105263157894 0.05421686746987952
0 0.375 0.030120481927710843 0.07236842105263158 0.060240963855421686
0 0.3404605263157895 0.15210843373493976 0.08717105263157894 0.15963855421686746
0 0.19654605263157895 0.7289156626506024 0.06085526315789474 0.08734939759036145
0 0.21628289473684212 0.5060240963855421 0.0756578947368421 0.14759036144578314
0 0.2680921052631579 0.7304216867469879 0.0805921052631579 0.16265060240963855
1 0.6258223684210527 0.5286144578313253 0.06578947368421052 0.12349397590361445
1 0.6825657894736842 0.5617469879518072 0.08223684210526316 0.1355421686746988
1 0.524671052631579 0.9457831325301205 0.06578947368421052 0.10843373493975904
1 0.3503289473684211 0.46536144578313254 0.0756578947368421 0.14156626506024098
1 0.26069078947368424 0.4186746987951807 0.08881578947368421 0.16265060240963855
1 0.4440789473684211 0.27259036144578314 0.08388157894736842 0.16566265060240964