0 0.33650793650793653 0.17231638418079095 0.06507936507936508 0.12429378531073447
0 0.3253968253968254 0.5494350282485876 0.06349206349206349 0.1271186440677966
0 0.28809523809523807 0.71045197740113 0.05714285714285714 0.11864406779661017
0 0.3253968253968254 0.6864406779661016 0.06190476190476191 0.12994350282485875
0 0.5222222222222223 0.7387005649717514 0.06507936507936508 0.1440677966101695
0 0.7365079365079366 0.3403954802259887 0.06666666666666667 0.13559322033898305
1 0.37142857142857144 0.8686440677966102 0.05873015873015873 0.12429378531073447
1 0.5817460317460318 0.9562146892655368 0.0746031746031746 0.09322033898305085
1 0.6619047619047619 0.6807909604519774 0.07936507936507936 0.14124293785310735
1 0.4158730158730159 0.4901129943502825 0.06984126984126984 0.12146892655367232
1 0.3865079365079365 0.2909604519774011 0.06190476190476191 0.11299435028248588