0 0.4329044117647059 0.33053691275167785 0.07904411764705882 0.174496644295302
0 0.35661764705882354 0.2701342281879195 0.08272058823529412 0.1644295302013423
0 0.5229779411764706 0.7030201342281879 0.07169117647058823 0.15436241610738255
0 0.5652573529411765 0.8557046979865772 0.08823529411764706 0.18456375838926176
0 0.6452205882352942 0.87751677852349 0.07169117647058823 0.1476510067114094
0 0.7159926470588235 0.6711409395973155 0.0625 0.13758389261744966
0 0.6029411764705882 0.0738255033557047 0.058823529411764705 0.09731543624161074
1 0.5652573529411765 0.42449664429530204 0.06801470588235294 0.12416107382550336
1 0.5891544117647058 0.47651006711409394 0.07904411764705882 0.17114093959731544
1 0.6691176470588235 0.43456375838926176 0.0625 0.12080536912751678
1 0.5045955882352942 0.3070469798657718 0.07536764705882353 0.13087248322147652
1 0.46599264705882354 0.7818791946308725 0.07720588235294118 0.1342281879194631
1 0.35294117647058826 0.6879194630872483 0.08639705882352941 0.15771812080536912
1 0.734375 0.26174496644295303 0.07169117647058823 0.13758389261744966