0 0.5142857142857142 0.05964467005076142 0.05714285714285714 0.11928934010152284
0 0.30428571428571427 0.12055837563451777 0.041428571428571426 0.09137055837563451
0 0.5971428571428572 0.6560913705583756 0.07857142857142857 0.116751269035533
0 0.46714285714285714 0.28045685279187815 0.07142857142857142 0.13705583756345177
0 0.43 0.600253807106599 0.06142857142857143 0.10152284263959391
0 0.32357142857142857 0.8921319796954315 0.07285714285714286 0.13451776649746192
1 0.4707142857142857 0.0901015228426396 0.05285714285714286 0.1218274111675127
1 0.28785714285714287 0.4885786802030457 0.05285714285714286 0.1446700507614213
1 0.26857142857142857 0.5393401015228426 0.07285714285714286 0.1065989847715736
1 0.5521428571428572 0.36421319796954316 0.05 0.09644670050761421
1 0.6064285714285714 0.9035532994923858 0.05857142857142857 0.1218274111675127
1 0.4585714285714286 0.9619289340101523 0.06857142857142857 0.07614213197969544
1 0.3507142857142857 0.9467005076142132 0.06428571428571428 0.1065989847715736