0 0.617741935483871 0.3914285714285714 0.06774193548387097 0.13714285714285715
0 0.5483870967741935 0.5357142857142857 0.05967741935483871 0.12571428571428572
0 0.5032258064516129 0.5828571428571429 0.05967741935483871 0.16
0 0.55 0.9628571428571429 0.07741935483870968 0.07428571428571429
0 0.4266129032258065 0.30714285714285716 0.06612903225806452 0.17142857142857143
0 0.5032258064516129 0.08428571428571428 0.06290322580645161 0.13428571428571429
0 0.2532258064516129 0.09 0.06935483870967742 0.06
1 0.31290322580645163 0.07571428571428572 0.04838709677419355 0.06
1 0.22258064516129034 0.2785714285714286 0.05806451612903226 0.11714285714285715
1 0.36612903225806454 0.8342857142857143 0.07096774193548387 0.16285714285714287
1 0.3225806451612903 0.9071428571428571 0.07903225806451612 0.14857142857142858
1 0.7137096774193549 0.7442857142857143 0.06935483870967742 0.13142857142857142
1 0.5846774193548387 0.06285714285714286 0.06935483870967742 0.12571428571428572