0 0.8845588235294117 0.17069892473118278 0.060294117647058824 0.10752688172043011
0 0.8426470588235294 0.15725806451612903 0.07058823529411765 0.12365591397849462
0 0.7036764705882353 0.04435483870967742 0.075 0.08870967741935484
0 0.7110294117647059 0.7634408602150538 0.075 0.12903225806451613
0 0.5375 0.8077956989247311 0.07058823529411765 0.13978494623655913
0 0.47573529411764703 0.9838709677419355 0.0838235294117647 0.03225806451612903
0 0.38529411764705884 0.853494623655914 0.0838235294117647 0.14516129032258066
0 0.3985294117647059 0.9005376344086021 0.08676470588235294 0.14516129032258066
1 0.850735294117647 0.5779569892473119 0.07794117647058824 0.13172043010752688
1 0.9448529411764706 0.36155913978494625 0.06764705882352941 0.10752688172043011
1 0.5823529411764706 0.17473118279569894 0.07352941176470588 0.1424731182795699
1 0.6433823529411765 0.4932795698924731 0.07794117647058824 0.1424731182795699
1 0.3 0.5739247311827957 0.08970588235294118 0.1532258064516129
1 0.6242647058823529 0.8508064516129032 0.06764705882352941 0.12634408602150538