0 0.40519662921348315 0.4962686567164179 0.05758426966292135 0.1044776119402985
0 0.3223314606741573 0.6380597014925373 0.05056179775280899 0.09203980099502487
0 0.6390449438202247 0.9601990049751243 0.05898876404494382 0.07960199004975124
0 0.5301966292134831 0.6753731343283582 0.06179775280898876 0.13432835820895522
0 0.7219101123595506 0.31218905472636815 0.07724719101123595 0.1517412935323383
0 0.4824438202247191 0.582089552238806 0.07162921348314606 0.10696517412935323
0 0.461376404494382 0.4154228855721393 0.07303370786516854 0.11691542288557213
0 0.2071629213483146 0.8432835820895522 0.04915730337078652 0.0945273631840796
1 0.33286516853932585 0.7512437810945274 0.06179775280898876 0.10696517412935323
1 0.44030898876404495 0.12313432835820895 0.054775280898876406 0.11442786069651742
1 0.5807584269662921 0.09701492537313433 0.05196629213483146 0.0945273631840796
1 0.6313202247191011 0.2810945273631841 0.05056179775280899 0.12189054726368159
1 0.6952247191011236 0.7873134328358209 0.05056179775280899 0.13681592039800994
1 0.5849719101123596 0.6094527363184079 0.06460674157303371 0.09950248756218906