0 0.25078125 0.30277777777777776 0.059375 0.075
0 0.21171875 0.3527777777777778 0.040625 0.06666666666666667
0 0.26015625 0.3875 0.0625 0.09722222222222222
0 0.5609375 0.44166666666666665 0.0671875 0.10555555555555556
0 0.67109375 0.19027777777777777 0.0671875 0.11388888888888889
0 0.92734375 0.37777777777777777 0.0765625 0.11666666666666667
0 0.75390625 0.7791666666666667 0.071875 0.12777777777777777
1 0.88125 0.06805555555555555 0.0765625 0.09722222222222222
1 0.95859375 0.04861111111111111 0.0390625 0.09722222222222222
1 0.4890625 0.26666666666666666 0.0609375 0.08611111111111111
1 0.37578125 0.3 0.065625 0.1
1 0.42421875 0.38333333333333336 0.0671875 0.10555555555555556
1 0.36328125 0.5541666666666667 0.0578125 0.10555555555555556
1 0.23203125 0.6069444444444444 0.06875 0.08611111111111111
1 0.50703125 0.8472222222222222 0.0875 0.14722222222222223