0 0.4909539473684211 0.11596385542168675 0.09046052631578948 0.16265060240963855
0 0.19983552631578946 0.40210843373493976 0.07894736842105263 0.1355421686746988
0 0.16529605263157895 0.37801204819277107 0.08881578947368421 0.12349397590361445
0 0.3157894736842105 0.09789156626506024 0.07730263157894737 0.06927710843373494
0 0.6833881578947368 0.6942771084337349 0.06414473684210527 0.0963855421686747
0 0.41036184210526316 0.4322289156626506 0.0756578947368421 0.12951807228915663
0 0.046052631578947366 0.4939759036144578 0.07072368421052631 0.1355421686746988
0 0.08223684210526316 0.6927710843373494 0.07894736842105263 0.12048192771084337
1 0.6504934210526315 0.3358433734939759 0.07072368421052631 0.11144578313253012
1 0.5616776315789473 0.6536144578313253 0.06907894736842106 0.12349397590361445
1 0.3157894736842105 0.7439759036144579 0.0756578947368421 0.1355421686746988
1 0.42598684210526316 0.17018072289156627 0.08552631578947369 0.16265060240963855
1 0.05180921052631579 0.2740963855421687 0.07072368421052631 0.0963855421686747
1 0.009868421052631578 0.44728915662650603 0.019736842105263157 0.10542168674698796
1 0.2524671052631579 0.5466867469879518 0.07730263157894737 0.13855421686746988