0 0.2309688581314879 0.5110759493670886 0.0726643598615917 0.1360759493670886
0 0.2837370242214533 0.44462025316455694 0.07439446366782007 0.1360759493670886
0 0.38408304498269896 0.5174050632911392 0.08131487889273356 0.14240506329113925
0 0.5726643598615917 0.6693037974683544 0.0726643598615917 0.14556962025316456
0 0.38321799307958476 0.23575949367088608 0.0847750865051903 0.16139240506329114
0 0.4852941176470588 0.5458860759493671 0.07958477508650519 0.1518987341772152
1 0.4541522491349481 0.7579113924050633 0.06920415224913495 0.13291139240506328
1 0.4013840830449827 0.7626582278481012 0.07958477508650519 0.1518987341772152
1 0.3693771626297578 0.8607594936708861 0.06920415224913495 0.13291139240506328
1 0.5294117647058824 0.7832278481012658 0.06920415224913495 0.14240506329113925
1 0.46539792387543255 0.2879746835443038 0.06228373702422145 0.12025316455696203
1 0.3892733564013841 0.3987341772151899 0.07612456747404844 0.1518987341772152