0 0.9918478260869565 0.6209677419354839 0.016304347826086956 0.1
0 0.8967391304347826 0.6854838709677419 0.07608695652173914 0.1
0 0.8360507246376812 0.717741935483871 0.07608695652173914 0.12580645161290321
0 0.2708333333333333 0.9870967741935484 0.07427536231884058 0.025806451612903226
0 0.5534420289855072 0.33064516129032256 0.07246376811594203 0.13548387096774195
0 0.6567028985507246 0.1532258064516129 0.07065217391304347 0.12903225806451613
0 0.7192028985507246 0.17580645161290323 0.07789855072463768 0.12258064516129032
1 0.9411231884057971 0.3193548387096774 0.07971014492753623 0.11612903225806452
1 0.8922101449275363 0.38548387096774195 0.08152173913043478 0.1032258064516129
1 0.8632246376811594 0.07419354838709677 0.07065217391304347 0.11290322580645161
1 0.49184782608695654 0.23387096774193547 0.06702898550724638 0.12580645161290321
1 0.7545289855072463 0.3596774193548387 0.08152173913043478 0.12580645161290321
1 0.5860507246376812 0.717741935483871 0.07608695652173914 0.14516129032258066
1 0.5144927536231884 0.917741935483871 0.08695652173913043 0.13548387096774195