0 0.8202898550724638 0.4734042553191489 0.06811594202898551 0.08244680851063829
0 0.8144927536231884 0.6156914893617021 0.057971014492753624 0.0797872340425532
0 0.7594202898550725 0.5571808510638298 0.06086956521739131 0.10106382978723404
0 0.5463768115942029 0.660904255319149 0.059420289855072465 0.10904255319148937
0 0.23115942028985506 0.09574468085106383 0.0536231884057971 0.0851063829787234
0 0.26956521739130435 0.4933510638297872 0.05507246376811594 0.07446808510638298
0 0.20797101449275363 0.46143617021276595 0.07246376811594203 0.09308510638297872
0 0.11521739130434783 0.425531914893617 0.059420289855072465 0.0851063829787234
1 0.9384057971014492 0.18617021276595744 0.057971014492753624 0.09574468085106383
1 0.6681159420289855 0.8191489361702128 0.05217391304347826 0.07712765957446809
1 0.7847826086956522 0.8271276595744681 0.05652173913043478 0.05851063829787234
1 0.38115942028985506 0.6529255319148937 0.059420289855072465 0.08776595744680851
1 0.20507246376811594 0.6555851063829787 0.059420289855072465 0.07712765957446809
1 0.38333333333333336 0.26595744680851063 0.05652173913043478 0.09042553191489362
1 0.4492753623188406 0.16888297872340424 0.0536231884057971 0.10372340425531915
1 0.10652173913043478 0.23803191489361702 0.059420289855072465 0.09574468085106383