0 0.04963898916967509 0.5596026490066225 0.052346570397111915 0.10927152317880795
0 0.0351985559566787 0.6490066225165563 0.052346570397111915 0.10264900662251655
0 0.1407942238267148 0.9205298013245033 0.06678700361010831 0.11258278145695365
0 0.17328519855595667 0.6440397350993378 0.0703971119133574 0.12582781456953643
0 0.4250902527075812 0.18874172185430463 0.05776173285198556 0.11920529801324503
0 0.4657039711191336 0.17549668874172186 0.05776173285198556 0.11920529801324503
0 0.5767148014440433 0.5149006622516556 0.07220216606498195 0.1357615894039735
0 0.33754512635379064 0.6705298013245033 0.07220216606498195 0.12582781456953643
0 0.5514440433212996 0.7798013245033113 0.061371841155234655 0.11589403973509933
0 0.5794223826714802 0.9105960264900662 0.0703971119133574 0.1291390728476821
1 0.09296028880866426 0.2433774834437086 0.07220216606498195 0.11589403973509933
1 0.2157039711191336 0.2367549668874172 0.061371841155234655 0.11920529801324503
1 0.6435018050541517 0.15894039735099338 0.05956678700361011 0.12251655629139073
1 0.3601083032490975 0.5331125827814569 0.0703971119133574 0.11258278145695365
1 0.5649819494584838 0.6357615894039735 0.06859205776173286 0.12582781456953643
1 0.32581227436823107 0.8013245033112583 0.06678700361010831 0.12251655629139073
1 0.3492779783393502 0.9519867549668874 0.06678700361010831 0.09602649006622517
1 0.24007220216606498 0.9205298013245033 0.07220216606498195 0.11258278145695365
1 0.09476534296028881 0.6076158940397351 0.0740072202166065 0.09933774834437085
1 0.0703971119133574 0.9354304635761589 0.06859205776173286 0.10927152317880795