0 0.9235849056603773 0.06551724137931035 0.05849056603773585 0.1310344827586207
0 0.569811320754717 0.09827586206896552 0.09245283018867924 0.15862068965517243
0 0.5 0.2396551724137931 0.08867924528301886 0.15517241379310345
0 0.4018867924528302 0.47758620689655173 0.09245283018867924 0.16551724137931034
0 0.7481132075471698 0.5724137931034483 0.10943396226415095 0.2
0 0.779245283018868 0.753448275862069 0.08679245283018867 0.1206896551724138
0 0.9792452830188679 0.36724137931034484 0.04150943396226415 0.16206896551724137
0 0.6783018867924528 0.5827586206896552 0.10754716981132076 0.19655172413793104
1 0.7933962264150943 0.22586206896551725 0.08867924528301886 0.13448275862068965
1 0.6084905660377359 0.41724137931034483 0.08867924528301886 0.16551724137931034
1 0.31886792452830187 0.41551724137931034 0.08679245283018867 0.15862068965517243
1 0.5207547169811321 0.9724137931034482 0.07924528301886792 0.05517241379310345
1 0.9726415094339622 0.5172413793103449 0.05471698113207547 0.1310344827586207
1 0.8301886792452831 0.5879310344827586 0.09056603773584905 0.16206896551724137
1 0.940566037735849 0.2103448275862069 0.09622641509433963 0.16551724137931034