0 0.7180397727272727 0.6620603015075377 0.07244318181818182 0.12814070351758794
0 0.4744318181818182 0.2889447236180904 0.06676136363636363 0.1306532663316583
0 0.2109375 0.1444723618090452 0.07670454545454546 0.11809045226130653
0 0.234375 0.6457286432160804 0.07954545454545454 0.12311557788944724
0 0.3338068181818182 0.5741206030150754 0.078125 0.13316582914572864
0 0.7478693181818182 0.9798994974874372 0.06676136363636363 0.04020100502512563
0 0.7727272727272727 0.9824120603015075 0.06818181818181818 0.035175879396984924
1 0.7883522727272727 0.5226130653266332 0.061079545454545456 0.09547738693467336
1 0.6306818181818182 0.4108040201005025 0.05397727272727273 0.07788944723618091
1 0.29829545454545453 0.016331658291457288 0.056818181818181816 0.032663316582914576
1 0.06178977272727273 0.48115577889447236 0.05965909090909091 0.10050251256281408
1 0.49573863636363635 0.7989949748743719 0.05539772727272727 0.10050251256281408
1 0.5795454545454546 0.9221105527638191 0.05823863636363636 0.10301507537688442
1 0.7308238636363636 0.7349246231155779 0.06676136363636363 0.12060301507537688
1 0.8004261363636364 0.7788944723618091 0.052556818181818184 0.0829145728643216