0 0.6001506024096386 0.35714285714285715 0.061746987951807226 0.12087912087912088
0 0.5030120481927711 0.9711538461538461 0.0572289156626506 0.057692307692307696
0 0.45180722891566266 0.9711538461538461 0.04819277108433735 0.057692307692307696
0 0.4126506024096386 0.9381868131868132 0.05572289156626506 0.10164835164835165
0 0.3795180722891566 0.6923076923076923 0.0677710843373494 0.12912087912087913
0 0.30271084337349397 0.4807692307692308 0.07228915662650602 0.13186813186813187
0 0.2575301204819277 0.46703296703296704 0.061746987951807226 0.12637362637362637
1 0.5587349397590361 0.6964285714285714 0.0677710843373494 0.12087912087912088
1 0.6957831325301205 0.49313186813186816 0.05421686746987952 0.11813186813186813
1 0.21987951807228914 0.7774725274725275 0.04819277108433735 0.06593406593406594
1 0.18072289156626506 0.7362637362637363 0.05120481927710843 0.07417582417582418