0 0.025985663082437275 0.7483552631578947 0.026881720430107527 0.09868421052631579
0 0.04032258064516129 0.6825657894736842 0.07347670250896057 0.13157894736842105
0 0.10215053763440861 0.35526315789473684 0.08602150537634409 0.13157894736842105
0 0.4283154121863799 0.9769736842105263 0.08243727598566308 0.046052631578947366
0 0.6048387096774194 0.7993421052631579 0.07526881720430108 0.1611842105263158
0 0.7589605734767025 0.8733552631578947 0.08422939068100359 0.07236842105263158
0 0.8100358422939068 0.8322368421052632 0.08422939068100359 0.09868421052631579
0 0.7616487455197133 0.6085526315789473 0.09498207885304659 0.15460526315789475
0 0.771505376344086 0.6694078947368421 0.1003584229390681 0.15460526315789475
1 0.06362007168458782 0.9819078947368421 0.026881720430107527 0.03618421052631579
1 0.02956989247311828 0.36019736842105265 0.05913978494623656 0.12171052631578948
1 0.2768817204301075 0.30098684210526316 0.07885304659498207 0.1611842105263158
1 0.3673835125448029 0.6792763157894737 0.08602150537634409 0.15789473684210525
1 0.7105734767025089 0.22697368421052633 0.1003584229390681 0.16447368421052633
1 0.953405017921147 0.6134868421052632 0.06810035842293907 0.14473684210526316
1 0.5448028673835126 0.9490131578947368 0.06810035842293907 0.10197368421052631