0 0.6340125391849529 0.2885714285714286 0.05172413793103448 0.08
0 0.6175548589341693 0.38285714285714284 0.06269592476489028 0.09142857142857143
0 0.2711598746081505 0.22 0.05329153605015674 0.11428571428571428
0 0.4263322884012539 0.8085714285714286 0.050156739811912224 0.10857142857142857
0 0.384012539184953 0.8442857142857143 0.06583072100313479 0.1
0 0.3675548589341693 0.9457142857142857 0.06739811912225706 0.10857142857142857
0 0.24294670846394983 0.98 0.034482758620689655 0.04
1 0.6206896551724138 0.018571428571428572 0.05956112852664577 0.037142857142857144
1 0.6128526645768025 0.6742857142857143 0.05642633228840126 0.10285714285714286
1 0.31191222570532917 0.5342857142857143 0.05642633228840126 0.12
1 0.29310344827586204 0.6514285714285715 0.04075235109717868 0.11428571428571428
1 0.24843260188087773 0.6614285714285715 0.045454545454545456 0.11142857142857143
1 0.3338557993730408 0.06714285714285714 0.05956112852664577 0.12285714285714286