0 0.05218855218855219 0.49251497005988026 0.06734006734006734 0.11077844311377245
0 0.49326599326599324 0.13922155688622753 0.06060606060606061 0.10778443113772455
0 0.5723905723905723 0.0658682634730539 0.0707070707070707 0.11377245508982035
0 0.5968013468013468 0.0374251497005988 0.07575757575757576 0.0748502994011976
0 0.7483164983164983 0.43263473053892215 0.08080808080808081 0.1377245508982036
0 0.9604377104377104 0.3068862275449102 0.07912457912457913 0.1407185628742515
0 0.9351851851851852 0.22904191616766467 0.08080808080808081 0.12574850299401197
0 0.4730639730639731 0.9326347305389222 0.08080808080808081 0.1347305389221557
1 0.8089225589225589 0.04341317365269461 0.07912457912457913 0.08682634730538923
1 0.7693602693602694 0.13922155688622753 0.09427609427609428 0.1467065868263473
1 0.8122895622895623 0.5014970059880239 0.08417508417508418 0.1497005988023952
1 0.6523569023569024 0.7125748502994012 0.07912457912457913 0.1377245508982036
1 0.3324915824915825 0.3188622754491018 0.07912457912457913 0.1467065868263473
1 0.5143097643097643 0.3143712574850299 0.08585858585858586 0.1407185628742515
1 0.0867003367003367 0.6766467065868264 0.08417508417508418 0.12574850299401197