0 0.3211743772241993 0.34335443037974683 0.08896797153024912 0.15822784810126583
0 0.6476868327402135 0.3512658227848101 0.09608540925266904 0.14873417721518986
0 0.7838078291814946 0.6376582278481012 0.07295373665480427 0.11708860759493671
0 0.7660142348754448 0.7531645569620253 0.08540925266903915 0.1518987341772152
0 0.7829181494661922 0.9161392405063291 0.099644128113879 0.16455696202531644
0 0.8763345195729537 0.8354430379746836 0.10676156583629894 0.14873417721518986
0 0.39679715302491103 0.8607594936708861 0.09608540925266904 0.18354430379746836
0 0.2411032028469751 0.8306962025316456 0.07651245551601424 0.11708860759493671
1 0.07206405693950178 0.20569620253164558 0.07651245551601424 0.12974683544303797
1 0.15658362989323843 0.509493670886076 0.10498220640569395 0.18037974683544303
1 0.03914590747330961 0.5427215189873418 0.07829181494661921 0.12974683544303797
1 0.4128113879003559 0.31645569620253167 0.08540925266903915 0.13924050632911392
1 0.5791814946619217 0.5126582278481012 0.07829181494661921 0.1360759493670886
1 0.5258007117437722 0.7041139240506329 0.0800711743772242 0.15822784810126583