0 0.9128113879003559 0.23366013071895425 0.08185053380782918 0.1503267973856209
0 0.9457295373665481 0.33986928104575165 0.09252669039145907 0.13071895424836602
0 0.7250889679715302 0.6911764705882353 0.09074733096085409 0.1568627450980392
0 0.5845195729537367 0.8382352941176471 0.08540925266903915 0.14705882352941177
0 0.5222419928825622 0.23202614379084968 0.07295373665480427 0.13725490196078433
0 0.498220640569395 0.3235294117647059 0.08362989323843416 0.13725490196078433
0 0.2802491103202847 0.12908496732026145 0.0711743772241993 0.1111111111111111
1 0.3932384341637011 0.9509803921568627 0.08185053380782918 0.09803921568627451
1 0.47419928825622776 0.9918300653594772 0.0800711743772242 0.016339869281045753
1 0.21352313167259787 0.43790849673202614 0.08185053380782918 0.13398692810457516
1 0.3309608540925267 0.3300653594771242 0.06761565836298933 0.13071895424836602
1 0.7126334519572953 0.15522875816993464 0.07829181494661921 0.14052287581699346
1 0.7562277580071174 0.10947712418300654 0.08185053380782918 0.13725490196078433
1 0.9119217081850534 0.6176470588235294 0.08540925266903915 0.13398692810457516
1 0.8985765124555161 0.7859477124183006 0.07829181494661921 0.11764705882352941
1 0.7295373665480427 0.8578431372549019 0.07295373665480427 0.12745098039215685