0 0.5091059602649006 0.013636363636363636 0.06788079470198675 0.02727272727272727
0 0.29221854304635764 0.6121212121212121 0.07119205298013245 0.12424242424242424
0 0.2458609271523179 0.8666666666666667 0.0728476821192053 0.13333333333333333
0 0.2913907284768212 0.7136363636363636 0.08278145695364239 0.15454545454545454
0 0.05132450331125828 0.7378787878787879 0.06788079470198675 0.11212121212121212
0 0.47516556291390727 0.8242424242424242 0.09271523178807947 0.15454545454545454
1 0.2781456953642384 0.9651515151515152 0.08609271523178808 0.0696969696969697
1 0.15314569536423842 0.943939393939394 0.07450331125827815 0.11212121212121212
1 0.062086092715231786 0.8227272727272728 0.07947019867549669 0.14242424242424243
1 0.20033112582781457 0.5681818181818182 0.07947019867549669 0.14242424242424243
1 0.39155629139072845 0.346969696969697 0.08774834437086093 0.15454545454545454
1 0.4445364238410596 0.20606060606060606 0.08443708609271523 0.15454545454545454
1 0.6986754966887417 0.10303030303030303 0.076158940397351 0.1303030303030303
1 0.6440397350993378 0.8924242424242425 0.06788079470198675 0.10303030303030303