0 0.05271084337349398 0.49313186813186816 0.05271084337349398 0.0989010989010989
0 0.03162650602409638 0.5741758241758241 0.0391566265060241 0.07967032967032966
0 0.21987951807228914 0.8173076923076923 0.06325301204819277 0.08241758241758242
0 0.4503012048192771 0.9052197802197802 0.05120481927710843 0.10164835164835165
0 0.4683734939759036 0.7513736263736264 0.0783132530120482 0.11813186813186813
0 0.47213855421686746 0.4326923076923077 0.061746987951807226 0.12362637362637363
0 0.10768072289156627 0.23901098901098902 0.05271084337349398 0.08241758241758242
0 0.5052710843373494 0.5398351648351648 0.07078313253012049 0.0989010989010989
0 0.7439759036144579 0.9052197802197802 0.06325301204819277 0.1043956043956044
1 0.29743975903614456 0.3159340659340659 0.0572289156626506 0.11538461538461539
1 0.23493975903614459 0.26373626373626374 0.060240963855421686 0.08516483516483517
1 0.20481927710843373 0.5741758241758241 0.04819277108433735 0.0989010989010989
1 0.10090361445783133 0.6387362637362637 0.058734939759036146 0.08516483516483517
1 0.035391566265060244 0.8186813186813187 0.07078313253012049 0.08241758241758242
1 0.723644578313253 0.603021978021978 0.05271084337349398 0.09615384615384616
1 0.8637048192771084 0.7225274725274725 0.04969879518072289 0.09065934065934066
1 0.5120481927710844 0.9464285714285714 0.0572289156626506 0.06593406593406594
1 0.26731927710843373 0.8873626373626373 0.061746987951807226 0.10989010989010989