0 0.7921195652173914 0.5072115384615384 0.05570652173913043 0.08653846153846154
0 0.7520380434782609 0.7536057692307693 0.05570652173913043 0.11298076923076923
0 0.4273097826086957 0.28966346153846156 0.059782608695652176 0.11298076923076923
0 0.45720108695652173 0.6394230769230769 0.07744565217391304 0.14423076923076922
0 0.3070652173913043 0.7608173076923077 0.08559782608695653 0.12259615384615384
0 0.14402173913043478 0.6730769230769231 0.08152173913043478 0.14423076923076922
0 0.08627717391304347 0.6069711538461539 0.08831521739130435 0.12259615384615384
1 0.5135869565217391 0.8858173076923077 0.06385869565217392 0.11057692307692307
1 0.5889945652173914 0.8149038461538461 0.07336956521739131 0.14423076923076922
1 0.5774456521739131 0.4254807692307692 0.06793478260869565 0.1346153846153846
1 0.422554347826087 0.12379807692307693 0.057065217391304345 0.10336538461538461
1 0.13111413043478262 0.2800480769230769 0.08016304347826086 0.125
1 0.3804347826086957 0.6394230769230769 0.07065217391304347 0.11538461538461539
1 0.6399456521739131 0.5216346153846154 0.07608695652173914 0.11057692307692307
1 0.6807065217391305 0.4543269230769231 0.06385869565217392 0.11778846153846154