0 0.9236577181208053 0.1549079754601227 0.053691275167785234 0.1196319018404908
0 0.889261744966443 0.18865030674846625 0.07550335570469799 0.1165644171779141
0 0.7835570469798657 0.27300613496932513 0.06040268456375839 0.10736196319018405
0 0.674496644295302 0.30368098159509205 0.08053691275167785 0.12269938650306748
0 0.5100671140939598 0.21319018404907975 0.07550335570469799 0.12576687116564417
0 0.4983221476510067 0.34049079754601225 0.07550335570469799 0.13803680981595093
0 0.9756711409395973 0.46319018404907975 0.04865771812080537 0.12269938650306748
0 0.6191275167785235 0.808282208588957 0.07885906040268456 0.12269938650306748
0 0.639261744966443 0.9049079754601227 0.07046979865771812 0.10429447852760736
0 0.4924496644295302 0.950920245398773 0.07214765100671142 0.09815950920245399
1 0.8322147651006712 0.593558282208589 0.07718120805369127 0.13190184049079753
1 0.8548657718120806 0.4616564417177914 0.07046979865771812 0.11042944785276074
1 0.9530201342281879 0.3512269938650307 0.07046979865771812 0.12269938650306748
1 0.7407718120805369 0.07822085889570553 0.06375838926174497 0.09202453987730061
1 0.7156040268456376 0.1901840490797546 0.06208053691275168 0.11042944785276074
1 0.674496644295302 0.1441717791411043 0.06208053691275168 0.09815950920245399
1 0.32802013422818793 0.23006134969325154 0.0587248322147651 0.12883435582822086
1 0.27432885906040266 0.9861963190184049 0.06208053691275168 0.027607361963190184
1 0.8271812080536913 0.7914110429447853 0.06375838926174497 0.11349693251533742
1 0.8246644295302014 0.6871165644171779 0.08053691275167785 0.13496932515337423