0 0.5919354838709677 0.28714285714285714 0.07258064516129033 0.12
0 0.7645161290322581 0.8985714285714286 0.08225806451612903 0.12571428571428572
0 0.632258064516129 0.9314285714285714 0.06612903225806452 0.11142857142857143
0 0.6540322580645161 0.97 0.07903225806451612 0.06
0 0.02661290322580645 0.54 0.0532258064516129 0.11428571428571428
0 0.06451612903225806 0.4714285714285714 0.08709677419354839 0.13714285714285715
0 0.2467741935483871 0.27714285714285714 0.07903225806451612 0.13142857142857142
0 0.15806451612903225 0.15285714285714286 0.07419354838709677 0.12857142857142856
0 0.19274193548387097 0.07428571428571429 0.07419354838709677 0.12571428571428572
1 0.8927419354838709 0.6971428571428572 0.08387096774193549 0.14
1 0.38629032258064516 0.8242857142857143 0.08709677419354839 0.15428571428571428
1 0.4129032258064516 0.21714285714285714 0.07741935483870968 0.12857142857142856
1 0.35080645161290325 0.15285714285714286 0.07096774193548387 0.12285714285714286
1 0.325 0.2757142857142857 0.07741935483870968 0.1457142857142857
1 0.25161290322580643 0.3657142857142857 0.07741935483870968 0.12571428571428572
1 0.06290322580645161 0.32857142857142857 0.05967741935483871 0.10571428571428572
1 0.2064516129032258 0.6985714285714286 0.07903225806451612 0.14