0 0.4993169398907104 0.748792270531401 0.06557377049180328 0.12077294685990338
0 0.4685792349726776 0.49033816425120774 0.060109289617486336 0.10628019323671498
0 0.5280054644808743 0.4577294685990338 0.07513661202185792 0.13768115942028986
1 0.3312841530054645 0.11835748792270531 0.04644808743169399 0.07004830917874397
1 0.44193989071038253 0.11835748792270531 0.06557377049180328 0.12318840579710146
1 0.5266393442622951 0.14130434782608695 0.0778688524590164 0.13043478260869565
1 0.5710382513661202 0.04710144927536232 0.07377049180327869 0.09420289855072464
1 0.46174863387978143 0.20893719806763286 0.06967213114754098 0.12077294685990338
1 0.3989071038251366 0.24154589371980675 0.06557377049180328 0.1111111111111111
1 0.37636612021857924 0.5652173913043478 0.06967213114754098 0.12318840579710146
1 0.43101092896174864 0.8586956521739131 0.06284153005464481 0.11352657004830918