0 0.05716723549488054 0.8393939393939394 0.06655290102389079 0.12424242424242424
0 0.040955631399317405 0.5772727272727273 0.06996587030716724 0.12424242424242424
0 0.13225255972696245 0.33636363636363636 0.07337883959044368 0.12727272727272726
0 0.6203071672354948 0.8045454545454546 0.07679180887372014 0.10909090909090909
0 0.8327645051194539 0.6757575757575758 0.06655290102389079 0.14545454545454545
0 0.9010238907849829 0.6424242424242425 0.09897610921501707 0.16666666666666666
0 0.8191126279863481 0.013636363636363636 0.08191126279863481 0.02727272727272727
1 0.021331058020477817 0.3090909090909091 0.042662116040955635 0.09090909090909091
1 0.3395904436860068 0.22424242424242424 0.07508532423208192 0.12121212121212122
1 0.8276450511945392 0.2318181818181818 0.08532423208191127 0.1484848484848485
1 0.5614334470989761 0.6545454545454545 0.06655290102389079 0.11818181818181818
1 0.38054607508532423 0.8560606060606061 0.08873720136518772 0.1484848484848485
1 0.26535836177474403 0.9121212121212121 0.08361774744027303 0.13636363636363635