0 0.01447876447876448 0.4263698630136986 0.02895752895752896 0.11986301369863013
0 0.05405405405405406 0.5102739726027398 0.0888030888030888 0.1232876712328767
0 0.1361003861003861 0.5034246575342466 0.09266409266409266 0.14383561643835616
0 0.1891891891891892 0.5633561643835616 0.07915057915057915 0.136986301369863
0 0.3532818532818533 0.03595890410958904 0.0888030888030888 0.07191780821917808
0 0.6525096525096525 0.17123287671232876 0.08687258687258688 0.14726027397260275
0 0.8426640926640927 0.5924657534246576 0.07722007722007722 0.14726027397260275
1 0.41216216216216217 0.8116438356164384 0.1138996138996139 0.17123287671232876
1 0.11293436293436293 0.11301369863013698 0.07528957528957529 0.1095890410958904
1 0.14575289575289574 0.1952054794520548 0.08687258687258688 0.1267123287671233
1 0.2519305019305019 0.20376712328767124 0.09845559845559845 0.14726027397260275
1 0.4826254826254826 0.0684931506849315 0.08494208494208494 0.136986301369863
1 0.7152509652509652 0.23972602739726026 0.07915057915057915 0.15753424657534246
1 0.7702702702702703 0.22773972602739725 0.07722007722007722 0.11301369863013698