0 0.5058479532163743 0.18264248704663213 0.07309941520467836 0.13212435233160622
0 0.7353801169590644 0.12176165803108809 0.059941520467836254 0.06217616580310881
0 0.7200292397660819 0.3484455958549223 0.06871345029239766 0.13730569948186527
0 0.4057017543859649 0.3549222797927461 0.059941520467836254 0.09844559585492228
0 0.358187134502924 0.44041450777202074 0.05847953216374269 0.11398963730569948
0 0.3216374269005848 0.8082901554404145 0.059941520467836254 0.12435233160621761
0 0.6111111111111112 0.9507772020725389 0.08771929824561403 0.09844559585492228
1 0.3399122807017544 0.7512953367875648 0.059941520467836254 0.10880829015544041
1 0.4327485380116959 0.6748704663212435 0.06578947368421052 0.12435233160621761
1 0.39766081871345027 0.07901554404145078 0.05555555555555555 0.11139896373056994
1 0.6133040935672515 0.4417098445595855 0.08625730994152046 0.13989637305699482
1 0.6630116959064327 0.6968911917098446 0.07309941520467836 0.12953367875647667