0 0.03138075313807531 0.5666666666666667 0.06276150627615062 0.1037037037037037
0 0.06589958158995816 0.6703703703703704 0.10460251046025104 0.16296296296296298
0 0.19769874476987448 0.5851851851851851 0.1087866108786611 0.15925925925925927
0 0.6108786610878661 0.22037037037037038 0.08786610878661087 0.1814814814814815
0 0.5826359832635983 0.1037037037037037 0.08577405857740586 0.12962962962962962
1 0.1401673640167364 0.05555555555555555 0.08786610878661087 0.1111111111111111
1 0.07531380753138076 0.1962962962962963 0.100418410041841 0.13703703703703704
1 0.1809623430962343 0.1814814814814815 0.12343096234309624 0.17037037037037037
1 0.3880753138075314 0.053703703703703705 0.07740585774058577 0.10740740740740741
1 0.37552301255230125 0.16666666666666666 0.08158995815899582 0.16666666666666666
1 0.32426778242677823 0.8555555555555555 0.1087866108786611 0.17407407407407408