0 0.5830564784053156 0.43823529411764706 0.08471760797342193 0.13823529411764707
0 0.33637873754152825 0.27647058823529413 0.07475083056478406 0.10882352941176471
0 0.41362126245847175 0.8602941176470589 0.08471760797342193 0.17647058823529413
0 0.6976744186046512 0.9544117647058824 0.07308970099667775 0.09117647058823529
0 0.9584717607973422 0.4985294117647059 0.07973421926910298 0.1
0 0.9925249169435216 0.49117647058823527 0.014950166112956811 0.10588235294117647
1 0.8654485049833887 0.175 0.05149501661129568 0.09705882352941177
1 0.9642857142857143 0.8279411764705882 0.046511627906976744 0.13823529411764707
1 0.23255813953488372 0.5441176470588235 0.0664451827242525 0.11470588235294117
1 0.4368770764119601 0.29705882352941176 0.07641196013289037 0.12058823529411765
1 0.12956810631229235 0.7397058823529412 0.07807308970099668 0.11470588235294117
1 0.4950166112956811 0.9161764705882353 0.06976744186046512 0.1411764705882353
1 0.7034883720930233 0.8426470588235294 0.07973421926910298 0.1411764705882353