0 0.37789017341040465 0.10256410256410256 0.07514450867052024 0.12564102564102564
0 0.4819364161849711 0.2846153846153846 0.07369942196531792 0.13333333333333333
0 0.6856936416184971 0.5307692307692308 0.059248554913294796 0.1076923076923077
0 0.49783236994219654 0.6525641025641026 0.06358381502890173 0.16666666666666666
1 0.4067919075144509 0.06282051282051282 0.05202312138728324 0.08717948717948718
1 0.6495664739884393 0.4935897435897436 0.06502890173410404 0.11025641025641025
1 0.7911849710982659 0.6807692307692308 0.07225433526011561 0.11282051282051282
1 0.6835260115606936 0.7051282051282052 0.0708092485549133 0.10256410256410256
1 0.5130057803468208 0.8243589743589743 0.06936416184971098 0.1076923076923077
1 0.42991329479768786 0.65 0.06936416184971098 0.13333333333333333
1 0.3208092485549133 0.7243589743589743 0.07225433526011561 0.11794871794871795
1 0.684971098265896 0.6089743589743589 0.0708092485549133 0.13076923076923078