0 0.4966887417218543 0.03787878787878788 0.0728476821192053 0.07575757575757576
0 0.7715231788079471 0.5727272727272728 0.06788079470198675 0.14242424242424243
0 0.6465231788079471 0.48787878787878786 0.08443708609271523 0.1606060606060606
0 0.3923841059602649 0.6636363636363637 0.07119205298013245 0.12727272727272726
0 0.42632450331125826 0.27424242424242423 0.06788079470198675 0.13636363636363635
1 0.6605960264900662 0.15151515151515152 0.06291390728476821 0.12424242424242424
1 0.7591059602649006 0.38333333333333336 0.08112582781456953 0.15151515151515152
1 0.6639072847682119 0.8636363636363636 0.07947019867549669 0.15151515151515152
1 0.6324503311258278 0.9257575757575758 0.08443708609271523 0.13636363636363635
1 0.33195364238410596 0.6575757575757576 0.07450331125827815 0.1303030303030303
1 0.47433774834437087 0.32575757575757575 0.08609271523178808 0.1696969696969697
1 0.4552980132450331 0.23939393939393938 0.076158940397351 0.13636363636363635