0 0.6701612903225806 0.771551724137931 0.056451612903225805 0.10632183908045977
0 0.6967741935483871 0.2025862068965517 0.06451612903225806 0.09482758620689655
0 0.41854838709677417 0.4339080459770115 0.06774193548387097 0.08620689655172414
0 0.36612903225806454 0.7758620689655172 0.054838709677419356 0.10057471264367816
0 0.3411290322580645 0.8405172413793104 0.04516129032258064 0.09482758620689655
0 0.5951612903225807 0.7830459770114943 0.04838709677419355 0.09770114942528736
1 0.4241935483870968 0.5258620689655172 0.06451612903225806 0.10919540229885058
1 0.3556451612903226 0.2442528735632184 0.054838709677419356 0.08908045977011494
1 0.6903225806451613 0.5689655172413793 0.05967741935483871 0.11781609195402298
1 0.6862903225806452 0.9468390804597702 0.043548387096774194 0.08620689655172414
1 0.4532258064516129 0.9324712643678161 0.056451612903225805 0.11494252873563218