0 0.6176948051948052 0.22916666666666666 0.08928571428571429 0.16666666666666666
0 0.538961038961039 0.6130952380952381 0.07142857142857142 0.125
0 0.5941558441558441 0.6636904761904762 0.08441558441558442 0.15178571428571427
0 0.836038961038961 0.43898809523809523 0.07954545454545454 0.13392857142857142
0 0.20616883116883117 0.9806547619047619 0.07467532467532467 0.03869047619047619
0 0.15503246753246752 0.9419642857142857 0.0762987012987013 0.11607142857142858
0 0.21672077922077923 0.6324404761904762 0.08766233766233766 0.15178571428571427
0 0.29464285714285715 0.25148809523809523 0.09740259740259741 0.16964285714285715
1 0.01461038961038961 0.6785714285714286 0.02922077922077922 0.1488095238095238
1 0.03814935064935065 0.7619047619047619 0.07467532467532467 0.12797619047619047
1 0.07711038961038962 0.5401785714285714 0.07954545454545454 0.15773809523809523
1 0.7215909090909091 0.4255952380952381 0.07954545454545454 0.14583333333333334
1 0.864448051948052 0.6116071428571429 0.06818181818181818 0.11011904761904762
1 0.7061688311688312 0.7604166666666666 0.07305194805194805 0.11904761904761904
1 0.3912337662337662 0.9047619047619048 0.07954545454545454 0.14285714285714285