0 0.2451657458563536 0.3137254901960784 0.04005524861878453 0.07352941176470588
0 0.6098066298342542 0.2659313725490196 0.04834254143646409 0.10049019607843138
0 0.8542817679558011 0.7120098039215687 0.09530386740331492 0.10049019607843138
0 0.7651933701657458 0.8419117647058824 0.058011049723756904 0.09068627450980392
0 0.7161602209944752 0.821078431372549 0.07458563535911603 0.09313725490196079
0 0.17541436464088397 0.7879901960784313 0.05662983425414365 0.0857843137254902
0 0.22513812154696133 0.7107843137254902 0.07458563535911603 0.08823529411764706
0 0.2292817679558011 0.4227941176470588 0.052486187845303865 0.07352941176470588
0 0.39779005524861877 0.3137254901960784 0.06906077348066299 0.0784313725490196
1 0.3446132596685083 0.8223039215686274 0.07320441988950276 0.125
1 0.5179558011049724 0.8455882352941176 0.0649171270718232 0.10784313725490197
1 0.9419889502762431 0.7794117647058824 0.062154696132596686 0.10294117647058823
1 0.8977900552486188 0.4803921568627451 0.06629834254143646 0.10784313725490197
1 0.4633977900552486 0.3075980392156863 0.04834254143646409 0.0784313725490196
1 0.38535911602209943 0.5686274509803921 0.0718232044198895 0.0784313725490196
1 0.2893646408839779 0.49387254901960786 0.07458563535911603 0.07352941176470588
1 0.36256906077348067 0.32107843137254904 0.04005524861878453 0.07352941176470588