0 0.31435643564356436 0.7046783625730995 0.054455445544554455 0.11403508771929824
0 0.4570957095709571 0.2719298245614035 0.056105610561056105 0.09649122807017543
0 0.5 0.5921052631578947 0.06105610561056106 0.1111111111111111
0 0.2268976897689769 0.6549707602339181 0.026402640264026403 0.07017543859649122
1 0.26485148514851486 0.8771929824561403 0.06435643564356436 0.11403508771929824
1 0.349009900990099 0.3713450292397661 0.05115511551155116 0.11988304093567251
1 0.334983498349835 0.21198830409356725 0.052805280528052806 0.1023391812865497
1 0.3943894389438944 0.24415204678362573 0.05115511551155116 0.1023391812865497
1 0.5264026402640264 0.1739766081871345 0.057755775577557754 0.10818713450292397
1 0.5932343234323433 0.19736842105263158 0.057755775577557754 0.11695906432748537
1 0.6716171617161716 0.3201754385964912 0.06435643564356436 0.12573099415204678