0 0.06505576208178439 0.4602649006622517 0.08364312267657993 0.1490066225165563
0 0.08921933085501858 0.3443708609271523 0.08178438661710037 0.1390728476821192
0 0.36895910780669144 0.7566225165562914 0.08364312267657993 0.15894039735099338
0 0.775092936802974 0.30960264900662254 0.0762081784386617 0.1291390728476821
0 0.4256505576208178 0.5827814569536424 0.08178438661710037 0.1456953642384106
0 0.5343866171003717 0.1357615894039735 0.07063197026022305 0.11589403973509933
1 0.6960966542750929 0.5215231788079471 0.08736059479553904 0.13245033112582782
1 0.41728624535315983 0.8741721854304636 0.07806691449814127 0.1423841059602649
1 0.19888475836431227 0.4056291390728477 0.07992565055762081 0.1390728476821192
1 0.21468401486988847 0.11920529801324503 0.08550185873605948 0.1423841059602649
1 0.29739776951672864 0.018211920529801324 0.07063197026022305 0.03642384105960265
1 0.362453531598513 0.2764900662251656 0.07992565055762081 0.13245033112582782
1 0.22397769516728624 0.6506622516556292 0.09665427509293681 0.17218543046357615
1 0.3745353159851301 0.1837748344370861 0.07992565055762081 0.13245033112582782