0 0.2041522491349481 0.9683544303797469 0.07958477508650519 0.06329113924050633
0 0.3788927335640138 0.22784810126582278 0.07439446366782007 0.12974683544303797
0 0.5986159169550173 0.7879746835443038 0.06747404844290658 0.10759493670886076
0 0.6176470588235294 0.8908227848101266 0.07612456747404844 0.10126582278481013
0 0.9705882352941176 0.435126582278481 0.058823529411764705 0.11075949367088607
0 0.8572664359861591 0.5585443037974683 0.0847750865051903 0.12974683544303797
0 0.7076124567474048 0.12183544303797468 0.09169550173010381 0.11075949367088607
0 0.9186851211072664 0.14240506329113925 0.06747404844290658 0.10759493670886076
0 0.8339100346020761 0.17088607594936708 0.07093425605536333 0.07278481012658228
1 0.972318339100346 0.7310126582278481 0.05536332179930796 0.0949367088607595
1 0.6660899653979239 0.31329113924050633 0.06747404844290658 0.12025316455696203
1 0.8728373702422145 0.36550632911392406 0.06747404844290658 0.08227848101265822
1 0.907439446366782 0.4462025316455696 0.08304498269896193 0.10443037974683544
1 0.4688581314878893 0.9541139240506329 0.07439446366782007 0.0759493670886076
1 0.7897923875432526 0.7816455696202531 0.058823529411764705 0.0949367088607595
1 0.06055363321799308 0.7231012658227848 0.06747404844290658 0.12341772151898735
1 0.7577854671280276 0.08386075949367089 0.05536332179930796 0.08544303797468354