0 0.7150145772594753 0.1622340425531915 0.05539358600583091 0.12234042553191489
0 0.3432944606413994 0.13962765957446807 0.0641399416909621 0.13031914893617022
0 0.4518950437317784 0.25 0.06851311953352769 0.13297872340425532
0 0.5306122448979592 0.6622340425531915 0.05830903790087463 0.10372340425531915
0 0.6552478134110787 0.4002659574468085 0.052478134110787174 0.11702127659574468
0 0.2725947521865889 0.7938829787234043 0.061224489795918366 0.09574468085106383
0 0.23396501457725946 0.8138297872340425 0.056851311953352766 0.09308510638297872
1 0.5663265306122449 0.05053191489361702 0.04518950437317784 0.08776595744680851
1 0.4263848396501458 0.057180851063829786 0.06559766763848396 0.11436170212765957
1 0.303935860058309 0.44148936170212766 0.0641399416909621 0.125
1 0.2981049562682216 0.5146276595744681 0.0728862973760933 0.10372340425531915
1 0.22740524781341107 0.5199468085106383 0.05393586005830904 0.10904255319148937
1 0.5670553935860059 0.7327127659574468 0.06268221574344024 0.10106382978723404
1 0.60932944606414 0.3696808510638298 0.06851311953352769 0.14361702127659576
1 0.6516034985422741 0.34441489361702127 0.0641399416909621 0.11170212765957446