0 0.36929460580912865 0.11397058823529412 0.09336099585062241 0.14338235294117646
0 0.6970954356846473 0.04779411764705882 0.07468879668049792 0.09558823529411764
0 0.8744813278008299 0.6341911764705882 0.08506224066390042 0.14705882352941177
0 0.8195020746887967 0.7683823529411765 0.08506224066390042 0.11029411764705882
0 0.9688796680497925 0.65625 0.06224066390041494 0.12867647058823528
1 0.5477178423236515 0.8639705882352942 0.08298755186721991 0.13970588235294118
1 0.5715767634854771 0.058823529411764705 0.06846473029045644 0.11764705882352941
1 0.8931535269709544 0.016544117647058824 0.06846473029045644 0.03308823529411765
1 0.9574688796680498 0.22426470588235295 0.06016597510373444 0.09558823529411764
1 0.9128630705394191 0.2959558823529412 0.08091286307053942 0.09558823529411764
1 0.7956431535269709 0.25735294117647056 0.0912863070539419 0.11397058823529412
1 0.19398340248962656 0.08823529411764706 0.08091286307053942 0.06985294117647059