0 0.19811320754716982 0.6040462427745664 0.08176100628930817 0.11849710982658959
0 0.2248427672955975 0.7514450867052023 0.07075471698113207 0.10982658959537572
0 0.27437106918238996 0.6632947976878613 0.0770440251572327 0.1329479768786127
0 0.5133647798742138 0.6705202312138728 0.0770440251572327 0.1416184971098266
0 0.7806603773584906 0.3598265895953757 0.06918238993710692 0.10404624277456648
0 0.8404088050314465 0.29624277456647397 0.0880503144654088 0.1329479768786127
0 0.9331761006289309 0.2138728323699422 0.07389937106918239 0.11560693641618497
1 0.03459119496855346 0.3583815028901734 0.06918238993710692 0.12716763005780346
1 0.4080188679245283 0.8959537572254336 0.0660377358490566 0.10404624277456648
1 0.28537735849056606 0.958092485549133 0.06761006289308176 0.0838150289017341
1 0.6863207547169812 0.5823699421965318 0.07389937106918239 0.11849710982658959
1 0.8718553459119497 0.5 0.07389937106918239 0.10982658959537572
1 0.6281446540880503 0.17485549132947978 0.07075471698113207 0.12138728323699421
1 0.5448113207547169 0.10404624277456648 0.07075471698113207 0.1329479768786127
1 0.914308176100629 0.03757225433526012 0.07389937106918239 0.07514450867052024