0 0.7657593123209169 0.2486910994764398 0.06303724928366762 0.09424083769633508
0 0.502865329512894 0.2709424083769634 0.055873925501432664 0.07853403141361257
0 0.5737822349570201 0.5196335078534031 0.05730659025787966 0.08900523560209424
0 0.42406876790830944 0.3769633507853403 0.05300859598853868 0.09947643979057591
0 0.8889684813753582 0.3390052356020942 0.06876790830945559 0.10209424083769633
0 0.41045845272206305 0.6649214659685864 0.05873925501432665 0.11518324607329843
0 0.20988538681948424 0.8534031413612565 0.06160458452722063 0.07329842931937172
0 0.3553008595988539 0.943717277486911 0.07593123209169055 0.10209424083769633
0 0.5530085959885387 0.8887434554973822 0.05730659025787966 0.10209424083769633
0 0.7335243553008596 0.7971204188481675 0.07449856733524356 0.11780104712041885
1 0.28653295128939826 0.32722513089005234 0.054441260744985676 0.0968586387434555
1 0.12535816618911175 0.6230366492146597 0.06017191977077364 0.112565445026178
1 0.18481375358166188 0.8992146596858639 0.05873925501432665 0.112565445026178
1 0.3868194842406877 0.8992146596858639 0.06017191977077364 0.10209424083769633
1 0.6318051575931232 0.6976439790575916 0.06446991404011461 0.112565445026178
1 0.7951289398280802 0.8507853403141361 0.03724928366762178 0.1099476439790576
1 0.7736389684813754 0.5431937172774869 0.06017191977077364 0.112565445026178
1 0.47349570200573066 0.337696335078534 0.05300859598853868 0.09947643979057591
1 0.6919770773638968 0.34424083769633507 0.06017191977077364 0.09947643979057591
1 0.6404011461318052 0.09554973821989529 0.04871060171919771 0.08900523560209424