0 0.6243315508021391 0.4727488151658768 0.04946524064171123 0.0924170616113744
0 0.554144385026738 0.6149289099526066 0.05080213903743316 0.0971563981042654
0 0.5193850267379679 0.6682464454976303 0.053475935828877004 0.11137440758293839
0 0.5053475935828877 0.5675355450236966 0.05080213903743316 0.13033175355450238
0 0.23997326203208555 0.14928909952606634 0.05213903743315508 0.07582938388625593
0 0.1497326203208556 0.4324644549763033 0.06149732620320856 0.09004739336492891
0 0.08422459893048129 0.7962085308056872 0.05748663101604278 0.06872037914691943
1 0.767379679144385 0.37796208530805686 0.04946524064171123 0.0947867298578199
1 0.7439839572192514 0.6244075829383886 0.04679144385026738 0.09004739336492891
1 0.3362299465240642 0.6516587677725119 0.04946524064171123 0.0971563981042654
1 0.3669786096256685 0.8720379146919431 0.05481283422459893 0.08293838862559241
1 0.3997326203208556 0.2037914691943128 0.04411764705882353 0.0947867298578199
1 0.22994652406417113 0.35071090047393366 0.06951871657754011 0.052132701421800945
1 0.10762032085561497 0.5402843601895735 0.07754010695187166 0.0995260663507109