0 0.3425632911392405 0.22965116279069767 0.06329113924050633 0.1308139534883721
0 0.33069620253164556 0.4738372093023256 0.061708860759493674 0.13953488372093023
0 0.6194620253164557 0.36191860465116277 0.056962025316455694 0.10465116279069768
0 0.5973101265822784 0.43023255813953487 0.061708860759493674 0.1308139534883721
1 0.5814873417721519 0.05232558139534884 0.055379746835443035 0.10465116279069768
1 0.5949367088607594 0.029069767441860465 0.060126582278481014 0.05813953488372093
1 0.2650316455696203 0.2863372093023256 0.05221518987341772 0.11627906976744186
1 0.2721518987341772 0.7369186046511628 0.061708860759493674 0.14244186046511628
1 0.3299050632911392 0.8343023255813954 0.0680379746835443 0.14825581395348839
1 0.6400316455696202 0.7238372093023255 0.0680379746835443 0.11046511627906977
1 0.7935126582278481 0.8226744186046512 0.03639240506329114 0.11337209302325581