0 0.5073924731182796 0.9773809523809524 0.0846774193548387 0.04523809523809524
0 0.30510752688172044 0.7964285714285714 0.05913978494623656 0.10952380952380952
0 0.3904569892473118 0.49404761904761907 0.06854838709677419 0.12380952380952381
0 0.5692204301075269 0.039285714285714285 0.05779569892473118 0.07857142857142857
0 0.605510752688172 0.05238095238095238 0.04032258064516129 0.06666666666666667
0 0.605510752688172 0.22738095238095238 0.08198924731182795 0.14523809523809525
1 0.7997311827956989 0.35714285714285715 0.0739247311827957 0.1357142857142857
1 0.7540322580645161 0.35119047619047616 0.0739247311827957 0.14285714285714285
1 0.5006720430107527 0.22976190476190475 0.06048387096774194 0.1
1 0.48051075268817206 0.2726190476190476 0.05779569892473118 0.09285714285714286
1 0.31586021505376344 0.49642857142857144 0.06048387096774194 0.10714285714285714
1 0.25268817204301075 0.48928571428571427 0.05779569892473118 0.1