0 0.1971299093655589 0.7727272727272727 0.10725075528700906 0.15775401069518716
0 0.08610271903323263 0.5614973262032086 0.09214501510574018 0.14171122994652408
0 0.31344410876132933 0.2700534759358289 0.061933534743202415 0.11764705882352941
0 0.525679758308157 0.356951871657754 0.06797583081570997 0.10427807486631016
0 0.5755287009063444 0.4505347593582888 0.05891238670694864 0.10962566844919786
0 0.6404833836858006 0.5975935828877005 0.0755287009063444 0.15240641711229946
0 0.5521148036253777 0.9772727272727273 0.08308157099697885 0.045454545454545456
1 0.03172205438066465 0.6377005347593583 0.0634441087613293 0.13101604278074866
1 0.13821752265861026 0.34759358288770054 0.06948640483383686 0.10160427807486631
1 0.1555891238670695 0.26737967914438504 0.06797583081570997 0.11764705882352941
1 0.35347432024169184 0.3141711229946524 0.06948640483383686 0.11497326203208556
1 0.3942598187311178 0.4839572192513369 0.06646525679758308 0.13101604278074866
1 0.7477341389728097 0.4679144385026738 0.07250755287009064 0.12032085561497326
1 0.5249244712990937 0.8221925133689839 0.08610271903323263 0.1657754010695187
1 0.3632930513595166 0.893048128342246 0.07250755287009064 0.12299465240641712