0 0.8924528301886793 0.07931034482758621 0.07735849056603773 0.13793103448275862
0 0.6377358490566037 0.8344827586206897 0.09811320754716982 0.16206896551724137
0 0.10377358490566038 0.7586206896551724 0.08113207547169811 0.14482758620689656
0 0.12075471698113208 0.6689655172413793 0.09056603773584905 0.16551724137931034
0 0.12924528301886792 0.5758620689655173 0.08679245283018867 0.16551724137931034
1 0.7075471698113207 0.15517241379310345 0.0660377358490566 0.12758620689655173
1 0.8594339622641509 0.5327586206896552 0.06981132075471698 0.13448275862068965
1 0.05660377358490566 0.7034482758620689 0.0830188679245283 0.15172413793103448
1 0.3424528301886792 0.4724137931034483 0.08113207547169811 0.13793103448275862
1 0.17641509433962263 0.21379310344827587 0.07358490566037736 0.10689655172413794
1 0.11037735849056604 0.25862068965517243 0.07735849056603773 0.11379310344827587
1 0.07924528301886792 0.5396551724137931 0.06415094339622641 0.1103448275862069