0 0.7883386581469649 0.4758522727272727 0.06389776357827476 0.08238636363636363
0 0.7835463258785943 0.3465909090909091 0.04472843450479233 0.07670454545454546
0 0.3746006389776358 0.2471590909090909 0.05910543130990415 0.12215909090909091
0 0.38578274760383385 0.7613636363636364 0.06230031948881789 0.10511363636363637
0 0.22364217252396165 0.3508522727272727 0.0670926517571885 0.08806818181818182
0 0.052715654952076675 0.22017045454545456 0.05591054313099041 0.06818181818181818
0 0.02875399361022364 0.24857954545454544 0.039936102236421724 0.08238636363636363
0 0.18849840255591055 0.6576704545454546 0.07827476038338659 0.08806818181818182
0 0.23162939297124602 0.8039772727272727 0.06869009584664537 0.12215909090909091
1 0.6150159744408946 0.3039772727272727 0.05910543130990415 0.08238636363636363
1 0.5662939297124601 0.2627840909090909 0.05750798722044728 0.07670454545454546
1 0.8146964856230032 0.7798295454545454 0.07348242811501597 0.07954545454545454
1 0.5750798722044729 0.9048295454545454 0.06070287539936102 0.10511363636363637
1 0.3059105431309904 0.6917613636363636 0.06389776357827476 0.09375
1 0.027955271565495207 0.6306818181818182 0.05591054313099041 0.09659090909090909
1 0.05990415335463259 0.31676136363636365 0.08146964856230032 0.10795454545454546
1 0.1110223642172524 0.029829545454545456 0.05910543130990415 0.05965909090909091