0 0.6035031847133758 0.06578947368421052 0.04617834394904458 0.09064327485380116
0 0.6695859872611465 0.41228070175438597 0.04936305732484077 0.09941520467836257
0 0.7388535031847133 0.47953216374269003 0.06369426751592357 0.11988304093567251
0 0.5374203821656051 0.47076023391812866 0.05732484076433121 0.09941520467836257
0 0.3638535031847134 0.2982456140350877 0.05573248407643312 0.10818713450292397
0 0.38057324840764334 0.24269005847953215 0.04777070063694268 0.08771929824561403
0 0.46576433121019106 0.05555555555555555 0.052547770700636945 0.1023391812865497
1 0.7396496815286624 0.08625730994152046 0.041401273885350316 0.06725146198830409
1 0.6640127388535032 0.06140350877192982 0.05732484076433121 0.06140350877192982
1 0.5971337579617835 0.4605263157894737 0.052547770700636945 0.10526315789473684
1 0.5469745222929936 0.12280701754385964 0.06210191082802548 0.1286549707602339
1 0.48328025477707004 0.40350877192982454 0.04936305732484077 0.11403508771929824
1 0.37101910828025475 0.6111111111111112 0.04936305732484077 0.08187134502923976