0 0.10888252148997135 0.21204188481675393 0.054441260744985676 0.09947643979057591
0 0.15329512893982808 0.19240837696335078 0.05873925501432665 0.09947643979057591
0 0.1683381088825215 0.3075916230366492 0.05873925501432665 0.09947643979057591
0 0.28581661891117477 0.46727748691099474 0.05157593123209169 0.09162303664921466
0 0.39255014326647564 0.731675392670157 0.05730659025787966 0.09947643979057591
0 0.3846704871060172 0.8586387434554974 0.06876790830945559 0.12303664921465969
0 0.4828080229226361 0.581151832460733 0.05873925501432665 0.1099476439790576
0 0.5 0.25654450261780104 0.06160458452722063 0.1099476439790576
0 0.4691977077363897 0.2526178010471204 0.05157593123209169 0.09424083769633508
0 0.3502865329512894 0.27486910994764396 0.05873925501432665 0.10471204188481675
1 0.21991404011461319 0.6596858638743456 0.050143266475644696 0.08638743455497382
1 0.24641833810888253 0.5418848167539267 0.054441260744985676 0.1099476439790576
1 0.4484240687679083 0.6570680628272252 0.05873925501432665 0.10471204188481675
1 0.336676217765043 0.418848167539267 0.07306590257879657 0.1256544502617801
1 0.4835243553008596 0.4738219895287958 0.06303724928366762 0.10209424083769633
1 0.6239255014326648 0.42408376963350786 0.04871060171919771 0.09424083769633508
1 0.3237822349570201 0.10340314136125654 0.05157593123209169 0.0968586387434555
1 0.2342406876790831 0.017015706806282723 0.05300859598853868 0.034031413612565446
1 0.15257879656160458 0.5536649214659686 0.05300859598853868 0.08900523560209424
1 0.052292263610315186 0.43717277486910994 0.05873925501432665 0.08900523560209424