0 0.9584717607973422 0.4073529411764706 0.08305647840531562 0.14411764705882352
0 0.8629568106312292 0.6426470588235295 0.10963455149501661 0.17058823529411765
0 0.7375415282392026 0.08088235294117647 0.07807308970099668 0.1323529411764706
0 0.49916943521594687 0.17647058823529413 0.07308970099667775 0.11470588235294117
0 0.45099667774086377 0.28088235294117647 0.08471760797342193 0.1323529411764706
0 0.3853820598006645 0.34558823529411764 0.09800664451827243 0.16176470588235295
0 0.29069767441860467 0.9147058823529411 0.08139534883720931 0.15588235294117647
0 0.4676079734219269 0.9220588235294118 0.09302325581395349 0.15294117647058825
1 0.25332225913621265 0.3014705882352941 0.07308970099667775 0.12352941176470589
1 0.5240863787375415 0.7058823529411765 0.09800664451827243 0.17647058823529413
1 0.686046511627907 0.7720588235294118 0.08471760797342193 0.15294117647058825
1 0.9269102990033222 0.1588235294117647 0.07475083056478406 0.10588235294117647
1 0.9102990033222591 0.07647058823529412 0.07142857142857142 0.10882352941176471
1 0.6885382059800664 0.13529411764705881 0.08471760797342193 0.15588235294117647
1 0.6461794019933554 0.3088235294117647 0.08305647840531562 0.1588235294117647