0 0.4522849462365591 0.9666666666666667 0.05779569892473118 0.06666666666666667
0 0.3635752688172043 0.925 0.04032258064516129 0.05238095238095238
0 0.3172043010752688 0.8571428571428571 0.05779569892473118 0.09285714285714286
0 0.4495967741935484 0.2988095238095238 0.06989247311827956 0.12380952380952381
0 0.6720430107526881 0.11904761904761904 0.04973118279569892 0.07142857142857142
0 0.6283602150537635 0.20595238095238094 0.0739247311827957 0.1357142857142857
0 0.7701612903225806 0.375 0.06989247311827956 0.11666666666666667
1 0.38776881720430106 0.544047619047619 0.053763440860215055 0.09761904761904762
1 0.36626344086021506 0.6261904761904762 0.05241935483870968 0.10238095238095238
1 0.4435483870967742 0.6976190476190476 0.06720430107526881 0.12142857142857143
1 0.6088709677419355 0.8857142857142857 0.06048387096774194 0.10714285714285714
1 0.6619623655913979 0.6845238095238095 0.06720430107526881 0.10952380952380952
1 0.6344086021505376 0.5345238095238095 0.0739247311827957 0.1380952380952381
1 0.7936827956989247 0.2833333333333333 0.06586021505376344 0.12857142857142856