0 0.29233226837060705 0.09375 0.0670926517571885 0.11931818181818182
0 0.5119808306709265 0.234375 0.07667731629392971 0.11931818181818182
0 0.5415335463258786 0.33948863636363635 0.07348242811501597 0.11931818181818182
0 0.6884984025559105 0.5880681818181818 0.07827476038338659 0.13920454545454544
0 0.689297124600639 0.9744318181818182 0.07507987220447285 0.05113636363636364
0 0.49121405750798725 0.9389204545454546 0.07827476038338659 0.12215909090909091
0 0.02476038338658147 0.3380681818181818 0.04952076677316294 0.13636363636363635
0 0.134185303514377 0.6036931818181818 0.1182108626198083 0.17897727272727273
1 0.1062300319488818 0.06676136363636363 0.07507987220447285 0.13352272727272727
1 0.3354632587859425 0.13636363636363635 0.07507987220447285 0.13920454545454544
1 0.34105431309904155 0.2599431818181818 0.0878594249201278 0.14772727272727273
1 0.7707667731629393 0.3963068181818182 0.08306709265175719 0.14772727272727273
1 0.4728434504792332 0.7727272727272727 0.10063897763578275 0.17329545454545456
1 0.3027156549520767 0.7528409090909091 0.09584664536741214 0.16761363636363635
1 0.17891373801916932 0.484375 0.07827476038338659 0.15625