0 0.8364093959731543 0.6211656441717791 0.08892617449664429 0.15950920245398773
0 0.17533557046979867 0.6579754601226994 0.08892617449664429 0.147239263803681
0 0.3850671140939597 0.7822085889570553 0.08892617449664429 0.15030674846625766
0 0.575503355704698 0.5015337423312883 0.08221476510067115 0.15337423312883436
0 0.5167785234899329 0.43558282208588955 0.09563758389261745 0.17177914110429449
0 0.36577181208053694 0.38650306748466257 0.08221476510067115 0.1411042944785276
1 0.19714765100671142 0.40644171779141103 0.087248322147651 0.147239263803681
1 0.3162751677852349 0.5674846625766872 0.087248322147651 0.1441717791411043
1 0.4186241610738255 0.691717791411043 0.08557046979865772 0.1441717791411043
1 0.4429530201342282 0.946319018404908 0.08053691275167785 0.10736196319018405
1 0.3296979865771812 0.7638036809815951 0.08221476510067115 0.15950920245398773
1 0.9672818791946308 0.75920245398773 0.06543624161073826 0.13803680981595093