0 0.33075601374570446 0.18081761006289307 0.06013745704467354 0.11006289308176101
0 0.36855670103092786 0.22169811320754718 0.061855670103092786 0.1289308176100629
0 0.5060137457044673 0.6022012578616353 0.07731958762886598 0.14150943396226415
0 0.6503436426116839 0.8301886792452831 0.061855670103092786 0.11320754716981132
0 0.6950171821305842 0.8034591194968553 0.054982817869415807 0.1069182389937107
0 0.5446735395189003 0.24528301886792453 0.06701030927835051 0.14779874213836477
0 0.6958762886597938 0.0110062893081761 0.06872852233676977 0.0220125786163522
1 0.37199312714776633 0.5770440251572327 0.06529209621993128 0.11949685534591195
1 0.44501718213058417 0.21855345911949686 0.08419243986254296 0.14150943396226415
1 0.7156357388316151 0.4339622641509434 0.08934707903780069 0.16037735849056603
1 0.7310996563573883 0.2672955974842767 0.061855670103092786 0.1509433962264151