0 0.5254934210526315 0.8478915662650602 0.0805921052631579 0.18072289156626506
0 0.30838815789473684 0.8102409638554217 0.07236842105263158 0.14457831325301204
0 0.3651315789473684 0.8087349397590361 0.07236842105263158 0.1686746987951807
0 0.29769736842105265 0.36596385542168675 0.07401315789473684 0.14759036144578314
0 0.3125 0.21686746987951808 0.06743421052631579 0.1355421686746988
0 0.34868421052631576 0.04969879518072289 0.08881578947368421 0.09939759036144578
0 0.43667763157894735 0.6174698795180723 0.08552631578947369 0.18072289156626506
0 0.8100328947368421 0.2575301204819277 0.06743421052631579 0.1566265060240964
1 0.6381578947368421 0.6867469879518072 0.06743421052631579 0.12951807228915663
1 0.6019736842105263 0.9804216867469879 0.06578947368421052 0.0391566265060241
1 0.2944078947368421 0.4789156626506024 0.06085526315789474 0.12951807228915663
1 0.2393092105263158 0.7123493975903614 0.07072368421052631 0.12650602409638553
1 0.43832236842105265 0.03614457831325301 0.06743421052631579 0.07228915662650602