0 0.8107255520504731 0.8045977011494253 0.0694006309148265 0.08620689655172414
0 0.9148264984227129 0.3505747126436782 0.05362776025236593 0.07183908045977011
0 0.5788643533123028 0.26580459770114945 0.0694006309148265 0.08333333333333333
0 0.48264984227129337 0.3045977011494253 0.055205047318611984 0.10344827586206896
0 0.2862776025236593 0.05316091954022988 0.06466876971608833 0.10632183908045977
0 0.17350157728706625 0.1968390804597701 0.06309148264984227 0.08333333333333333
0 0.17586750788643532 0.4051724137931034 0.061514195583596214 0.09482758620689655
0 0.277602523659306 0.8994252873563219 0.0694006309148265 0.10344827586206896
0 0.07807570977917981 0.7385057471264368 0.0583596214511041 0.07183908045977011
1 0.748422712933754 0.3261494252873563 0.056782334384858045 0.09770114942528736
1 0.7981072555205048 0.5316091954022989 0.06624605678233439 0.08620689655172414
1 0.6624605678233438 0.3132183908045977 0.0473186119873817 0.10344827586206896
1 0.5047318611987381 0.6336206896551724 0.07570977917981073 0.08333333333333333
1 0.43375394321766564 0.2744252873563218 0.05993690851735016 0.1206896551724138
1 0.05362776025236593 0.1824712643678161 0.055205047318611984 0.10344827586206896
1 0.29258675078864355 0.015804597701149427 0.061514195583596214 0.031609195402298854
1 0.026025236593059938 0.4827586206896552 0.052050473186119876 0.08620689655172414
1 0.08990536277602523 0.7945402298850575 0.07728706624605679 0.10057471264367816