0 0.6474926253687315 0.5641361256544503 0.07227138643067847 0.11780104712041885
0 0.5582595870206489 0.7054973821989529 0.08997050147492626 0.14136125654450263
0 0.799410029498525 0.20026178010471204 0.07669616519174041 0.12303664921465969
0 0.46017699115044247 0.3730366492146597 0.0855457227138643 0.14921465968586387
0 0.37610619469026546 0.4201570680628272 0.07817109144542773 0.12303664921465969
0 0.37168141592920356 0.3075916230366492 0.05457227138643068 0.10209424083769633
0 0.1733038348082596 0.7107329842931938 0.07374631268436578 0.12303664921465969
0 0.5685840707964602 0.8835078534031413 0.07964601769911504 0.14397905759162305
1 0.9026548672566371 0.43324607329842935 0.06637168141592921 0.10209424083769633
1 0.8967551622418879 0.4986910994764398 0.07817109144542773 0.13350785340314136
1 0.7625368731563422 0.743455497382199 0.07669616519174041 0.14136125654450263
1 0.6592920353982301 0.32460732984293195 0.07964601769911504 0.14397905759162305
1 0.5877581120943953 0.19633507853403143 0.0752212389380531 0.12303664921465969
1 0.46533923303834807 0.5837696335078534 0.07817109144542773 0.12041884816753927
1 0.525811209439528 0.9293193717277487 0.07817109144542773 0.14136125654450263
1 0.32374631268436577 0.7094240837696335 0.06932153392330384 0.12827225130890052
1 0.24778761061946902 0.31151832460732987 0.05457227138643068 0.09947643979057591