0 0.23367697594501718 0.34591194968553457 0.08419243986254296 0.1509433962264151
0 0.0506872852233677 0.8286163522012578 0.07388316151202749 0.14150943396226415
0 0.43127147766323026 0.9009433962264151 0.09450171821305842 0.16037735849056603
0 0.45017182130584193 0.9528301886792453 0.0859106529209622 0.09433962264150944
0 0.6245704467353952 0.08333333333333333 0.0859106529209622 0.16037735849056603
0 0.31099656357388317 0.3443396226415094 0.07216494845360824 0.13522012578616352
0 0.7594501718213058 0.2641509433962264 0.10309278350515463 0.1761006289308176
1 0.9596219931271478 0.2783018867924528 0.08075601374570447 0.14779874213836477
1 0.7800687285223368 0.6289308176100629 0.0859106529209622 0.14150943396226415
1 0.5807560137457045 0.5566037735849056 0.09278350515463918 0.16352201257861634
1 0.4725085910652921 0.3757861635220126 0.09106529209621993 0.16981132075471697
1 0.46649484536082475 0.11949685534591195 0.09106529209621993 0.16666666666666666
1 0.6262886597938144 0.9150943396226415 0.07388316151202749 0.11006289308176101