0 0.7001748251748252 0.19875776397515527 0.08041958041958042 0.12422360248447205
0 0.6520979020979021 0.15217391304347827 0.06293706293706294 0.10248447204968944
0 0.9868881118881119 0.5885093167701864 0.026223776223776224 0.09627329192546584
0 0.9125874125874126 0.6754658385093167 0.06818181818181818 0.10248447204968944
0 0.8208041958041958 0.7080745341614907 0.08216783216783216 0.12732919254658384
0 0.3068181818181818 0.9565217391304348 0.06818181818181818 0.08695652173913043
1 0.9248251748251748 0.28726708074534163 0.07342657342657342 0.09937888198757763
1 0.8802447552447552 0.37111801242236025 0.08041958041958042 0.10869565217391304
1 0.8479020979020979 0.07298136645962733 0.06468531468531469 0.10559006211180125
1 0.486013986013986 0.2406832298136646 0.057692307692307696 0.11180124223602485
1 0.5804195804195804 0.7127329192546584 0.08216783216783216 0.16770186335403728
1 0.5288461538461539 0.9037267080745341 0.07867132867132867 0.14285714285714285
1 0.30244755244755245 0.812111801242236 0.08041958041958042 0.13354037267080746