0 0.4724025974025974 0.9612068965517241 0.07142857142857142 0.07758620689655173
0 0.7297077922077922 0.860632183908046 0.056818181818181816 0.13218390804597702
0 0.5267857142857143 0.5459770114942529 0.07467532467532467 0.13218390804597702
0 0.4090909090909091 0.47270114942528735 0.07142857142857142 0.13218390804597702
0 0.4577922077922078 0.05316091954022988 0.06818181818181818 0.10632183908045977
1 0.6525974025974026 0.10775862068965517 0.07305194805194805 0.14080459770114942
1 0.463474025974026 0.125 0.060064935064935064 0.09770114942528736
1 0.5202922077922078 0.21839080459770116 0.0698051948051948 0.1206896551724138
1 0.3287337662337662 0.9152298850574713 0.0633116883116883 0.10057471264367816
1 0.6688311688311688 0.742816091954023 0.08116883116883117 0.1724137931034483
1 0.7637987012987013 0.4698275862068966 0.060064935064935064 0.13793103448275862