0 0.6361111111111111 0.6133004926108374 0.05694444444444444 0.11822660098522167
0 0.7326388888888888 0.8583743842364532 0.04861111111111111 0.11822660098522167
0 0.5840277777777778 0.8940886699507389 0.05694444444444444 0.1330049261083744
0 0.4583333333333333 0.5381773399014779 0.05555555555555555 0.13793103448275862
0 0.3972222222222222 0.3805418719211823 0.075 0.12315270935960591
0 0.39166666666666666 0.046798029556650245 0.044444444444444446 0.04433497536945813
1 0.50625 0.02586206896551724 0.04027777777777778 0.05172413793103448
1 0.3277777777777778 0.6711822660098522 0.07222222222222222 0.11822660098522167
1 0.33402777777777776 0.7524630541871922 0.0763888888888889 0.10344827586206896
1 0.5270833333333333 0.8177339901477833 0.05277777777777778 0.0960591133004926
1 0.4125 0.8559113300492611 0.06388888888888888 0.13054187192118227
1 0.6430555555555556 0.8633004926108374 0.06111111111111111 0.10344827586206896