0 0.2668010752688172 0.9535714285714286 0.06317204301075269 0.09285714285714286
0 0.40591397849462363 0.6440476190476191 0.06720430107526881 0.11428571428571428
0 0.2439516129032258 0.6142857142857143 0.06317204301075269 0.11904761904761904
0 0.22983870967741934 0.5416666666666666 0.05510752688172043 0.10238095238095238
0 0.5678763440860215 0.2488095238095238 0.06317204301075269 0.10714285714285714
0 0.5504032258064516 0.12142857142857143 0.05779569892473118 0.09523809523809523
0 0.7076612903225806 0.009523809523809525 0.05510752688172043 0.01904761904761905
0 0.7096774193548387 0.7154761904761905 0.0793010752688172 0.13333333333333333
1 0.644489247311828 0.015476190476190477 0.05779569892473118 0.030952380952380953
1 0.8145161290322581 0.039285714285714285 0.05913978494623656 0.07857142857142857
1 0.8817204301075269 0.43333333333333335 0.06586021505376344 0.11666666666666667
1 0.4307795698924731 0.38333333333333336 0.05779569892473118 0.1
1 0.34946236559139787 0.4523809523809524 0.06048387096774194 0.10476190476190476
1 0.3817204301075269 0.544047619047619 0.06317204301075269 0.10714285714285714
1 0.2506720430107527 0.7214285714285714 0.05779569892473118 0.10476190476190476
1 0.40456989247311825 0.7654761904761904 0.07258064516129033 0.12857142857142856