0 0.9108996539792388 0.6471518987341772 0.07785467128027682 0.13291139240506328
0 0.9238754325259516 0.3291139240506329 0.06920415224913495 0.12341772151898735
0 0.7967128027681661 0.509493670886076 0.07093425605536333 0.1360759493670886
0 0.47231833910034604 0.9841772151898734 0.0657439446366782 0.03164556962025317
0 0.4437716262975779 0.9335443037974683 0.0726643598615917 0.13291139240506328
0 0.48961937716262977 0.754746835443038 0.07612456747404844 0.14240506329113925
0 0.5865051903114187 0.4208860759493671 0.07785467128027682 0.12658227848101267
0 0.3356401384083045 0.7373417721518988 0.0847750865051903 0.1518987341772152
0 0.5121107266435986 0.5727848101265823 0.08131487889273356 0.14240506329113925
1 0.9662629757785467 0.5996835443037974 0.06747404844290658 0.12341772151898735
1 0.8339100346020761 0.3639240506329114 0.06747404844290658 0.10759493670886076
1 0.6254325259515571 0.6439873417721519 0.07093425605536333 0.12341772151898735
1 0.6245674740484429 0.740506329113924 0.08131487889273356 0.13924050632911392
1 0.6764705882352942 0.805379746835443 0.07093425605536333 0.12341772151898735
1 0.7863321799307958 0.7879746835443038 0.06920415224913495 0.11708860759493671
1 0.6453287197231834 0.5079113924050633 0.07612456747404844 0.12025316455696203
1 0.3711072664359862 0.5901898734177216 0.06401384083044982 0.11075949367088607
1 0.42560553633217996 0.7373417721518988 0.08131487889273356 0.1360759493670886
1 0.10034602076124567 0.884493670886076 0.08131487889273356 0.13924050632911392