0 0.23805732484076433 0.04093567251461988 0.0589171974522293 0.08187134502923976
0 0.35429936305732485 0.577485380116959 0.05573248407643312 0.09064327485380116
0 0.429140127388535 0.6257309941520468 0.054140127388535034 0.09064327485380116
0 0.42356687898089174 0.554093567251462 0.06687898089171974 0.0935672514619883
0 0.5493630573248408 0.14035087719298245 0.06210191082802548 0.09941520467836257
0 0.8105095541401274 0.30116959064327486 0.05573248407643312 0.0935672514619883
0 0.8320063694267515 0.47076023391812866 0.06369426751592357 0.0935672514619883
0 0.6926751592356688 0.22953216374269006 0.0732484076433121 0.10526315789473684
1 0.21894904458598727 0.34210526315789475 0.06050955414012739 0.09649122807017543
1 0.5127388535031847 0.01608187134502924 0.07006369426751592 0.03216374269005848
1 0.7890127388535032 0.059941520467836254 0.06210191082802548 0.10526315789473684
1 0.4394904458598726 0.2309941520467836 0.07643312101910828 0.10526315789473684
1 0.6027070063694268 0.40497076023391815 0.07165605095541401 0.1111111111111111
1 0.6050955414012739 0.6388888888888888 0.07165605095541401 0.11695906432748537
1 0.8893312101910829 0.21783625730994152 0.06528662420382166 0.11403508771929824
1 0.892515923566879 0.0935672514619883 0.06210191082802548 0.11695906432748537