0 0.86328125 0.6142857142857143 0.09375 0.16785714285714284
0 0.6708984375 0.4160714285714286 0.103515625 0.17857142857142858
0 0.3427734375 0.4160714285714286 0.1171875 0.23214285714285715
0 0.384765625 0.9321428571428572 0.0703125 0.1
0 0.2587890625 0.11607142857142858 0.095703125 0.18214285714285713
0 0.330078125 0.05892857142857143 0.1015625 0.11785714285714285
1 0.466796875 0.22321428571428573 0.08203125 0.15357142857142858
1 0.5947265625 0.6928571428571428 0.09375 0.17142857142857143
1 0.5302734375 0.8660714285714286 0.09765625 0.175
1 0.19921875 0.7339285714285714 0.0703125 0.09642857142857143
1 0.859375 0.5446428571428571 0.0859375 0.15