0 0.856140350877193 0.9471153846153846 0.06315789473684211 0.10576923076923077
0 0.7289473684210527 0.9326923076923077 0.0824561403508772 0.1346153846153846
0 0.6035087719298246 0.3541666666666667 0.07017543859649122 0.1346153846153846
0 0.5701754385964912 0.3125 0.07017543859649122 0.1346153846153846
0 0.3991228070175439 0.5336538461538461 0.08421052631578947 0.15705128205128205
0 0.5771929824561404 0.842948717948718 0.0824561403508772 0.14743589743589744
0 0.36403508771929827 0.7852564102564102 0.07192982456140351 0.13141025641025642
0 0.3201754385964912 0.8541666666666666 0.06315789473684211 0.09935897435897435
1 0.8868421052631579 0.6426282051282052 0.07894736842105263 0.14102564102564102
1 0.7798245614035088 0.5480769230769231 0.07192982456140351 0.1346153846153846
1 0.4166666666666667 0.17147435897435898 0.07368421052631578 0.13782051282051283
1 0.5868421052631579 0.7051282051282052 0.07719298245614035 0.13782051282051283
1 0.38333333333333336 0.6474358974358975 0.08070175438596491 0.14743589743589744
1 0.5596491228070175 0.9487179487179487 0.07719298245614035 0.10256410256410256
1 0.8052631578947368 0.9487179487179487 0.07719298245614035 0.10256410256410256