0 0.4976038338658147 0.9431818181818182 0.09424920127795527 0.11363636363636363
0 0.49440894568690097 0.84375 0.07348242811501597 0.1278409090909091
0 0.5063897763578274 0.7116477272727273 0.08146964856230032 0.14772727272727273
0 0.420926517571885 0.6051136363636364 0.0926517571884984 0.16761363636363635
0 0.5878594249201278 0.24573863636363635 0.0878594249201278 0.16761363636363635
0 0.8186900958466453 0.28125 0.07507987220447285 0.14772727272727273
0 0.8250798722044729 0.3778409090909091 0.04313099041533546 0.12215909090909091
1 0.3146964856230032 0.6803977272727273 0.07188498402555911 0.14772727272727273
1 0.518370607028754 0.3366477272727273 0.07348242811501597 0.13352272727272727
1 0.6261980830670927 0.5994318181818182 0.08146964856230032 0.1534090909090909
1 0.7388178913738019 0.7471590909090909 0.038338658146964855 0.11647727272727272