0 0.5199680511182109 0.9446022727272727 0.06230031948881789 0.11079545454545454
0 0.6166134185303515 0.3196022727272727 0.07188498402555911 0.12215909090909091
0 0.7060702875399361 0.11079545454545454 0.05591054313099041 0.11079545454545454
0 0.43450479233226835 0.019886363636363636 0.0670926517571885 0.03977272727272727
0 0.35543130990415334 0.421875 0.06389776357827476 0.13636363636363635
0 0.5255591054313099 0.765625 0.054313099041533544 0.12215909090909091
1 0.6293929712460063 0.7215909090909091 0.05910543130990415 0.11079545454545454
1 0.555111821086262 0.6903409090909091 0.06070287539936102 0.09659090909090909
1 0.5095846645367412 0.5738636363636364 0.051118210862619806 0.13352272727272727
1 0.33706070287539935 0.6420454545454546 0.07188498402555911 0.17897727272727273
1 0.2939297124600639 0.6789772727272727 0.06869009584664537 0.15056818181818182
1 0.33466453674121405 0.33238636363636365 0.07987220447284345 0.10227272727272728