0 0.7259316770186336 0.5810439560439561 0.06677018633540373 0.11263736263736264
0 0.7569875776397516 0.6675824175824175 0.06677018633540373 0.11813186813186813
0 0.4301242236024845 0.18269230769230768 0.06832298136645963 0.12912087912087913
0 0.03881987577639751 0.3324175824175824 0.07763975155279502 0.16483516483516483
0 0.16071428571428573 0.7293956043956044 0.08229813664596274 0.1346153846153846
0 0.5232919254658385 0.9175824175824175 0.10559006211180125 0.15934065934065933
1 0.15916149068322982 0.5315934065934066 0.08074534161490683 0.14835164835164835
1 0.09394409937888198 0.6675824175824175 0.07608695652173914 0.13186813186813187
1 0.3501552795031056 0.03296703296703297 0.06987577639751552 0.06593406593406594
1 0.5714285714285714 0.4945054945054945 0.08074534161490683 0.1510989010989011
1 0.6195652173913043 0.6607142857142857 0.08540372670807453 0.14835164835164835
1 0.7437888198757764 0.9574175824175825 0.08695652173913043 0.08516483516483517
1 0.49301242236024845 0.9752747252747253 0.07298136645962733 0.04945054945054945
1 0.3781055900621118 0.9230769230769231 0.06055900621118013 0.08516483516483517