0 0.9859271523178808 0.44545454545454544 0.028145695364238412 0.09696969696969697
0 0.6746688741721855 0.10303030303030303 0.07781456953642384 0.12424242424242424
0 0.6158940397350994 0.5106060606060606 0.08609271523178808 0.12121212121212122
0 0.5480132450331126 0.6772727272727272 0.054635761589403975 0.10303030303030303
0 0.5438741721854304 0.7863636363636364 0.08443708609271523 0.14242424242424243
0 0.353476821192053 0.9424242424242424 0.07450331125827815 0.11515151515151516
0 0.27483443708609273 0.8045454545454546 0.0728476821192053 0.12424242424242424
0 0.1490066225165563 0.6075757575757575 0.06291390728476821 0.12424242424242424
1 0.9221854304635762 0.1484848484848485 0.07947019867549669 0.1303030303030303
1 0.9594370860927153 0.7075757575757575 0.0728476821192053 0.11212121212121212
1 0.8460264900662252 0.36666666666666664 0.08278145695364239 0.11818181818181818
1 0.6225165562913907 0.13484848484848486 0.06622516556291391 0.1303030303030303
1 0.3435430463576159 0.543939393939394 0.07119205298013245 0.12727272727272726
1 0.20860927152317882 0.33484848484848484 0.07450331125827815 0.1393939393939394
1 0.1291390728476821 0.793939393939394 0.061258278145695365 0.1393939393939394
1 0.5538079470198676 0.9242424242424242 0.0695364238410596 0.12727272727272726
1 0.3981788079470199 0.8893939393939394 0.08278145695364239 0.13636363636363635