0 0.4385245901639344 0.042270531400966184 0.05327868852459016 0.08454106280193237
0 0.5546448087431693 0.5446859903381642 0.06557377049180328 0.1111111111111111
0 0.644808743169399 0.7125603864734299 0.0546448087431694 0.11594202898550725
0 0.39959016393442626 0.967391304347826 0.05874316939890711 0.06521739130434782
0 0.4228142076502732 0.8659420289855072 0.06693989071038252 0.11352657004830918
0 0.3271857923497268 0.5060386473429952 0.060109289617486336 0.12318840579710146
0 0.45150273224043713 0.1859903381642512 0.05191256830601093 0.10869565217391304
1 0.5423497267759563 0.2041062801932367 0.0546448087431694 0.10144927536231885
1 0.7602459016393442 0.6195652173913043 0.04234972677595628 0.09420289855072464
1 0.4808743169398907 0.24396135265700483 0.0546448087431694 0.0893719806763285
1 0.4494535519125683 0.3502415458937198 0.04918032786885246 0.11594202898550725
1 0.29918032786885246 0.3248792270531401 0.06967213114754098 0.1570048309178744
1 0.26024590163934425 0.3007246376811594 0.06557377049180328 0.13526570048309178
1 0.31489071038251365 0.5857487922705314 0.07103825136612021 0.09903381642512077