0 0.5435540069686411 0.9315286624203821 0.09407665505226481 0.13694267515923567
0 0.9773519163763066 0.552547770700637 0.04529616724738676 0.15605095541401273
0 0.29181184668989546 0.4267515923566879 0.078397212543554 0.13694267515923567
0 0.16114982578397213 0.8375796178343949 0.08885017421602788 0.1305732484076433
0 0.0078397212543554 0.5302547770700637 0.0156794425087108 0.09872611464968153
1 0.05139372822299652 0.9076433121019108 0.024390243902439025 0.07961783439490445
1 0.06445993031358885 0.8280254777070064 0.07491289198606271 0.12101910828025478
1 0.14982578397212543 0.5573248407643312 0.09407665505226481 0.13694267515923567
1 0.05749128919860627 0.5031847133757962 0.078397212543554 0.15605095541401273
1 0.6437282229965157 0.2085987261146497 0.08536585365853659 0.14012738853503184
1 0.9006968641114983 0.08280254777070063 0.08188153310104529 0.12738853503184713
1 0.8310104529616724 0.5780254777070064 0.07142857142857142 0.14331210191082802