0 0.08069620253164557 0.8706395348837209 0.05379746835443038 0.10465116279069768
0 0.08069620253164557 0.9491279069767442 0.0490506329113924 0.09883720930232558
0 0.19541139240506328 0.8938953488372093 0.06962025316455696 0.12790697674418605
0 0.35680379746835444 0.4069767441860465 0.060126582278481014 0.11627906976744186
0 0.3900316455696203 0.3793604651162791 0.060126582278481014 0.11627906976744186
0 0.5237341772151899 0.626453488372093 0.07278481012658228 0.13662790697674418
0 0.33860759493670883 0.8517441860465116 0.07120253164556962 0.125
0 0.5332278481012658 0.8619186046511628 0.061708860759493674 0.11337209302325581
0 0.5688291139240507 0.9476744186046512 0.06487341772151899 0.10465116279069768
1 0.0814873417721519 0.5828488372093024 0.06962025316455696 0.11918604651162791
1 0.1843354430379747 0.5305232558139535 0.061708860759493674 0.11627906976744186
1 0.5395569620253164 0.29796511627906974 0.061708860759493674 0.12209302325581395
1 0.34177215189873417 0.7267441860465116 0.0680379746835443 0.11627906976744186
1 0.5276898734177216 0.7340116279069767 0.06962025316455696 0.12790697674418605
1 0.34335443037974683 0.9534883720930233 0.06645569620253164 0.09302325581395349
1 0.125 0.8924418604651163 0.06962025316455696 0.10755813953488372