0 0.4010989010989011 0.9356796116504854 0.0673076923076923 0.11165048543689321
0 0.32142857142857145 0.7160194174757282 0.07280219780219781 0.13592233009708737
0 0.3914835164835165 0.48058252427184467 0.050824175824175824 0.10194174757281553
0 0.5260989010989011 0.4368932038834951 0.07280219780219781 0.13106796116504854
0 0.7692307692307693 0.22936893203883496 0.04395604395604396 0.06796116504854369
0 0.7644230769230769 0.44902912621359226 0.061813186813186816 0.11893203883495146
0 0.7898351648351648 0.44660194174757284 0.06868131868131869 0.12378640776699029
1 0.6971153846153846 0.758495145631068 0.07692307692307693 0.1407766990291262
1 0.6504120879120879 0.09951456310679611 0.042582417582417584 0.06796116504854369
1 0.5027472527472527 0.27548543689320387 0.07692307692307693 0.13106796116504854
1 0.49313186813186816 0.7075242718446602 0.06456043956043957 0.11893203883495146
1 0.38118131868131866 0.6031553398058253 0.0673076923076923 0.11407766990291263
1 0.47870879120879123 0.9842233009708737 0.07005494505494506 0.03155339805825243