0 0.20448369565217392 0.41466346153846156 0.042119565217391304 0.08173076923076923
0 0.48845108695652173 0.36899038461538464 0.043478260869565216 0.07692307692307693
0 0.7398097826086957 0.8401442307692307 0.05570652173913043 0.07692307692307693
0 0.6773097826086957 0.8245192307692307 0.04483695652173913 0.07211538461538461
0 0.3376358695652174 0.8125 0.06657608695652174 0.0889423076923077
0 0.09850543478260869 0.8329326923076923 0.058423913043478264 0.09134615384615384
0 0.2873641304347826 0.5 0.04619565217391304 0.07211538461538461
1 0.9266304347826086 0.7680288461538461 0.04483695652173913 0.08413461538461539
1 0.46603260869565216 0.8461538461538461 0.043478260869565216 0.11057692307692307
1 0.30570652173913043 0.8461538461538461 0.057065217391304345 0.08173076923076923
1 0.3851902173913043 0.5516826923076923 0.05298913043478261 0.07932692307692307
1 0.311820652173913 0.765625 0.058423913043478264 0.06490384615384616
1 0.34646739130434784 0.3425480769230769 0.033967391304347824 0.07451923076923077
1 0.34782608695652173 0.46875 0.04483695652173913 0.08413461538461539
1 0.6664402173913043 0.11899038461538461 0.035326086956521736 0.06971153846153846