0 0.9405241935483871 0.8884892086330936 0.056451612903225805 0.1223021582733813
0 0.8840725806451613 0.9316546762589928 0.08669354838709678 0.1366906474820144
0 0.7983870967741935 0.8363309352517986 0.09274193548387097 0.1510791366906475
0 0.71875 0.9190647482014388 0.0907258064516129 0.1510791366906475
0 0.5705645161290323 0.16546762589928057 0.07862903225806452 0.1474820143884892
0 0.6854838709677419 0.1510791366906475 0.07661290322580645 0.13309352517985612
0 0.3951612903225806 0.019784172661870502 0.07661290322580645 0.039568345323741004
0 0.7479838709677419 0.18705035971223022 0.06451612903225806 0.11510791366906475
1 0.9223790322580645 0.25719424460431656 0.07459677419354839 0.1223021582733813
1 0.782258064516129 0.37050359712230213 0.10887096774193548 0.16906474820143885
1 0.5231854838709677 0.1079136690647482 0.0967741935483871 0.15827338129496402
1 0.24798387096774194 0.12949640287769784 0.08669354838709678 0.15467625899280577
1 0.6895161290322581 0.4550359712230216 0.10887096774193548 0.16906474820143885
1 0.46068548387096775 0.8525179856115108 0.09274193548387097 0.17625899280575538
1 0.844758064516129 0.5755395683453237 0.08870967741935484 0.15467625899280577
1 0.938508064516129 0.5503597122302158 0.0846774193548387 0.1366906474820144