0 0.6575907590759076 0.3172514619883041 0.0858085808580858 0.13450292397660818
0 0.8407590759075908 0.5921052631578947 0.08415841584158416 0.14912280701754385
0 0.7574257425742574 0.9649122807017544 0.11221122112211221 0.07017543859649122
0 0.636963696369637 0.9312865497076024 0.0891089108910891 0.13742690058479531
0 0.24834983498349836 0.652046783625731 0.10561056105610561 0.19298245614035087
0 0.1617161716171617 0.4137426900584795 0.10066006600660066 0.15204678362573099
0 0.38283828382838286 0.0804093567251462 0.06930693069306931 0.11988304093567251
0 0.5924092409240924 0.18859649122807018 0.0858085808580858 0.13157894736842105
1 0.8399339933993399 0.30409356725146197 0.07755775577557755 0.11988304093567251
1 0.4603960396039604 0.3172514619883041 0.08415841584158416 0.14619883040935672
1 0.4067656765676568 0.14473684210526316 0.09075907590759076 0.15497076023391812
1 0.20214521452145215 0.08187134502923976 0.07590759075907591 0.1286549707602339
1 0.18316831683168316 0.15497076023391812 0.09405940594059406 0.14327485380116958
1 0.066006600660066 0.48099415204678364 0.0858085808580858 0.13742690058479531
1 0.4166666666666667 0.7850877192982456 0.07755775577557755 0.14619883040935672
1 0.58003300330033 0.7368421052631579 0.11056105610561057 0.195906432748538