0 0.888030888030888 0.2243150684931507 0.06563706563706563 0.09931506849315068
0 0.8513513513513513 0.3664383561643836 0.0694980694980695 0.11986301369863013
0 0.7142857142857143 0.398972602739726 0.06756756756756757 0.1095890410958904
0 0.6071428571428571 0.7054794520547946 0.08301158301158301 0.1267123287671233
0 0.9121621621621622 0.833904109589041 0.07722007722007722 0.136986301369863
0 0.2722007722007722 0.9417808219178082 0.07335907335907337 0.07191780821917808
0 0.1891891891891892 0.9246575342465754 0.08301158301158301 0.08561643835616438
0 0.05501930501930502 0.3339041095890411 0.07142857142857142 0.11986301369863013
1 0.946911196911197 0.4811643835616438 0.07915057915057915 0.0958904109589041
1 0.7364864864864865 0.19006849315068494 0.06563706563706563 0.1095890410958904
1 0.5743243243243243 0.3065068493150685 0.07528957528957529 0.10616438356164383
1 0.833011583011583 0.708904109589041 0.0694980694980695 0.136986301369863
1 0.7046332046332047 0.875 0.08494208494208494 0.1404109589041096
1 0.48455598455598453 0.898972602739726 0.07335907335907337 0.13013698630136986
1 0.33976833976833976 0.726027397260274 0.1138996138996139 0.18835616438356165
1 0.2384169884169884 0.2208904109589041 0.0694980694980695 0.13013698630136986