0 0.75 0.357981220657277 0.03968253968253968 0.06338028169014084
0 0.376984126984127 0.31220657276995306 0.05026455026455026 0.07511737089201878
0 0.7791005291005291 0.4014084507042254 0.03439153439153439 0.06103286384976526
0 0.7592592592592593 0.5762910798122066 0.0582010582010582 0.07276995305164319
0 0.531084656084656 0.44835680751173707 0.056878306878306875 0.06572769953051644
0 0.48478835978835977 0.6772300469483568 0.07275132275132275 0.1056338028169014
0 0.2612433862433862 0.6373239436619719 0.046296296296296294 0.07746478873239436
0 0.23544973544973544 0.7406103286384976 0.05291005291005291 0.1056338028169014
0 0.3492063492063492 0.8415492957746479 0.07936507936507936 0.08685446009389672
1 0.6342592592592593 0.36384976525821594 0.05423280423280423 0.09389671361502347
1 0.53505291005291 0.3673708920187793 0.046296296296296294 0.07746478873239436
1 0.6468253968253969 0.6326291079812206 0.05291005291005291 0.08685446009389672
1 0.5965608465608465 0.47300469483568075 0.05291005291005291 0.08685446009389672
1 0.7817460317460317 0.6068075117370892 0.05026455026455026 0.06338028169014084
1 0.671957671957672 0.7582159624413145 0.0582010582010582 0.0892018779342723
1 0.5542328042328042 0.8532863849765259 0.06084656084656084 0.11032863849765258
1 0.4365079365079365 0.7183098591549296 0.04497354497354497 0.09389671361502347
1 0.06944444444444445 0.7570422535211268 0.04365079365079365 0.07276995305164319