0 0.34598214285714285 0.031420765027322405 0.06398809523809523 0.06284153005464481
0 0.3794642857142857 0.5478142076502732 0.06101190476190476 0.10382513661202186
0 0.4412202380952381 0.6256830601092896 0.05952380952380952 0.10382513661202186
0 0.44494047619047616 0.5573770491803278 0.07142857142857142 0.11202185792349727
0 0.6130952380952381 0.24043715846994534 0.06845238095238096 0.11475409836065574
0 0.828125 0.5013661202185792 0.06101190476190476 0.10655737704918032
0 0.8251488095238095 0.6639344262295082 0.06845238095238096 0.11202185792349727
0 0.7306547619047619 0.383879781420765 0.07886904761904762 0.12568306010928962
1 0.28794642857142855 0.27459016393442626 0.06547619047619048 0.11202185792349727
1 0.6011904761904762 0.08196721311475409 0.07738095238095238 0.12295081967213115
1 0.8407738095238095 0.2718579234972678 0.06994047619047619 0.12568306010928962
1 0.5022321428571429 0.2718579234972678 0.0818452380952381 0.1284153005464481
1 0.6264880952380952 0.5027322404371585 0.07738095238095238 0.13114754098360656
1 0.5982142857142857 0.7144808743169399 0.07886904761904762 0.1366120218579235
1 0.9099702380952381 0.4603825136612022 0.07291666666666667 0.13114754098360656
1 0.9293154761904762 0.34972677595628415 0.06994047619047619 0.13114754098360656