0 0.8531879194630873 0.6681547619047619 0.09060402684563758 0.1488095238095238
0 0.8859060402684564 0.7589285714285714 0.08389261744966443 0.13690476190476192
0 0.6904362416107382 0.6949404761904762 0.09731543624161074 0.16964285714285715
0 0.8481543624161074 0.8526785714285714 0.09060402684563758 0.13392857142857142
0 0.22902684563758388 0.7410714285714286 0.10906040268456375 0.16964285714285715
0 0.2978187919463087 0.7351190476190477 0.11409395973154363 0.19047619047619047
1 0.46812080536912754 0.020833333333333332 0.08053691275167785 0.041666666666666664
1 0.6484899328859061 0.7544642857142857 0.10906040268456375 0.1636904761904762
1 0.537751677852349 0.8273809523809523 0.09060402684563758 0.16964285714285715
1 0.45050335570469796 0.9657738095238095 0.06879194630872483 0.06845238095238096
1 0.6837248322147651 0.5535714285714286 0.087248322147651 0.15476190476190477
1 0.7088926174496645 0.6726190476190477 0.07885906040268456 0.13690476190476192