0 0.6408045977011494 0.5994897959183674 0.06896551724137931 0.12755102040816327
0 0.6336206896551724 0.6875 0.05747126436781609 0.10204081632653061
0 0.40301724137931033 0.5918367346938775 0.08908045977011494 0.1683673469387755
0 0.21982758620689655 0.5153061224489796 0.08045977011494253 0.14795918367346939
0 0.5610632183908046 0.22959183673469388 0.05172413793103448 0.09183673469387756
0 0.45977011494252873 0.34311224489795916 0.06896551724137931 0.125
0 0.47629310344827586 0.25255102040816324 0.07471264367816093 0.1377551020408163
1 0.5869252873563219 0.7232142857142857 0.07327586206896551 0.14030612244897958
1 0.5747126436781609 0.5816326530612245 0.06896551724137931 0.11734693877551021
1 0.6228448275862069 0.48086734693877553 0.06752873563218391 0.11734693877551021
1 0.5754310344827587 0.09311224489795919 0.06609195402298851 0.125
1 0.4317528735632184 0.9221938775510204 0.08045977011494253 0.1377551020408163
1 0.3541666666666667 0.8852040816326531 0.07614942528735633 0.13010204081632654