0 0.2680635838150289 0.8269230769230769 0.07369942196531792 0.1076923076923077
0 0.13078034682080925 0.6807692307692308 0.06502890173410404 0.09487179487179487
0 0.16979768786127167 0.5153846153846153 0.06791907514450866 0.07692307692307693
0 0.5079479768786127 0.30128205128205127 0.06213872832369942 0.1076923076923077
0 0.43713872832369943 0.5371794871794872 0.0476878612716763 0.1
0 0.5036127167630058 0.6051282051282051 0.08092485549132948 0.13333333333333333
0 0.6192196531791907 0.8564102564102564 0.07514450867052024 0.11282051282051282
1 0.18352601156069365 0.3153846153846154 0.06647398843930635 0.07948717948717948
1 0.33309248554913296 0.308974358974359 0.05057803468208093 0.08205128205128205
1 0.5838150289017341 0.0641025641025641 0.044797687861271675 0.08974358974358974
1 0.6495664739884393 0.5576923076923077 0.05057803468208093 0.11025641025641025
1 0.7117052023121387 0.7653846153846153 0.06069364161849711 0.12307692307692308
1 0.41040462427745666 0.8051282051282052 0.05346820809248555 0.09487179487179487
1 0.0968208092485549 0.7871794871794872 0.05346820809248555 0.09230769230769231
1 0.12138728323699421 0.4423076923076923 0.03757225433526012 0.07179487179487179