0 0.691696113074205 0.10062893081761007 0.07420494699646643 0.12264150943396226
0 0.42314487632508835 0.23427672955974843 0.07773851590106007 0.12264150943396226
0 0.4045936395759717 0.4009433962264151 0.0706713780918728 0.13836477987421383
0 0.8471731448763251 0.6745283018867925 0.0706713780918728 0.11949685534591195
0 0.734982332155477 0.6163522012578616 0.0989399293286219 0.1320754716981132
0 0.9037102473498233 0.5959119496855346 0.08657243816254417 0.13522012578616352
0 0.9955830388692579 0.5267295597484277 0.0088339222614841 0.09119496855345911
1 0.8639575971731449 0.036163522012578615 0.0706713780918728 0.07232704402515723
1 0.5954063604240283 0.13679245283018868 0.06713780918727916 0.12578616352201258
1 0.5909893992932862 0.279874213836478 0.07597173144876325 0.14779874213836477
1 0.7659010600706714 0.2688679245283019 0.09363957597173145 0.1509433962264151
1 0.6342756183745583 0.8490566037735849 0.07597173144876325 0.13836477987421383
1 0.8560070671378092 0.3050314465408805 0.0812720848056537 0.13522012578616352
1 0.9381625441696113 0.24213836477987422 0.08480565371024736 0.11949685534591195