0 0.4485294117647059 0.11611374407582939 0.0481283422459893 0.11374407582938388
0 0.4605614973262032 0.3495260663507109 0.05213903743315508 0.08767772511848342
0 0.49331550802139035 0.6883886255924171 0.05080213903743316 0.0947867298578199
0 0.571524064171123 0.4786729857819905 0.05748663101604278 0.13033175355450238
0 0.7225935828877005 0.5462085308056872 0.06016042780748663 0.10900473933649289
1 0.5274064171122995 0.235781990521327 0.06550802139037433 0.10900473933649289
1 0.39438502673796794 0.3305687203791469 0.05614973262032086 0.08767772511848342
1 0.39906417112299464 0.40165876777251186 0.04946524064171123 0.09004739336492891
1 0.481951871657754 0.6327014218009479 0.06818181818181818 0.11137440758293839
1 0.3643048128342246 0.8009478672985783 0.04679144385026738 0.08293838862559241
1 0.7219251336898396 0.3068720379146919 0.053475935828877004 0.12085308056872038
1 0.5728609625668449 0.8921800947867299 0.06550802139037433 0.14454976303317535
1 0.6009358288770054 0.8056872037914692 0.06550802139037433 0.12559241706161137