0 0.3708791208791209 0.4441747572815534 0.06043956043956044 0.11407766990291263
0 0.26785714285714285 0.9757281553398058 0.10164835164835165 0.04854368932038835
0 0.4107142857142857 0.9660194174757282 0.07417582417582418 0.06796116504854369
0 0.8798076923076923 0.48058252427184467 0.061813186813186816 0.11165048543689321
0 0.8118131868131868 0.4684466019417476 0.08653846153846154 0.14563106796116504
0 0.7218406593406593 0.20752427184466019 0.06868131868131869 0.11893203883495146
0 0.6778846153846154 0.14563106796116504 0.07005494505494506 0.12378640776699029
1 0.5151098901098901 0.3337378640776699 0.07005494505494506 0.11893203883495146
1 0.5693681318681318 0.2669902912621359 0.06593406593406594 0.12135922330097088
1 0.603021978021978 0.37014563106796117 0.08104395604395605 0.1529126213592233
1 0.6971153846153846 0.32524271844660196 0.09065934065934066 0.1407766990291262
1 0.7396978021978022 0.6577669902912622 0.08928571428571429 0.1553398058252427
1 0.6023351648351648 0.8385922330097088 0.07967032967032966 0.1407766990291262
1 0.1717032967032967 0.8507281553398058 0.08104395604395605 0.1383495145631068