0 0.5815789473684211 0.30257009345794394 0.04868421052631579 0.10514018691588785
0 0.5440789473684211 0.2546728971962617 0.04342105263157895 0.0794392523364486
0 0.39276315789473687 0.06191588785046729 0.05263157894736842 0.08177570093457943
0 0.4328947368421053 0.5852803738317757 0.06315789473684211 0.14018691588785046
0 0.34539473684210525 0.8481308411214953 0.05789473684210526 0.12149532710280374
0 0.6677631578947368 0.6308411214953271 0.039473684210526314 0.07242990654205607
0 0.5618421052631579 0.677570093457944 0.05131578947368421 0.10046728971962617
0 0.6052631578947368 0.7161214953271028 0.05394736842105263 0.11214953271028037
1 0.5190789473684211 0.04322429906542056 0.04868421052631579 0.08644859813084112
1 0.45592105263157895 0.04322429906542056 0.05921052631578947 0.08644859813084112
1 0.5013157894736842 0.286214953271028 0.05131578947368421 0.11682242990654206
1 0.5467105263157894 0.39135514018691586 0.05526315789473684 0.08644859813084112
1 0.6144736842105263 0.3983644859813084 0.05263157894736842 0.08878504672897196
1 0.7276315789473684 0.7009345794392523 0.04736842105263158 0.102803738317757
1 0.3282894736842105 0.3411214953271028 0.06315789473684211 0.102803738317757
1 0.29342105263157897 0.45560747663551404 0.06184210526315789 0.09345794392523364