0 0.6210526315789474 0.40705128205128205 0.08771929824561403 0.15064102564102563
0 0.8552631578947368 0.3766025641025641 0.07017543859649122 0.13141025641025642
0 0.9166666666666666 0.40384615384615385 0.09473684210526316 0.16346153846153846
0 0.9631578947368421 0.5064102564102564 0.07368421052631578 0.15384615384615385
0 0.9473684210526315 0.6842948717948718 0.06666666666666667 0.11217948717948718
1 0.03684210526315789 0.6217948717948718 0.07368421052631578 0.14743589743589744
1 0.4745614035087719 0.9743589743589743 0.07543859649122807 0.05128205128205128
1 0.5403508771929825 0.7355769230769231 0.08070175438596491 0.14423076923076922
1 0.7973684210526316 0.655448717948718 0.07192982456140351 0.1346153846153846
1 0.8043859649122806 0.7788461538461539 0.07017543859649122 0.1346153846153846
1 0.8228070175438597 0.0673076923076923 0.0912280701754386 0.1346153846153846