0 0.3318345323741007 0.7580128205128205 0.08453237410071943 0.14743589743589744
0 0.3498201438848921 0.6201923076923077 0.09172661870503597 0.15064102564102563
0 0.3039568345323741 0.4551282051282051 0.09352517985611511 0.15705128205128205
0 0.14568345323741008 0.8092948717948718 0.07733812949640288 0.13141025641025642
0 0.579136690647482 0.9310897435897436 0.08992805755395683 0.13782051282051283
0 0.8983812949640287 0.6282051282051282 0.06474820143884892 0.10576923076923077
0 0.9658273381294964 0.5512820512820513 0.0683453237410072 0.1282051282051282
1 0.21672661870503598 0.9711538461538461 0.07733812949640288 0.057692307692307696
1 0.17086330935251798 0.6057692307692307 0.07194244604316546 0.125
1 0.12949640287769784 0.6346153846153846 0.0737410071942446 0.13141025641025642
1 0.7482014388489209 0.3301282051282051 0.08812949640287769 0.14102564102564102
1 0.7320143884892086 0.7788461538461539 0.08812949640287769 0.15064102564102563