0 0.396505376344086 0.9726190476190476 0.0913978494623656 0.05476190476190476
0 0.28897849462365593 0.719047619047619 0.07123655913978495 0.12380952380952381
0 0.2385752688172043 0.6952380952380952 0.0793010752688172 0.12857142857142856
0 0.40389784946236557 0.4142857142857143 0.07526881720430108 0.12380952380952381
0 0.6794354838709677 0.19285714285714287 0.06048387096774194 0.09523809523809523
0 0.7668010752688172 0.6476190476190476 0.07258064516129033 0.13095238095238096
0 0.739247311827957 0.6916666666666667 0.06451612903225806 0.11428571428571428
0 0.8393817204301075 0.42142857142857143 0.07123655913978495 0.11904761904761904
1 0.5625 0.28809523809523807 0.06451612903225806 0.11190476190476191
1 0.7520161290322581 0.34523809523809523 0.07661290322580645 0.12380952380952381
1 0.7775537634408602 0.23095238095238096 0.051075268817204304 0.09523809523809523
1 0.8810483870967742 0.475 0.056451612903225805 0.1
1 0.5571236559139785 0.8630952380952381 0.08198924731182795 0.15
1 0.18884408602150538 0.9511904761904761 0.06854838709677419 0.09761904761904762
1 0.0913978494623656 0.6892857142857143 0.0793010752688172 0.1357142857142857