0 0.2677364864864865 0.06172839506172839 0.08277027027027027 0.12345679012345678
0 0.49746621621621623 0.17746913580246915 0.07094594594594594 0.12962962962962962
0 0.47719594594594594 0.31790123456790126 0.08783783783783784 0.16049382716049382
0 0.25 0.5123456790123457 0.09121621621621621 0.16049382716049382
0 0.24662162162162163 0.7376543209876543 0.08108108108108109 0.14506172839506173
0 0.36908783783783783 0.8888888888888888 0.07601351351351351 0.13271604938271606
1 0.35050675675675674 0.05555555555555555 0.08614864864864864 0.1111111111111111
1 0.6486486486486487 0.30092592592592593 0.08277027027027027 0.15432098765432098
1 0.8699324324324325 0.845679012345679 0.0945945945945946 0.16666666666666666
1 0.09628378378378379 0.529320987654321 0.07939189189189189 0.13580246913580246
1 0.06756756756756757 0.3611111111111111 0.08277027027027027 0.1419753086419753
1 0.10388513513513513 0.21450617283950618 0.08277027027027027 0.14506172839506173