0 0.557570977917981 0.757183908045977 0.06309148264984227 0.10632183908045977
0 0.5701892744479495 0.6954022988505747 0.06309148264984227 0.10632183908045977
0 0.42981072555205047 0.46551724137931033 0.07255520504731862 0.12931034482758622
0 0.31703470031545744 0.8132183908045977 0.06624605678233439 0.12643678160919541
0 0.3020504731861199 0.46120689655172414 0.05993690851735016 0.10919540229885058
0 0.25 0.3994252873563218 0.0583596214511041 0.11781609195402298
1 0.6072555205047319 0.4209770114942529 0.06466876971608833 0.10919540229885058
1 0.38485804416403785 0.8017241379310345 0.061514195583596214 0.1206896551724138
1 0.3714511041009464 0.4640804597701149 0.06782334384858044 0.1235632183908046
1 0.2539432176656151 0.8103448275862069 0.06466876971608833 0.11781609195402298
1 0.18533123028391169 0.7456896551724138 0.0583596214511041 0.11494252873563218