0 0.8433333333333334 0.7240853658536586 0.08 0.13109756097560976
0 0.7783333333333333 0.8445121951219512 0.085 0.13109756097560976
0 0.7108333333333333 0.8384146341463414 0.075 0.12804878048780488
0 0.5016666666666667 0.6692073170731707 0.08833333333333333 0.15853658536585366
0 0.2725 0.23628048780487804 0.085 0.1402439024390244
0 0.21916666666666668 0.15853658536585366 0.07166666666666667 0.125
0 0.135 0.03353658536585366 0.07333333333333333 0.06707317073170732
1 0.5366666666666666 0.8628048780487805 0.07833333333333334 0.125
1 0.335 0.4969512195121951 0.07666666666666666 0.12804878048780488
1 0.16166666666666665 0.3475609756097561 0.07333333333333333 0.11890243902439024
1 0.4583333333333333 0.10365853658536585 0.08 0.13414634146341464
1 0.5416666666666666 0.06707317073170732 0.08666666666666667 0.13414634146341464