0 0.5453846153846154 0.5042134831460674 0.07076923076923076 0.12921348314606743
0 0.6676923076923077 0.8300561797752809 0.06615384615384616 0.12640449438202248
0 0.6846153846153846 0.49859550561797755 0.06307692307692307 0.12640449438202248
0 0.7423076923076923 0.4044943820224719 0.06461538461538462 0.12359550561797752
0 0.4146153846153846 0.7359550561797753 0.06307692307692307 0.12078651685393259
0 0.43538461538461537 0.7696629213483146 0.06461538461538462 0.11797752808988764
1 0.3869230769230769 0.4592696629213483 0.06153846153846154 0.10955056179775281
1 0.6038461538461538 0.8216292134831461 0.06153846153846154 0.11235955056179775
1 0.6130769230769231 0.4957865168539326 0.06307692307692307 0.11235955056179775
1 0.7207692307692307 0.8300561797752809 0.06 0.11235955056179775
1 0.7946153846153846 0.7710674157303371 0.06 0.10674157303370786