0 0.8530927835051546 0.4847560975609756 0.06701030927835051 0.11585365853658537
0 0.6039518900343642 0.3932926829268293 0.07388316151202749 0.1402439024390244
0 0.5378006872852233 0.5060975609756098 0.0859106529209622 0.12195121951219512
0 0.31872852233676974 0.510670731707317 0.08075601374570447 0.13414634146341464
0 0.17697594501718214 0.8628048780487805 0.07216494845360824 0.12804878048780488
1 0.8084192439862543 0.8597560975609756 0.061855670103092786 0.13719512195121952
1 0.7955326460481099 0.4969512195121951 0.070446735395189 0.12804878048780488
1 0.7482817869415808 0.600609756097561 0.06013745704467354 0.10975609756097561
1 0.30498281786941583 0.23780487804878048 0.070446735395189 0.10060975609756098
1 0.44329896907216493 0.8932926829268293 0.09278350515463918 0.12804878048780488
1 0.6116838487972509 0.9908536585365854 0.07216494845360824 0.018292682926829267