0 0.48404255319148937 0.3878378378378378 0.08054711246200608 0.14324324324324325
0 0.689209726443769 0.21891891891891893 0.07446808510638298 0.13783783783783785
0 0.9513677811550152 0.44324324324324327 0.08206686930091185 0.13243243243243244
0 0.9726443768996961 0.3527027027027027 0.0547112462006079 0.0945945945945946
0 0.8875379939209727 0.6229729729729729 0.08054711246200608 0.12972972972972974
0 0.8381458966565349 0.6662162162162162 0.08358662613981763 0.14054054054054055
1 0.4095744680851064 0.23513513513513515 0.06534954407294832 0.12702702702702703
1 0.6382978723404256 0.2635135135135135 0.0911854103343465 0.15135135135135136
1 0.8214285714285714 0.08648648648648649 0.07598784194528875 0.12432432432432433
1 0.8556231003039514 0.17162162162162162 0.07446808510638298 0.12162162162162163
1 0.8024316109422492 0.3 0.0851063829787234 0.14864864864864866
1 0.9870820668693009 0.4418918918918919 0.025835866261398176 0.13783783783783785
1 0.6329787234042553 0.8905405405405405 0.08054711246200608 0.13513513513513514