0 0.30094043887147337 0.5614285714285714 0.05642633228840126 0.10857142857142857
0 0.3236677115987461 0.5028571428571429 0.07210031347962383 0.13714285714285715
0 0.6199059561128527 0.89 0.07210031347962383 0.13714285714285715
0 0.5846394984326019 0.8228571428571428 0.07993730407523511 0.15714285714285714
0 0.5697492163009404 0.6757142857142857 0.07993730407523511 0.15428571428571428
1 0.22570532915360503 0.7842857142857143 0.05956112852664577 0.08285714285714285
1 0.38087774294670845 0.8128571428571428 0.08150470219435736 0.15142857142857144
1 0.414576802507837 0.68 0.07523510971786834 0.16285714285714287
1 0.7170846394984326 0.7685714285714286 0.061128526645768025 0.15142857142857144
1 0.7413793103448276 0.5557142857142857 0.08150470219435736 0.1457142857142857
1 0.640282131661442 0.3271428571428571 0.003134796238244514 0.008571428571428572