0 0.6216442953020134 0.5788690476190477 0.08389261744966443 0.14285714285714285
0 0.6484899328859061 0.40476190476190477 0.08389261744966443 0.16071428571428573
0 0.8078859060402684 0.48660714285714285 0.03859060402684564 0.09523809523809523
0 0.36073825503355705 0.03571428571428571 0.07718120805369127 0.07142857142857142
0 0.17114093959731544 0.6934523809523809 0.09060402684563758 0.17261904761904762
1 0.23657718120805368 0.7455357142857143 0.08892617449664429 0.16071428571428573
1 0.5075503355704698 0.8571428571428571 0.10570469798657718 0.18154761904761904
1 0.7776845637583892 0.5520833333333334 0.05536912751677853 0.10416666666666667
1 0.764261744966443 0.2916666666666667 0.06879194630872483 0.1488095238095238
1 0.4161073825503356 0.15029761904761904 0.09563758389261745 0.18154761904761904
1 0.27348993288590606 0.37202380952380953 0.09563758389261745 0.16964285714285715