0 0.21428571428571427 0.9490291262135923 0.0521978021978022 0.0825242718446602
0 0.5501373626373627 0.8980582524271845 0.07280219780219781 0.11165048543689321
0 0.8667582417582418 0.5934466019417476 0.09752747252747253 0.16019417475728157
0 0.9581043956043956 0.5097087378640777 0.06868131868131869 0.09466019417475728
0 0.16483516483516483 0.5485436893203883 0.04807692307692308 0.0970873786407767
1 0.4017857142857143 0.4029126213592233 0.05357142857142857 0.0970873786407767
1 0.28434065934065933 0.5024271844660194 0.054945054945054944 0.08980582524271845
1 0.27815934065934067 0.8155339805825242 0.054945054945054944 0.11650485436893204
1 0.3324175824175824 0.9271844660194175 0.06043956043956044 0.10922330097087378
1 0.3853021978021978 0.9720873786407767 0.059065934065934064 0.055825242718446605
1 0.6215659340659341 0.8179611650485437 0.059065934065934064 0.12378640776699029
1 0.8104395604395604 0.32645631067961167 0.08104395604395605 0.12864077669902912
1 0.9114010989010989 0.25970873786407767 0.07967032967032966 0.12378640776699029