0 0.41189111747851004 0.8835078534031413 0.06446991404011461 0.11518324607329843
0 0.3524355300859599 0.900523560209424 0.044412607449856735 0.07068062827225131
0 0.5637535816618912 0.5929319371727748 0.0673352435530086 0.12827225130890052
0 0.41045845272206305 0.09031413612565445 0.06446991404011461 0.12041884816753927
0 0.42120343839541546 0.024869109947643978 0.06017191977077364 0.049738219895287955
0 0.39040114613180515 0.07329842931937172 0.06446991404011461 0.12041884816753927
1 0.6138968481375359 0.18848167539267016 0.05300859598853868 0.09424083769633508
1 0.5601719197707736 0.03664921465968586 0.06017191977077364 0.07329842931937172
1 0.3302292263610315 0.2787958115183246 0.06876790830945559 0.12041884816753927
1 0.4032951289398281 0.587696335078534 0.07306590257879657 0.13612565445026178
1 0.49641833810888253 0.8390052356020943 0.07020057306590258 0.1256544502617801
1 0.18982808022922637 0.6924083769633508 0.045845272206303724 0.07329842931937172
1 0.5916905444126075 0.10340314136125654 0.06303724928366762 0.12303664921465969