0 0.9130769230769231 0.7556179775280899 0.06769230769230769 0.10955056179775281
0 0.8384615384615385 0.9339887640449438 0.06769230769230769 0.10955056179775281
0 0.8276923076923077 0.9873595505617978 0.06769230769230769 0.025280898876404494
0 0.4592307692307692 0.9396067415730337 0.07538461538461538 0.12078651685393259
0 0.3346153846153846 0.5912921348314607 0.08923076923076922 0.14887640449438203
0 0.6192307692307693 0.3651685393258427 0.06615384615384616 0.1151685393258427
0 0.6515384615384615 0.34691011235955055 0.055384615384615386 0.11235955056179775
0 0.5992307692307692 0.3089887640449438 0.06923076923076923 0.12640449438202248
1 0.9176923076923077 0.5014044943820225 0.06615384615384616 0.10112359550561797
1 0.8076923076923077 0.4705056179775281 0.06 0.10674157303370786
1 0.67 0.9452247191011236 0.06615384615384616 0.10112359550561797
1 0.6484615384615384 0.9831460674157303 0.07846153846153846 0.033707865168539325
1 0.3384615384615385 0.8469101123595506 0.06307692307692307 0.1151685393258427
1 0.39615384615384613 0.21629213483146068 0.07846153846153846 0.11235955056179775
1 0.45384615384615384 0.27808988764044945 0.06 0.11797752808988764
1 0.46692307692307694 0.425561797752809 0.08 0.1544943820224719