0 0.8464095744680851 0.41273584905660377 0.0598404255319149 0.10613207547169812
0 0.7539893617021277 0.6615566037735849 0.08111702127659574 0.13443396226415094
0 0.449468085106383 0.9551886792452831 0.06648936170212766 0.08962264150943396
0 0.2859042553191489 0.9634433962264151 0.07180851063829788 0.07311320754716981
0 0.4242021276595745 0.3785377358490566 0.07446808510638298 0.12971698113207547
0 0.6788563829787234 0.1804245283018868 0.06515957446808511 0.11084905660377359
0 0.7400265957446809 0.23231132075471697 0.061170212765957445 0.11084905660377359
1 0.6535904255319149 0.375 0.07579787234042554 0.1391509433962264
1 0.5704787234042553 0.2865566037735849 0.06382978723404255 0.1179245283018868
1 0.788563829787234 0.33490566037735847 0.06648936170212766 0.10613207547169812
1 0.2912234042553192 0.3490566037735849 0.06515957446808511 0.11556603773584906
1 0.4428191489361702 0.8443396226415094 0.08377659574468085 0.14386792452830188
1 0.6050531914893617 0.7924528301886793 0.07446808510638298 0.13679245283018868
1 0.875 0.482311320754717 0.05851063829787234 0.10613207547169812
1 0.7094414893617021 0.5825471698113207 0.07579787234042554 0.14386792452830188