0 0.5009259259259259 0.34523809523809523 0.07407407407407407 0.1326530612244898
0 0.3907407407407407 0.7959183673469388 0.07592592592592592 0.11904761904761904
0 0.3574074074074074 0.39285714285714285 0.07407407407407407 0.1360544217687075
0 0.275 0.304421768707483 0.07222222222222222 0.14965986394557823
0 0.6648148148148149 0.6615646258503401 0.07222222222222222 0.11564625850340136
0 0.6861111111111111 0.5952380952380952 0.07962962962962963 0.12585034013605442
1 0.6231481481481481 0.9880952380952381 0.06481481481481481 0.023809523809523808
1 0.7 0.24829931972789115 0.07407407407407407 0.12585034013605442
1 0.4648148148148148 0.7517006802721088 0.07037037037037037 0.1360544217687075
1 0.42685185185185187 0.36054421768707484 0.08333333333333333 0.1598639455782313
1 0.325 0.8061224489795918 0.06666666666666667 0.12244897959183673
1 0.23796296296296296 0.7295918367346939 0.06851851851851852 0.1326530612244898