0 0.12319884726224783 0.3815789473684211 0.05187319884726225 0.08421052631578947
0 0.2910662824207493 0.5131578947368421 0.06195965417867435 0.11052631578947368
0 0.3177233429394813 0.5723684210526315 0.059077809798270896 0.08947368421052632
0 0.5057636887608069 0.32763157894736844 0.05763688760806916 0.11842105263157894
0 0.47982708933717577 0.7328947368421053 0.06340057636887608 0.11052631578947368
0 0.4164265129682997 0.9302631578947368 0.07636887608069164 0.11578947368421053
0 0.6527377521613833 0.07105263157894737 0.05187319884726225 0.07894736842105263
0 0.7348703170028819 0.05263157894736842 0.06628242074927954 0.10526315789473684
0 0.8278097982708934 0.025 0.06484149855907781 0.05
1 0.8270893371757925 0.2118421052631579 0.07060518731988473 0.09473684210526316
1 0.6642651296829971 0.2578947368421053 0.06340057636887608 0.08947368421052632
1 0.5590778097982709 0.18421052631578946 0.059077809798270896 0.09736842105263158
1 0.32780979827089335 0.33157894736842103 0.05475504322766571 0.12105263157894737
1 0.2521613832853026 0.34868421052631576 0.056195965417867436 0.1
1 0.4618155619596542 0.4236842105263158 0.056195965417867436 0.12368421052631579
1 0.12968299711815562 0.6960526315789474 0.06484149855907781 0.09736842105263158
1 0.30835734870317005 0.7960526315789473 0.07060518731988473 0.10263157894736842
1 0.5922190201729106 0.8907894736842106 0.059077809798270896 0.10526315789473684