0 0.20507246376811594 0.5542328042328042 0.059420289855072465 0.10582010582010581
0 0.1072463768115942 0.6256613756613757 0.06521739130434782 0.1111111111111111
0 0.24855072463768116 0.5198412698412699 0.0782608695652174 0.11375661375661375
0 0.4144927536231884 0.3716931216931217 0.07101449275362319 0.1164021164021164
0 0.4666666666666667 0.40343915343915343 0.07391304347826087 0.12169312169312169
0 0.4797101449275362 0.6825396825396826 0.07391304347826087 0.12962962962962962
0 0.42391304347826086 0.7658730158730159 0.07246376811594203 0.11904761904761904
0 0.49420289855072463 0.9126984126984127 0.07101449275362319 0.1349206349206349
0 0.6079710144927536 0.8253968253968254 0.06811594202898551 0.12698412698412698
1 0.7942028985507247 0.7248677248677249 0.07246376811594203 0.12433862433862433
1 0.5594202898550724 0.1746031746031746 0.057971014492753624 0.1111111111111111
1 0.27753623188405796 0.4193121693121693 0.05652173913043478 0.09259259259259259
1 0.22318840579710145 0.4246031746031746 0.06086956521739131 0.09259259259259259
1 0.1289855072463768 0.8002645502645502 0.06376811594202898 0.09788359788359788
1 0.2289855072463768 0.8108465608465608 0.07246376811594203 0.11375661375661375
1 0.27318840579710146 0.701058201058201 0.05652173913043478 0.10582010582010581
1 0.2891304347826087 0.9285714285714286 0.05652173913043478 0.09523809523809523
1 0.33043478260869563 0.9788359788359788 0.057971014492753624 0.042328042328042326