0 0.8946360153256705 0.13204225352112675 0.10919540229885058 0.1936619718309859
0 0.8917624521072797 0.03697183098591549 0.07471264367816093 0.07394366197183098
0 0.4837164750957854 0.20246478873239437 0.08620689655172414 0.15140845070422534
0 0.5086206896551724 0.41725352112676056 0.09195402298850575 0.16901408450704225
0 0.4779693486590038 0.2764084507042254 0.08812260536398467 0.1619718309859155
0 0.2260536398467433 0.4630281690140845 0.09961685823754789 0.16549295774647887
0 0.7519157088122606 0.778169014084507 0.09386973180076628 0.13732394366197184
0 0.9655172413793104 0.43309859154929575 0.06896551724137931 0.15492957746478872
1 0.8017241379310345 0.6144366197183099 0.09386973180076628 0.16549295774647887
1 0.9664750957854407 0.5598591549295775 0.06704980842911877 0.11971830985915492
1 0.6848659003831418 0.0528169014084507 0.08237547892720307 0.1056338028169014
1 0.7270114942528736 0.20950704225352113 0.09578544061302682 0.17253521126760563
1 0.3975095785440613 0.5897887323943662 0.09386973180076628 0.176056338028169
1 0.29118773946360155 0.4084507042253521 0.08045977011494253 0.14788732394366197
1 0.45689655172413796 0.971830985915493 0.09770114942528736 0.056338028169014086