0 0.896774193548387 0.8136094674556213 0.07903225806451612 0.1301775147928994
0 0.9741935483870968 0.591715976331361 0.05161290322580645 0.13609467455621302
0 0.21370967741935484 0.584319526627219 0.08225806451612903 0.15976331360946747
0 0.1975806451612903 0.4896449704142012 0.1 0.16568047337278108
0 0.6096774193548387 0.35650887573964496 0.07580645161290323 0.13609467455621302
0 0.657258064516129 0.3831360946745562 0.07258064516129033 0.1301775147928994
1 0.8169354838709677 0.6050295857988166 0.08870967741935484 0.14792899408284024
1 0.25806451612903225 0.16863905325443787 0.08870967741935484 0.15976331360946747
1 0.45725806451612905 0.2514792899408284 0.07258064516129033 0.13609467455621302
1 0.8048387096774193 0.4970414201183432 0.06129032258064516 0.10059171597633136
1 0.29193548387096774 0.841715976331361 0.06612903225806452 0.10355029585798817
1 0.6524193548387097 0.9585798816568047 0.08548387096774193 0.08284023668639054