0 0.31067251461988304 0.2862694300518135 0.06140350877192982 0.11398963730569948
0 0.3369883040935672 0.22279792746113988 0.07894736842105263 0.16580310880829016
0 0.5584795321637427 0.15932642487046633 0.08771929824561403 0.18393782383419688
0 0.6074561403508771 0.6904145077720207 0.07894736842105263 0.14248704663212436
0 0.36257309941520466 0.10621761658031088 0.05555555555555555 0.11398963730569948
1 0.6659356725146199 0.31476683937823835 0.06871345029239766 0.10880829015544041
1 0.6549707602339181 0.18911917098445596 0.054093567251461985 0.11398963730569948
1 0.6059941520467836 0.16968911917098445 0.07163742690058479 0.12176165803108809
1 0.5197368421052632 0.24093264248704663 0.06725146198830409 0.13730569948186527
1 0.5051169590643275 0.5142487046632125 0.0804093567251462 0.15284974093264247
1 0.32821637426900585 0.7098445595854922 0.07456140350877193 0.12435233160621761