0 0.5343915343915344 0.49061032863849763 0.082010582010582 0.1431924882629108
0 0.7321428571428571 0.6150234741784038 0.0701058201058201 0.11971830985915492
0 0.5158730158730159 0.9025821596244131 0.09126984126984126 0.16666666666666666
0 0.3101851851851852 0.7136150234741784 0.07275132275132275 0.12910798122065728
0 0.10648148148148148 0.4413145539906103 0.09391534391534391 0.1643192488262911
0 0.28835978835978837 0.18544600938967137 0.07142857142857142 0.11502347417840375
0 0.24867724867724866 0.1267605633802817 0.07275132275132275 0.12441314553990611
1 0.43915343915343913 0.07276995305164319 0.05291005291005291 0.09624413145539906
1 0.167989417989418 0.35563380281690143 0.10185185185185185 0.17136150234741784
1 0.12367724867724868 0.26173708920187794 0.07142857142857142 0.12441314553990611
1 0.7182539682539683 0.8732394366197183 0.06613756613756613 0.11737089201877934
1 0.6646825396825397 0.5375586854460094 0.07407407407407407 0.1267605633802817
1 0.4503968253968254 0.8626760563380281 0.07407407407407407 0.13615023474178403
1 0.3445767195767196 0.6279342723004695 0.08068783068783068 0.1431924882629108