0 0.31153846153846154 0.16666666666666666 0.07692307692307693 0.10734463276836158
0 0.6853846153846154 0.2612994350282486 0.07076923076923076 0.1016949152542373
0 0.7269230769230769 0.2443502824858757 0.06307692307692307 0.09887005649717515
0 0.69 0.327683615819209 0.052307692307692305 0.0903954802259887
0 0.49538461538461537 0.7824858757062146 0.06923076923076923 0.11864406779661017
0 0.8523076923076923 0.536723163841808 0.07384615384615385 0.11299435028248588
0 0.8561538461538462 0.4096045197740113 0.055384615384615386 0.07627118644067797
0 0.5169230769230769 0.05649717514124294 0.07384615384615385 0.11299435028248588
1 0.29307692307692307 0.519774011299435 0.07846153846153846 0.096045197740113
1 0.41 0.5748587570621468 0.06615384615384616 0.11016949152542373
1 0.4492307692307692 0.2528248587570621 0.07846153846153846 0.15254237288135594
1 0.6323076923076923 0.6370056497175142 0.06307692307692307 0.10451977401129943
1 0.7707692307692308 0.2895480225988701 0.08307692307692308 0.096045197740113
1 0.8915384615384615 0.14689265536723164 0.05384615384615385 0.09322033898305085
1 0.88 0.05084745762711865 0.06153846153846154 0.1016949152542373
1 0.7823076923076923 0.0423728813559322 0.05692307692307692 0.0847457627118644