0 0.6117021276595744 0.5766509433962265 0.06515957446808511 0.09905660377358491
0 0.5977393617021277 0.37971698113207547 0.05452127659574468 0.11556603773584906
0 0.394281914893617 0.5023584905660378 0.0678191489361702 0.11320754716981132
0 0.4242021276595745 0.9492924528301887 0.05851063829787234 0.08254716981132075
0 0.2892287234042553 0.9139150943396226 0.0598404255319149 0.06367924528301887
0 0.6163563829787234 0.6851415094339622 0.04654255319148936 0.10849056603773585
1 0.6103723404255319 0.22287735849056603 0.05186170212765957 0.08018867924528301
1 0.418218085106383 0.27122641509433965 0.05851063829787234 0.125
1 0.5997340425531915 0.3490566037735849 0.05585106382978723 0.08254716981132075
1 0.5166223404255319 0.7275943396226415 0.05186170212765957 0.11320754716981132
1 0.3470744680851064 0.6639150943396226 0.05053191489361702 0.11084905660377359
1 0.4208776595744681 0.8242924528301887 0.05585106382978723 0.09198113207547169
1 0.29986702127659576 0.5672169811320755 0.07446808510638298 0.1179245283018868