0 0.1300872093023256 0.5263157894736842 0.061046511627906974 0.1
0 0.27180232558139533 0.5434210526315789 0.06540697674418605 0.10526315789473684
0 0.15334302325581395 0.8526315789473684 0.06395348837209303 0.10789473684210527
0 0.7638081395348837 0.7460526315789474 0.07703488372093023 0.11842105263157894
0 0.6061046511627907 0.34210526315789475 0.061046511627906974 0.10789473684210527
0 0.5857558139534884 0.4868421052631579 0.07412790697674419 0.11052631578947368
0 0.502906976744186 0.4618421052631579 0.06395348837209303 0.12631578947368421
0 0.49709302325581395 0.32105263157894737 0.06540697674418605 0.12105263157894737
1 0.2558139534883721 0.4605263157894737 0.059593023255813955 0.11842105263157894
1 0.12718023255813954 0.6276315789473684 0.05813953488372093 0.09473684210526316
1 0.20784883720930233 0.9894736842105263 0.061046511627906974 0.021052631578947368
1 0.6286337209302325 0.9276315789473685 0.059593023255813955 0.08421052631578947
1 0.748546511627907 0.18421052631578946 0.05377906976744186 0.11315789473684211
1 0.5421511627906976 0.20921052631578949 0.06540697674418605 0.09473684210526316
1 0.5021802325581395 0.1394736842105263 0.06395348837209303 0.11315789473684211
1 0.3386627906976744 0.41578947368421054 0.055232558139534885 0.09473684210526316
1 0.34011627906976744 0.5210526315789473 0.05813953488372093 0.11578947368421053