0 0.7271341463414634 0.9682320441988951 0.054878048780487805 0.06353591160220995
0 0.645579268292683 0.35497237569060774 0.06402439024390244 0.09944751381215469
0 0.583079268292683 0.5718232044198895 0.056402439024390245 0.09116022099447514
0 0.5457317073170732 0.3011049723756906 0.057926829268292686 0.09392265193370165
0 0.5213414634146342 0.42955801104972374 0.04878048780487805 0.10220994475138122
0 0.2804878048780488 0.42265193370165743 0.06554878048780488 0.09392265193370165
0 0.14710365853658536 0.2941988950276243 0.04725609756097561 0.09392265193370165
0 0.15167682926829268 0.47928176795580113 0.05945121951219512 0.08287292817679558
0 0.23170731707317074 0.5980662983425414 0.001524390243902439 0.0027624309392265192
0 0.24085365853658536 0.6187845303867403 0.004573170731707317 0.0027624309392265192
1 0.29496951219512196 0.3080110497237569 0.04725609756097561 0.10773480662983426
1 0.12042682926829268 0.39088397790055246 0.051829268292682924 0.09944751381215469
1 0.10670731707317073 0.6629834254143646 0.054878048780487805 0.07734806629834254
1 0.35823170731707316 0.4171270718232044 0.056402439024390245 0.09116022099447514
1 0.37347560975609756 0.31629834254143646 0.051829268292682924 0.09668508287292818
1 0.5792682926829268 0.3383977900552486 0.06859756097560976 0.08287292817679558
1 0.5967987804878049 0.24171270718232044 0.06402439024390244 0.08287292817679558
1 0.5899390243902439 0.13535911602209943 0.051829268292682924 0.11602209944751381
1 0.8170731707317073 0.3660220994475138 0.0625 0.12154696132596685
1 0.5503048780487805 0.9558011049723757 0.06402439024390244 0.08839779005524862