0 0.3737785016286645 0.5576923076923077 0.07980456026058631 0.15384615384615385
0 0.43241042345276876 0.47485207100591714 0.07980456026058631 0.13609467455621302
0 0.5301302931596091 0.5295857988165681 0.0749185667752443 0.14497041420118342
0 0.495928338762215 0.6715976331360947 0.08957654723127036 0.15680473372781065
0 0.8127035830618893 0.621301775147929 0.06840390879478828 0.13313609467455623
1 0.31026058631921827 0.23520710059171598 0.07166123778501629 0.12130177514792899
1 0.36400651465798045 0.15976331360946747 0.06840390879478828 0.1242603550295858
1 0.36074918566775244 0.6701183431952663 0.07003257328990228 0.13609467455621302
1 0.2923452768729642 0.6982248520710059 0.07980456026058631 0.13609467455621302
1 0.508957654723127 0.9674556213017751 0.0732899022801303 0.0650887573964497
1 0.7296416938110749 0.3076923076923077 0.06840390879478828 0.1390532544378698