0 0.8181818181818182 0.695054945054945 0.0803030303030303 0.15384615384615385
0 0.543939393939394 0.7513736263736264 0.08181818181818182 0.14560439560439561
0 0.5833333333333334 0.6181318681318682 0.07424242424242425 0.13736263736263737
0 0.4393939393939394 0.6291208791208791 0.07424242424242425 0.1346153846153846
0 0.49924242424242427 0.5494505494505495 0.07575757575757576 0.13186813186813187
0 0.3984848484848485 0.15247252747252749 0.07424242424242425 0.14560439560439561
0 0.49924242424242427 0.016483516483516484 0.0015151515151515152 0.0027472527472527475
1 0.7674242424242425 0.4271978021978022 0.05606060606060606 0.11813186813186813
1 0.3704545454545455 0.7637362637362637 0.08333333333333333 0.14835164835164835
1 0.4265151515151515 0.7362637362637363 0.07878787878787878 0.13736263736263737
1 0.38181818181818183 0.34065934065934067 0.07121212121212121 0.12087912087912088
1 0.43333333333333335 0.29395604395604397 0.0696969696969697 0.13736263736263737
1 0.346969696969697 0.2184065934065934 0.06363636363636363 0.11538461538461539