0 0.4803459119496855 0.3252840909090909 0.06446540880503145 0.11931818181818182
0 0.39858490566037735 0.6178977272727273 0.0660377358490566 0.125
0 0.589622641509434 0.4602272727272727 0.0660377358490566 0.12215909090909091
0 0.5408805031446541 0.40482954545454547 0.07075471698113207 0.13920454545454544
0 0.6053459119496856 0.032670454545454544 0.050314465408805034 0.06534090909090909
0 0.5707547169811321 0.015625 0.07232704402515723 0.03125
1 0.31446540880503143 0.13210227272727273 0.06289308176100629 0.09659090909090909
1 0.37028301886792453 0.10085227272727272 0.06761006289308176 0.11647727272727272
1 0.4339622641509434 0.0625 0.07861635220125786 0.125
1 0.5801886792452831 0.5326704545454546 0.06289308176100629 0.13068181818181818
1 0.75 0.45454545454545453 0.06132075471698113 0.125
1 0.7122641509433962 0.22443181818181818 0.06289308176100629 0.12215909090909091
1 0.6595911949685535 0.19744318181818182 0.05188679245283019 0.11079545454545454
1 0.5959119496855346 0.13210227272727273 0.05660377358490566 0.11931818181818182