0 0.5668316831683168 0.30988023952095806 0.07755775577557755 0.1407185628742515
0 0.5198019801980198 0.3473053892215569 0.0891089108910891 0.16766467065868262
0 0.5618811881188119 0.4116766467065868 0.08250825082508251 0.15868263473053892
0 0.5577557755775577 0.6691616766467066 0.09735973597359736 0.17365269461077845
0 0.7797029702970297 0.3143712574850299 0.07920792079207921 0.1497005988023952
0 0.8151815181518152 0.405688622754491 0.08085808580858085 0.15868263473053892
1 0.5445544554455446 0.014970059880239521 0.0627062706270627 0.029940119760479042
1 0.6435643564356436 0.12874251497005987 0.08745874587458746 0.1497005988023952
1 0.7178217821782178 0.41317365269461076 0.07095709570957096 0.1497005988023952
1 0.31683168316831684 0.4535928143712575 0.07920792079207921 0.1347305389221557
1 0.6757425742574258 0.6392215568862275 0.07095709570957096 0.1437125748502994
1 0.6856435643564357 0.8248502994011976 0.08085808580858085 0.16167664670658682
1 0.7318481848184818 0.7095808383233533 0.052805280528052806 0.10179640718562874
1 0.7095709570957096 0.6392215568862275 0.07425742574257425 0.1497005988023952