0 0.7783911671924291 0.7485714285714286 0.06309148264984227 0.12
0 0.5441640378548895 0.6114285714285714 0.061514195583596214 0.10857142857142857
0 0.5473186119873817 0.49 0.07097791798107256 0.14857142857142858
0 0.7381703470031545 0.6985714285714286 0.05362776025236593 0.10857142857142857
0 0.75 0.2985714285714286 0.02996845425867508 0.11142857142857143
0 0.6892744479495269 0.18142857142857144 0.07886435331230283 0.13714285714285715
1 0.6017350157728707 0.27 0.06782334384858044 0.15714285714285714
1 0.7074132492113565 0.39285714285714285 0.04574132492113565 0.13142857142857142
1 0.748422712933754 0.38142857142857145 0.04416403785488959 0.10857142857142857
1 0.7018927444794952 0.58 0.05993690851735016 0.15142857142857144
1 0.4794952681388013 0.9128571428571428 0.05993690851735016 0.12285714285714286
1 0.5370662460567823 0.9142857142857143 0.05362776025236593 0.11142857142857143
1 0.582018927444795 0.8128571428571428 0.06466876971608833 0.12571428571428572