0 0.7249163879598662 0.13333333333333333 0.05518394648829431 0.10909090909090909
0 0.4991638795986622 0.3696969696969697 0.05518394648829431 0.09696969696969697
0 0.5167224080267558 0.49393939393939396 0.06020066889632107 0.1393939393939394
0 0.6889632107023411 0.2015151515151515 0.046822742474916385 0.1
0 0.7583612040133779 0.6121212121212121 0.03511705685618729 0.11515151515151516
0 0.7015050167224081 0.7575757575757576 0.07190635451505016 0.12121212121212122
1 0.6003344481605352 0.7015151515151515 0.056856187290969896 0.1484848484848485
1 0.6948160535117057 0.5318181818181819 0.03511705685618729 0.1303030303030303
1 0.7382943143812709 0.5272727272727272 0.03511705685618729 0.10303030303030303
1 0.6663879598662207 0.3393939393939394 0.048494983277591976 0.14545454545454545
1 0.39548494983277593 0.08333333333333333 0.051839464882943144 0.11212121212121212
1 0.45484949832775917 0.05757575757575758 0.046822742474916385 0.10303030303030303
1 0.5133779264214047 0.14545454545454545 0.056856187290969896 0.11515151515151516