0 0.5 0.3333333333333333 0.0712166172106825 0.12096774193548387
0 0.8679525222551929 0.7701612903225806 0.06379821958456973 0.11559139784946236
0 0.6090504451038575 0.9045698924731183 0.07270029673590504 0.11827956989247312
0 0.16246290801186944 0.9206989247311828 0.08160237388724036 0.12903225806451613
0 0.29080118694362017 0.864247311827957 0.011869436201780416 0.013440860215053764
0 0.19362017804154302 0.6612903225806451 0.05934718100890208 0.10752688172043011
0 0.13204747774480713 0.5524193548387096 0.06231454005934718 0.09408602150537634
1 0.672106824925816 0.8077956989247311 0.06379821958456973 0.12634408602150538
1 0.2774480712166172 0.9811827956989247 0.06528189910979229 0.03763440860215054
1 0.2626112759643917 0.7217741935483871 0.06528189910979229 0.11021505376344086
1 0.12388724035608309 0.6868279569892473 0.06528189910979229 0.09408602150537634
1 0.2507418397626113 0.47446236559139787 0.05341246290801187 0.07258064516129033
1 0.3167655786350148 0.49731182795698925 0.06083086053412463 0.13172043010752688
1 0.35682492581602376 0.4422043010752688 0.06676557863501484 0.13440860215053763