0 0.39985380116959063 0.5595238095238095 0.06140350877192982 0.10846560846560846
0 0.4283625730994152 0.4603174603174603 0.05263157894736842 0.1111111111111111
0 0.4722222222222222 0.39021164021164023 0.049707602339181284 0.10846560846560846
0 0.3435672514619883 0.14947089947089948 0.05555555555555555 0.11904761904761904
1 0.6059941520467836 0.12566137566137567 0.05263157894736842 0.08994708994708994
1 0.564327485380117 0.09259259259259259 0.054093567251461985 0.11375661375661375
1 0.5124269005847953 0.1335978835978836 0.05116959064327485 0.10317460317460317
1 0.3925438596491228 0.03835978835978836 0.05116959064327485 0.07671957671957672
1 0.25219298245614036 0.376984126984127 0.049707602339181284 0.10317460317460317
1 0.3538011695906433 0.24735449735449735 0.04239766081871345 0.08994708994708994
1 0.2953216374269006 0.3835978835978836 0.04678362573099415 0.10846560846560846
1 0.2536549707602339 0.6031746031746031 0.05116959064327485 0.12698412698412698