0 0.6016187050359713 0.4199346405228758 0.09352517985611511 0.19281045751633988
0 0.5215827338129496 0.47058823529411764 0.10071942446043165 0.1895424836601307
0 0.39568345323741005 0.06045751633986928 0.06115107913669065 0.0784313725490196
0 0.381294964028777 0.9411764705882353 0.09712230215827339 0.11764705882352941
0 0.5 0.7173202614379085 0.09352517985611511 0.18627450980392157
0 0.6411870503597122 0.6584967320261438 0.09532374100719425 0.1830065359477124
1 0.460431654676259 0.026143790849673203 0.0683453237410072 0.05228758169934641
1 0.49640287769784175 0.12745098039215685 0.08273381294964029 0.14705882352941177
1 0.4244604316546763 0.1568627450980392 0.08633093525179857 0.1568627450980392
1 0.6681654676258992 0.5049019607843137 0.08273381294964029 0.16993464052287582
1 0.7257194244604317 0.4297385620915033 0.08812949640287769 0.1503267973856209