0 0.5902061855670103 0.6484375 0.08934707903780069 0.153125
0 0.5146048109965635 0.65625 0.07903780068728522 0.15625
0 0.422680412371134 0.6375 0.07903780068728522 0.1375
0 0.39690721649484534 0.965625 0.07216494845360824 0.06875
0 0.13573883161512026 0.8921875 0.06357388316151202 0.1125
0 0.09192439862542956 0.83125 0.070446735395189 0.121875
0 0.0627147766323024 0.7578125 0.06013745704467354 0.096875
0 0.0506872852233677 0.6984375 0.06529209621993128 0.10625
1 0.2104810996563574 0.5375 0.06701030927835051 0.10625
1 0.23797250859106528 0.6171875 0.06357388316151202 0.103125
1 0.27147766323024053 0.684375 0.07216494845360824 0.121875
1 0.29381443298969073 0.803125 0.070446735395189 0.14375
1 0.4424398625429553 0.940625 0.07388316151202749 0.11875
1 0.5352233676975945 0.9484375 0.08075601374570447 0.103125
1 0.6941580756013745 0.8734375 0.07216494845360824 0.08125