0 0.3868110236220472 0.6196428571428572 0.08661417322834646 0.17142857142857143
0 0.4360236220472441 0.49107142857142855 0.09251968503937008 0.15
0 0.5098425196850394 0.3535714285714286 0.07874015748031496 0.15357142857142858
0 0.35039370078740156 0.06428571428571428 0.07086614173228346 0.12857142857142856
1 0.7057086614173228 0.10535714285714286 0.051181102362204724 0.07142857142857142
1 0.6476377952755905 0.0875 0.051181102362204724 0.08571428571428572
1 0.59251968503937 0.08035714285714286 0.06692913385826772 0.125
1 0.5177165354330708 0.04642857142857143 0.08267716535433071 0.09285714285714286
1 0.34448818897637795 0.16964285714285715 0.07086614173228346 0.14642857142857144
1 0.2706692913385827 0.3142857142857143 0.06299212598425197 0.16071428571428573
1 0.2047244094488189 0.6339285714285714 0.03346456692913386 0.14642857142857144