0 0.9252577319587629 0.428125 0.06872852233676977 0.103125
0 0.7671821305841925 0.4046875 0.08247422680412371 0.128125
0 0.9037800687285223 0.2234375 0.07216494845360824 0.128125
0 0.49828178694158076 0.5046875 0.06701030927835051 0.1375
0 0.45962199312714774 0.3609375 0.07388316151202749 0.13125
0 0.44415807560137455 0.675 0.07731958762886598 0.128125
0 0.3642611683848797 0.60625 0.07388316151202749 0.13125
1 0.968213058419244 0.6359375 0.06357388316151202 0.109375
1 0.9355670103092784 0.328125 0.06872852233676977 0.121875
1 0.7353951890034365 0.296875 0.06701030927835051 0.13125
1 0.6537800687285223 0.31875 0.06701030927835051 0.125
1 0.6847079037800687 0.4328125 0.07216494845360824 0.128125
1 0.39862542955326463 0.1921875 0.07560137457044673 0.13125
1 0.15893470790378006 0.534375 0.07903780068728522 0.140625
1 0.40378006872852235 0.3234375 0.07388316151202749 0.1375