0 0.04449838187702265 0.4073529411764706 0.061488673139158574 0.10882352941176471
0 0.08737864077669903 0.40294117647058825 0.059870550161812294 0.10882352941176471
0 0.41828478964401294 0.5544117647058824 0.08090614886731391 0.14705882352941177
0 0.4368932038834951 0.6647058823529411 0.0825242718446602 0.15588235294117647
0 0.4854368932038835 0.75 0.09223300970873786 0.1588235294117647
0 0.22491909385113268 0.6955882352941176 0.07766990291262135 0.1323529411764706
0 0.12135922330097088 0.22058823529411764 0.07766990291262135 0.12058823529411765
0 0.13673139158576053 0.125 0.0744336569579288 0.1264705882352941
0 0.15857605177993528 0.061764705882352944 0.07766990291262135 0.12352941176470589
1 0.4506472491909385 0.9779411764705882 0.07281553398058252 0.04411764705882353
1 0.3414239482200647 0.8676470588235294 0.07928802588996764 0.12352941176470589
1 0.28317152103559873 0.7205882352941176 0.08414239482200647 0.1411764705882353
1 0.18527508090614886 0.47205882352941175 0.07605177993527508 0.1411764705882353
1 0.27750809061488674 0.38529411764705884 0.08737864077669903 0.16176470588235295
1 0.27346278317152106 0.25441176470588234 0.07119741100323625 0.12352941176470589
1 0.3106796116504854 0.17647058823529413 0.06957928802588997 0.1264705882352941
1 0.10275080906148867 0.18529411764705883 0.07119741100323625 0.11470588235294117