0 0.634185303514377 0.06686046511627906 0.06389776357827476 0.13372093023255813
0 0.5646964856230032 0.13372093023255813 0.07827476038338659 0.1511627906976744
0 0.3761980830670926 0.23837209302325582 0.07348242811501597 0.15406976744186046
0 0.5015974440894568 0.30377906976744184 0.06389776357827476 0.125
0 0.4009584664536741 0.42296511627906974 0.0670926517571885 0.1308139534883721
0 0.5143769968051118 0.4680232558139535 0.06869009584664537 0.14534883720930233
0 0.5439297124600639 0.9433139534883721 0.0670926517571885 0.11337209302325581
1 0.43610223642172524 0.8866279069767442 0.06070287539936102 0.10465116279069768
1 0.4257188498402556 0.7369186046511628 0.06389776357827476 0.125
1 0.4936102236421725 0.7747093023255814 0.05910543130990415 0.12209302325581395
1 0.26757188498402557 0.376453488372093 0.07028753993610223 0.10465116279069768
1 0.7452076677316294 0.24563953488372092 0.03354632587859425 0.11337209302325581
1 0.3210862619808307 0.3386627906976744 0.054313099041533544 0.13372093023255813