0 0.4619883040935672 0.49074074074074076 0.07748538011695906 0.1402116402116402
0 0.5124269005847953 0.4351851851851852 0.06871345029239766 0.11375661375661375
0 0.547514619883041 0.3478835978835979 0.059941520467836254 0.1164021164021164
0 0.5635964912280702 0.16666666666666666 0.06432748538011696 0.10846560846560846
0 0.8472222222222222 0.7261904761904762 0.05847953216374269 0.10846560846560846
1 0.7339181286549707 0.6111111111111112 0.07456140350877193 0.13756613756613756
1 0.6776315789473685 0.5251322751322751 0.06725146198830409 0.11375661375661375
1 0.4656432748538012 0.3492063492063492 0.07894736842105263 0.1349206349206349
1 0.6418128654970761 0.6177248677248677 0.07163742690058479 0.12433862433862433
1 0.5950292397660819 0.6917989417989417 0.07163742690058479 0.12169312169312169
1 0.7733918128654971 0.832010582010582 0.07602339181286549 0.12433862433862433
1 0.8318713450292398 0.8359788359788359 0.06286549707602339 0.10582010582010581
1 0.5782163742690059 0.9656084656084656 0.06578947368421052 0.06878306878306878