0 0.4919590643274854 0.6415343915343915 0.06140350877192982 0.14285714285714285
0 0.4415204678362573 0.5502645502645502 0.06286549707602339 0.12962962962962962
0 0.39546783625730997 0.47354497354497355 0.06578947368421052 0.12962962962962962
0 0.38084795321637427 0.8902116402116402 0.05555555555555555 0.10582010582010581
1 0.6425438596491229 0.8412698412698413 0.06140350877192982 0.10317460317460317
1 0.6271929824561403 0.91005291005291 0.05847953216374269 0.10317460317460317
1 0.5562865497076024 0.8558201058201058 0.06286549707602339 0.11375661375661375
1 0.49853801169590645 0.9007936507936508 0.054093567251461985 0.1111111111111111
1 0.36622807017543857 0.7936507936507936 0.04678362573099415 0.1164021164021164
1 0.31432748538011696 0.7023809523809523 0.05263157894736842 0.1164021164021164
1 0.2682748538011696 0.6904761904761905 0.06140350877192982 0.12698412698412698
1 0.2507309941520468 0.47619047619047616 0.05555555555555555 0.12962962962962962