0 0.5435185185185185 0.0436241610738255 0.08703703703703704 0.087248322147651
0 0.5527777777777778 0.15604026845637584 0.08888888888888889 0.1610738255033557
0 0.587037037037037 0.33221476510067116 0.10740740740740741 0.19463087248322147
0 0.40555555555555556 0.7080536912751678 0.1037037037037037 0.18120805369127516
0 0.16666666666666666 0.6610738255033557 0.07962962962962963 0.1342281879194631
1 0.4888888888888889 0.9580536912751678 0.09259259259259259 0.08389261744966443
1 0.2722222222222222 0.7936241610738255 0.08333333333333333 0.14093959731543623
1 0.18888888888888888 0.8154362416107382 0.07962962962962963 0.14093959731543623
1 0.3111111111111111 0.5 0.09074074074074075 0.1610738255033557
1 0.6185185185185185 0.535234899328859 0.09074074074074075 0.16778523489932887
1 0.412962962962963 0.535234899328859 0.09074074074074075 0.1610738255033557
1 0.39166666666666666 0.3875838926174497 0.09444444444444444 0.17114093959731544
1 0.7407407407407407 0.07550335570469799 0.1037037037037037 0.15100671140939598