0 0.39389067524115756 0.6125730994152047 0.07877813504823152 0.14912280701754385
0 0.46061093247588425 0.6213450292397661 0.07234726688102894 0.1286549707602339
0 0.5241157556270096 0.6140350877192983 0.07717041800643087 0.13450292397660818
0 0.5401929260450161 0.966374269005848 0.06752411575562701 0.06725146198830409
0 0.7347266881028939 0.6798245614035088 0.0707395498392283 0.1286549707602339
0 0.8794212218649518 0.7880116959064327 0.0707395498392283 0.11988304093567251
0 0.8496784565916399 0.8552631578947368 0.06430868167202572 0.1111111111111111
0 0.822347266881029 0.9283625730994152 0.06913183279742766 0.11988304093567251
1 0.8480707395498392 0.9400584795321637 0.0594855305466238 0.09941520467836257
1 0.617363344051447 0.9327485380116959 0.0932475884244373 0.13450292397660818
1 0.7483922829581994 0.6169590643274854 0.07395498392282958 0.12280701754385964
1 0.7483922829581994 0.7412280701754386 0.06430868167202572 0.11403508771929824
1 0.4067524115755627 0.9035087719298246 0.07234726688102894 0.11988304093567251
1 0.3834405144694534 0.9385964912280702 0.06430868167202572 0.09064327485380116
1 0.4879421221864952 0.902046783625731 0.08360128617363344 0.13742690058479531
1 0.272508038585209 0.7923976608187134 0.07395498392282958 0.11695906432748537