0 0.40348101265822783 0.75 0.07436708860759493 0.12637362637362637
0 0.8212025316455697 0.7884615384615384 0.060126582278481014 0.06868131868131869
0 0.5870253164556962 0.06593406593406594 0.07911392405063292 0.13186813186813187
0 0.7579113924050633 0.4065934065934066 0.0759493670886076 0.12912087912087913
0 0.6408227848101266 0.03159340659340659 0.08227848101265822 0.06318681318681318
0 0.31170886075949367 0.2925824175824176 0.07436708860759493 0.13736263736263737
1 0.3583860759493671 0.3873626373626374 0.07436708860759493 0.1346153846153846
1 0.3694620253164557 0.07692307692307693 0.056962025316455694 0.07417582417582418
1 0.6954113924050633 0.44505494505494503 0.08860759493670886 0.15934065934065933
1 0.75 0.489010989010989 0.08386075949367089 0.12912087912087913
1 0.6756329113924051 0.0521978021978022 0.06645569620253164 0.1043956043956044