0 0.7 0.35714285714285715 0.06557377049180328 0.12285714285714286
0 0.3959016393442623 0.2814285714285714 0.06885245901639345 0.12285714285714286
0 0.06475409836065574 0.69 0.07049180327868852 0.10857142857142857
0 0.16311475409836065 0.8714285714285714 0.05901639344262295 0.11714285714285715
0 0.34262295081967215 0.7671428571428571 0.060655737704918035 0.11142857142857143
0 0.6860655737704918 0.9457142857142857 0.07377049180327869 0.10857142857142857
0 0.6721311475409836 0.9928571428571429 0.08196721311475409 0.014285714285714285
0 0.7950819672131147 0.9171428571428571 0.08196721311475409 0.11428571428571428
0 0.8950819672131147 0.9042857142857142 0.07868852459016394 0.10285714285714286
1 0.919672131147541 0.4157142857142857 0.06393442622950819 0.11714285714285715
1 0.9032786885245901 0.5485714285714286 0.09180327868852459 0.1
1 0.8131147540983606 0.5514285714285714 0.1 0.12
1 0.6295081967213115 0.3442857142857143 0.07540983606557378 0.12285714285714286
1 0.3122950819672131 0.03 0.060655737704918035 0.06
1 0.05081967213114754 0.38142857142857145 0.09180327868852459 0.12
1 0.37540983606557377 0.9457142857142857 0.07049180327868852 0.08
1 0.5180327868852459 0.9657142857142857 0.07868852459016394 0.06857142857142857
1 0.4516393442622951 0.8228571428571428 0.06885245901639345 0.15714285714285714
1 0.909016393442623 0.9614285714285714 0.060655737704918035 0.07714285714285714