0 0.3625 0.7158385093167702 0.1 0.15838509316770186
0 0.14642857142857144 0.4782608695652174 0.10357142857142858 0.13664596273291926
0 0.19017857142857142 0.9409937888198758 0.09464285714285714 0.11801242236024845
0 0.6205357142857143 0.7950310559006211 0.11607142857142858 0.15838509316770186
0 0.9401785714285714 0.7686335403726708 0.09285714285714286 0.11801242236024845
0 0.9732142857142857 0.39596273291925466 0.05357142857142857 0.14596273291925466
0 0.9267857142857143 0.2841614906832298 0.07321428571428572 0.14596273291925466
0 0.8383928571428572 0.18322981366459629 0.07678571428571429 0.13975155279503104
1 0.6044642857142857 0.2826086956521739 0.08928571428571429 0.1956521739130435
1 0.21607142857142858 0.4114906832298137 0.10535714285714286 0.14596273291925466
1 0.2580357142857143 0.7686335403726708 0.1 0.13975155279503104
1 0.8241071428571428 0.8555900621118012 0.07678571428571429 0.055900621118012424
1 0.7321428571428571 0.7546583850931677 0.10535714285714286 0.17080745341614906
1 0.9214285714285714 0.6770186335403726 0.09821428571428571 0.11801242236024845
1 0.7553571428571428 0.43167701863354035 0.09107142857142857 0.17080745341614906