0 0.3768768768768769 0.849476439790576 0.05105105105105105 0.11518324607329843
0 0.36936936936936937 0.3599476439790576 0.05405405405405406 0.10471204188481675
0 0.6966966966966966 0.034031413612565446 0.05105105105105105 0.06806282722513089
0 0.6659159159159159 0.02356020942408377 0.06156156156156156 0.04712041884816754
0 0.6411411411411412 0.36649214659685864 0.06456456456456457 0.13089005235602094
0 0.7304804804804805 0.8102094240837696 0.05405405405405406 0.112565445026178
0 0.7394894894894894 0.8730366492146597 0.057057057057057055 0.10732984293193717
1 0.38738738738738737 0.7264397905759162 0.052552552552552555 0.12827225130890052
1 0.47822822822822825 0.9856020942408377 0.052552552552552555 0.028795811518324606
1 0.7079579579579579 0.42277486910994766 0.05405405405405406 0.13089005235602094
1 0.7027027027027027 0.17146596858638743 0.04954954954954955 0.0968586387434555
1 0.5533033033033034 0.3219895287958115 0.06606606606606606 0.09947643979057591