0 0.4523809523809524 0.9612903225806452 0.061224489795918366 0.07741935483870968
0 0.5008503401360545 0.5387096774193548 0.08163265306122448 0.16129032258064516
0 0.25595238095238093 0.35161290322580646 0.034013605442176874 0.11290322580645161
0 0.5748299319727891 0.45483870967741935 0.07653061224489796 0.14838709677419354
1 0.28316326530612246 0.2435483870967742 0.04081632653061224 0.0967741935483871
1 0.3299319727891156 0.29838709677419356 0.08843537414965986 0.15483870967741936
1 0.6683673469387755 0.2064516129032258 0.04931972789115646 0.10967741935483871
1 0.6241496598639455 0.12741935483870967 0.05952380952380952 0.1064516129032258
1 0.6062925170068028 0.7403225806451613 0.061224489795918366 0.11935483870967742
1 0.6071428571428571 0.9741935483870968 0.06462585034013606 0.05161290322580645
1 0.1913265306122449 0.7741935483870968 0.05782312925170068 0.10967741935483871