0 0.055357142857142855 0.7903726708074534 0.06785714285714285 0.13043478260869565
0 0.2642857142857143 0.2686335403726708 0.09464285714285714 0.14285714285714285
0 0.5160714285714286 0.4052795031055901 0.10714285714285714 0.15527950310559005
0 0.8553571428571428 0.5900621118012422 0.09107142857142857 0.13664596273291926
0 0.9223214285714286 0.6071428571428571 0.10178571428571428 0.16149068322981366
0 0.4160714285714286 0.6832298136645962 0.09821428571428571 0.16459627329192547
1 0.04732142857142857 0.42080745341614906 0.09464285714285714 0.15217391304347827
1 0.10267857142857142 0.6288819875776398 0.1 0.15217391304347827
1 0.16785714285714284 0.8866459627329193 0.10178571428571428 0.14906832298136646
1 0.2883928571428571 0.7639751552795031 0.10535714285714286 0.17080745341614906
1 0.6455357142857143 0.7531055900621118 0.10892857142857143 0.14285714285714285
1 0.65625 0.4518633540372671 0.10892857142857143 0.15527950310559005
1 0.8758928571428571 0.2484472049689441 0.10714285714285714 0.17080745341614906