0 0.5901898734177216 0.24725274725274726 0.07753164556962025 0.12637362637362637
0 0.6329113924050633 0.3695054945054945 0.08227848101265822 0.1813186813186813
0 0.6186708860759493 0.5480769230769231 0.08227848101265822 0.17857142857142858
0 0.379746835443038 0.25824175824175827 0.0680379746835443 0.13736263736263737
1 0.4137658227848101 0.01098901098901099 0.05221518987341772 0.02197802197802198
1 0.5545886075949367 0.03021978021978022 0.06329113924050633 0.06043956043956044
1 0.4430379746835443 0.5673076923076923 0.06962025316455696 0.13186813186813187
1 0.5704113924050633 0.9107142857142857 0.08544303797468354 0.12362637362637363
1 0.6867088607594937 0.7307692307692307 0.08544303797468354 0.12087912087912088
1 0.7468354430379747 0.6195054945054945 0.04588607594936709 0.1346153846153846
1 0.7761075949367089 0.20467032967032966 0.06645569620253164 0.13736263736263737
1 0.680379746835443 0.10164835164835165 0.09018987341772151 0.12362637362637363