0 0.7990936555891238 0.4276315789473684 0.07099697885196375 0.10263157894736842
0 0.459214501510574 0.4710526315789474 0.07250755287009064 0.1
0 0.08987915407854985 0.7263157894736842 0.09516616314199396 0.13157894736842105
0 0.2054380664652568 0.7026315789473684 0.07250755287009064 0.11052631578947368
0 0.8602719033232629 0.9763157894736842 0.055891238670694864 0.04736842105263158
0 0.8481873111782477 0.6131578947368421 0.0770392749244713 0.11315789473684211
0 0.9131419939577039 0.8473684210526315 0.055891238670694864 0.08947368421052632
1 0.9108761329305136 0.5118421052631579 0.06646525679758308 0.07894736842105263
1 0.8783987915407855 0.8789473684210526 0.054380664652567974 0.12368421052631579
1 0.6306646525679759 0.9578947368421052 0.0649546827794562 0.08421052631578947
1 0.6578549848942599 0.8776315789473684 0.08006042296072508 0.10263157894736842
1 0.6435045317220544 0.2736842105263158 0.06948640483383686 0.11052631578947368
1 0.09743202416918428 0.08026315789473684 0.07250755287009064 0.11315789473684211
1 0.10649546827794562 0.4644736842105263 0.08157099697885196 0.11315789473684211
1 0.42371601208459214 0.8657894736842106 0.0770392749244713 0.11315789473684211
1 0.8255287009063444 0.7381578947368421 0.0755287009063444 0.12105263157894737