0 0.6913109756097561 0.5635838150289018 0.07621951219512195 0.13872832369942195
0 0.5861280487804879 0.407514450867052 0.05945121951219512 0.12138728323699421
0 0.5480182926829268 0.43641618497109824 0.06097560975609756 0.12138728323699421
0 0.5190548780487805 0.8713872832369942 0.06402439024390244 0.11849710982658959
0 0.49771341463414637 0.8395953757225434 0.05945121951219512 0.12427745664739884
0 0.7545731707317073 0.6372832369942196 0.057926829268292686 0.12716763005780346
0 0.8208841463414634 0.7225433526011561 0.04878048780487805 0.08092485549132948
0 0.7096036585365854 0.3815028901734104 0.07164634146341463 0.1531791907514451
1 0.4253048780487805 0.5982658959537572 0.06097560975609756 0.12427745664739884
1 0.4847560975609756 0.08526011560693642 0.06554878048780488 0.1329479768786127
1 0.6059451219512195 0.059248554913294796 0.07164634146341463 0.11849710982658959
1 0.8048780487804879 0.6517341040462428 0.054878048780487805 0.11271676300578035