0 0.5166051660516605 0.6503496503496503 0.07195571955719557 0.14685314685314685
0 0.470479704797048 0.6048951048951049 0.06826568265682657 0.14685314685314685
0 0.5987084870848709 0.6328671328671329 0.07011070110701106 0.12237762237762238
0 0.6845018450184502 0.11013986013986014 0.07564575645756458 0.08041958041958042
0 0.37546125461254615 0.045454545454545456 0.06457564575645756 0.09090909090909091
0 0.22601476014760147 0.5244755244755245 0.03136531365313653 0.1048951048951049
1 0.6171586715867159 0.1555944055944056 0.07933579335793357 0.13636363636363635
1 0.6595940959409594 0.3321678321678322 0.06088560885608856 0.13986013986013987
1 0.6162361623616236 0.25874125874125875 0.06273062730627306 0.12237762237762238
1 0.5673431734317343 0.20104895104895104 0.06826568265682657 0.13286713286713286
1 0.6208487084870848 0.9055944055944056 0.06826568265682657 0.13636363636363635
1 0.29704797047970477 0.4755244755244755 0.08487084870848709 0.15734265734265734
1 0.2555350553505535 0.38986013986013984 0.04428044280442804 0.11538461538461539