0 0.31683168316831684 0.40804597701149425 0.066006600660066 0.1206896551724138
0 0.42161716171617164 0.9669540229885057 0.054455445544554455 0.06609195402298851
0 0.48102310231023104 0.75 0.0627062706270627 0.12931034482758622
0 0.5478547854785478 0.9382183908045977 0.066006600660066 0.1206896551724138
1 0.6476897689768977 0.16522988505747127 0.07425742574257425 0.1235632183908046
1 0.6666666666666666 0.6839080459770115 0.05115511551155116 0.11781609195402298
1 0.6740924092409241 0.728448275862069 0.054455445544554455 0.16379310344827586
1 0.7706270627062707 0.9181034482758621 0.0594059405940594 0.1206896551724138
1 0.2871287128712871 0.6537356321839081 0.06435643564356436 0.11781609195402298
1 0.27145214521452143 0.040229885057471264 0.05115511551155116 0.04597701149425287
1 0.36303630363036304 0.10632183908045977 0.07755775577557755 0.12643678160919541