0 0.6686390532544378 0.9858247422680413 0.0650887573964497 0.028350515463917526
0 0.41346153846153844 0.11984536082474227 0.0621301775147929 0.11082474226804123
0 0.40902366863905326 0.029639175257731958 0.05473372781065089 0.059278350515463915
0 0.5562130177514792 0.18298969072164947 0.0695266272189349 0.13659793814432988
0 0.621301775147929 0.5399484536082474 0.0695266272189349 0.13659793814432988
0 0.6442307692307693 0.6327319587628866 0.0650887573964497 0.10824742268041238
1 0.5369822485207101 0.9587628865979382 0.05917159763313609 0.08247422680412371
1 0.386094674556213 0.48711340206185566 0.06804733727810651 0.13144329896907217
1 0.742603550295858 0.22293814432989692 0.06360946745562131 0.12886597938144329
1 0.6427514792899408 0.21649484536082475 0.08284023668639054 0.10824742268041238
1 0.613905325443787 0.8801546391752577 0.07544378698224852 0.11597938144329897
1 0.7115384615384616 0.6430412371134021 0.05917159763313609 0.1056701030927835