0 0.5287769784172662 0.2140625 0.08093525179856115 0.1375
0 0.8462230215827338 0.7703125 0.08812949640287769 0.146875
0 0.7769784172661871 0.8921875 0.08273381294964029 0.1375
0 0.5719424460431655 0.6875 0.11870503597122302 0.153125
0 0.4856115107913669 0.6828125 0.08992805755395683 0.165625
0 0.1618705035971223 0.9078125 0.07913669064748201 0.134375
0 0.1196043165467626 0.8484375 0.07913669064748201 0.096875
1 0.8273381294964028 0.24375 0.05755395683453238 0.15625
1 0.7661870503597122 0.221875 0.07194244604316546 0.153125
1 0.8848920863309353 0.5546875 0.09172661870503597 0.1625
1 0.5476618705035972 0.90625 0.07014388489208633 0.121875
1 0.4352517985611511 0.9359375 0.09172661870503597 0.103125
1 0.3660071942446043 0.6109375 0.09172661870503597 0.125
1 0.08992805755395683 0.571875 0.08093525179856115 0.11875