0 0.14576271186440679 0.17941176470588235 0.1135593220338983 0.19411764705882353
0 0.02288135593220339 0.3588235294117647 0.04576271186440678 0.14705882352941177
0 0.016101694915254237 0.43676470588235294 0.03220338983050847 0.1323529411764706
0 0.43813559322033896 0.5411764705882353 0.08813559322033898 0.14411764705882352
0 0.4449152542372881 0.6294117647058823 0.09491525423728814 0.15294117647058825
0 0.9194915254237288 0.8544117647058823 0.09152542372881356 0.1588235294117647
1 0.2271186440677966 0.12205882352941176 0.09322033898305085 0.17647058823529413
1 0.3313559322033898 0.11764705882352941 0.08644067796610169 0.17058823529411765
1 0.4661016949152542 0.12941176470588237 0.1 0.14705882352941177
1 0.2627118644067797 0.3911764705882353 0.09830508474576272 0.16470588235294117
1 0.0635593220338983 0.6514705882352941 0.07796610169491526 0.12352941176470589
1 0.3483050847457627 0.8823529411764706 0.09661016949152543 0.13529411764705881
1 0.4483050847457627 0.888235294117647 0.10508474576271186 0.18823529411764706