0 0.09467455621301775 0.8105670103092784 0.06360946745562131 0.09536082474226804
0 0.16124260355029585 0.46649484536082475 0.05621301775147929 0.08505154639175258
0 0.21671597633136094 0.46005154639175255 0.06656804733727811 0.11597938144329897
0 0.3942307692307692 0.779639175257732 0.07692307692307693 0.10824742268041238
0 0.3269230769230769 0.8492268041237113 0.07100591715976332 0.11855670103092783
0 0.14201183431952663 0.9652061855670103 0.0650887573964497 0.06958762886597938
0 0.5251479289940828 0.875 0.08727810650887574 0.12628865979381443
0 0.5769230769230769 0.7860824742268041 0.08284023668639054 0.11597938144329897
0 0.8017751479289941 0.7719072164948454 0.07248520710059171 0.11855670103092783
1 0.19230769230769232 0.7551546391752577 0.07248520710059171 0.09536082474226804
1 0.09393491124260354 0.4948453608247423 0.06360946745562131 0.07216494845360824
1 0.41642011834319526 0.33762886597938147 0.060650887573964495 0.12886597938144329
1 0.34615384615384615 0.43041237113402064 0.0650887573964497 0.08247422680412371
1 0.1301775147928994 0.8737113402061856 0.05029585798816568 0.0979381443298969
1 0.34837278106508873 0.9497422680412371 0.06656804733727811 0.10051546391752578
1 0.40236686390532544 0.9484536082474226 0.06804733727810651 0.10309278350515463
1 0.6205621301775148 0.8891752577319587 0.08284023668639054 0.09278350515463918
1 0.8979289940828402 0.5167525773195877 0.06656804733727811 0.11855670103092783