0 0.6052215189873418 0.14520958083832336 0.061708860759493674 0.12574850299401197
0 0.5814873417721519 0.1781437125748503 0.07278481012658228 0.1377245508982036
0 0.6052215189873418 0.6706586826347305 0.0759493670886076 0.1497005988023952
0 0.6511075949367089 0.5374251497005988 0.08544303797468354 0.1437125748502994
0 0.6518987341772152 0.6212574850299402 0.0759493670886076 0.1377245508982036
0 0.6305379746835443 0.8832335329341318 0.07753164556962025 0.1377245508982036
0 0.7515822784810127 0.531437125748503 0.07911392405063292 0.1407185628742515
0 0.8987341772151899 0.5164670658682635 0.0759493670886076 0.1407185628742515
0 0.884493670886076 0.19161676646706588 0.08227848101265822 0.1437125748502994
1 0.44936708860759494 0.3413173652694611 0.0759493670886076 0.1467065868263473
1 0.4849683544303797 0.7694610778443114 0.08860759493670886 0.17365269461077845
1 0.5150316455696202 0.9670658682634731 0.08386075949367089 0.0658682634730539
1 0.7903481012658228 0.6916167664670658 0.07436708860759493 0.12874251497005987
1 0.8512658227848101 0.5748502994011976 0.0759493670886076 0.1437125748502994
1 0.9731012658227848 0.32934131736526945 0.05379746835443038 0.1317365269461078
1 0.7761075949367089 0.05239520958083832 0.061708860759493674 0.10479041916167664
1 0.7207278481012658 0.05389221556886228 0.06487341772151899 0.10778443113772455
1 0.8014240506329114 0.3338323353293413 0.06645569620253164 0.12574850299401197
1 0.882120253164557 0.40718562874251496 0.06645569620253164 0.12275449101796407