0 0.34982935153583616 0.16517857142857142 0.06143344709897611 0.11607142857142858
0 0.02303754266211604 0.7336309523809523 0.032423208191126277 0.09226190476190477
0 0.16040955631399317 0.8958333333333334 0.06484641638225255 0.1130952380952381
0 0.6868600682593856 0.7321428571428571 0.06655290102389079 0.12202380952380952
0 0.42662116040955633 0.9166666666666666 0.06313993174061433 0.11607142857142858
0 0.7133105802047781 0.8556547619047619 0.07849829351535836 0.12202380952380952
0 0.7960750853242321 0.7142857142857143 0.07849829351535836 0.10416666666666667
0 0.908703071672355 0.6666666666666666 0.07508532423208192 0.08333333333333333
0 0.6510238907849829 0.16220238095238096 0.07167235494880546 0.11011904761904762
1 0.5793515358361775 0.2113095238095238 0.06825938566552901 0.1130952380952381
1 0.8813993174061433 0.1636904761904762 0.05802047781569966 0.10119047619047619
1 0.8745733788395904 0.2976190476190476 0.09044368600682594 0.08333333333333333
1 0.7866894197952219 0.33630952380952384 0.09044368600682594 0.10416666666666667
1 0.9283276450511946 0.7559523809523809 0.06313993174061433 0.11011904761904762
1 0.4257679180887372 0.7916666666666666 0.08361774744027303 0.13095238095238096
1 0.38139931740614336 0.8720238095238095 0.059726962457337884 0.13690476190476192
1 0.6715017064846417 0.9166666666666666 0.07167235494880546 0.13095238095238096
1 0.015358361774744027 0.40773809523809523 0.030716723549488054 0.10714285714285714