0 0.9198250728862973 0.5113636363636364 0.0641399416909621 0.12626262626262627
0 0.9030612244897959 0.6325757575757576 0.08017492711370262 0.12373737373737374
0 0.6552478134110787 0.9532828282828283 0.06559766763848396 0.09343434343434344
0 0.6282798833819242 0.9595959595959596 0.07871720116618076 0.08080808080808081
0 0.1989795918367347 0.6994949494949495 0.0641399416909621 0.11363636363636363
0 0.14504373177842567 0.6313131313131313 0.06997084548104957 0.11616161616161616
0 0.2784256559766764 0.4494949494949495 0.061224489795918366 0.11868686868686869
0 0.3965014577259475 0.4305555555555556 0.07580174927113703 0.12626262626262627
0 0.48615160349854225 0.2967171717171717 0.07580174927113703 0.13636363636363635
1 0.7208454810495627 0.42803030303030304 0.07580174927113703 0.14646464646464646
1 0.32871720116618075 0.07196969696969698 0.07725947521865889 0.13383838383838384
1 0.1967930029154519 0.3421717171717172 0.0728862973760933 0.1388888888888889
1 0.09256559766763849 0.3547979797979798 0.07871720116618076 0.11868686868686869
1 0.3870262390670554 0.8421717171717171 0.08017492711370262 0.14393939393939395
1 0.39577259475218657 0.7361111111111112 0.08454810495626822 0.1388888888888889
1 0.43513119533527694 0.8686868686868687 0.0728862973760933 0.12373737373737374
1 0.8294460641399417 0.9797979797979798 0.06997084548104957 0.04040404040404041
1 0.8651603498542274 0.9141414141414141 0.06997084548104957 0.11868686868686869