0 0.8960317460317461 0.18072289156626506 0.07301587301587302 0.1355421686746988
0 0.6944444444444444 0.6189759036144579 0.08571428571428572 0.1536144578313253
0 0.7682539682539683 0.6430722891566265 0.08571428571428572 0.1536144578313253
0 0.8666666666666667 0.5963855421686747 0.06666666666666667 0.1144578313253012
0 0.6714285714285714 0.8012048192771084 0.07936507936507936 0.15060240963855423
0 0.5611111111111111 0.6716867469879518 0.06507936507936508 0.12650602409638553
0 0.5373015873015873 0.6129518072289156 0.07777777777777778 0.14457831325301204
0 0.6214285714285714 0.1897590361445783 0.06666666666666667 0.12951807228915663
0 0.5873015873015873 0.20933734939759036 0.06190476190476191 0.11746987951807229
1 0.4666666666666667 0.3493975903614458 0.07301587301587302 0.13253012048192772
1 0.38412698412698415 0.8734939759036144 0.0746031746031746 0.1355421686746988
1 0.49126984126984125 0.9728915662650602 0.07777777777777778 0.05421686746987952
1 0.8182539682539682 0.6536144578313253 0.06666666666666667 0.11746987951807229
1 0.9619047619047619 0.41566265060240964 0.06825396825396825 0.12349397590361445
1 0.9 0.3930722891566265 0.06984126984126984 0.12650602409638553
1 0.8325396825396826 0.3704819277108434 0.06984126984126984 0.13253012048192772
1 0.7849206349206349 0.060240963855421686 0.06825396825396825 0.12048192771084337
1 0.734920634920635 0.05271084337349398 0.06666666666666667 0.10542168674698796