0 0.6724683544303798 0.7005988023952096 0.07278481012658228 0.1407185628742515
0 0.4177215189873418 0.8772455089820359 0.08386075949367089 0.16766467065868262
0 0.4596518987341772 0.4476047904191617 0.0680379746835443 0.1377245508982036
0 0.6439873417721519 0.07035928143712575 0.04746835443037975 0.05089820359281437
0 0.569620253164557 0.3967065868263473 0.07120253164556962 0.15868263473053892
0 0.7112341772151899 0.20209580838323354 0.056962025316455694 0.12874251497005987
0 0.7666139240506329 0.18712574850299402 0.06487341772151899 0.1437125748502994
1 0.43670886075949367 0.1661676646706587 0.05379746835443038 0.10479041916167664
1 0.4936708860759494 0.17365269461077845 0.05379746835443038 0.09880239520958084
1 0.5253164556962026 0.25149700598802394 0.060126582278481014 0.12574850299401197
1 0.5348101265822784 0.12724550898203593 0.055379746835443035 0.1347305389221557
1 0.5949367088607594 0.6511976047904192 0.06329113924050633 0.1317365269461078
1 0.6645569620253164 0.5808383233532934 0.07278481012658228 0.12275449101796407
1 0.7310126582278481 0.594311377245509 0.0680379746835443 0.12275449101796407
1 0.7721518987341772 0.14820359281437126 0.058544303797468354 0.07784431137724551