0 0.8615107913669064 0.0703125 0.11870503597122302 0.140625
0 0.3210431654676259 0.328125 0.09712230215827339 0.1625
0 0.04316546762589928 0.753125 0.08633093525179857 0.18125
0 0.2077338129496403 0.6203125 0.11690647482014388 0.2
0 0.2580935251798561 0.821875 0.13129496402877697 0.221875
0 0.7203237410071942 0.7453125 0.11151079136690648 0.184375
0 0.7329136690647482 0.675 0.10431654676258993 0.16875
1 0.9019784172661871 0.33125 0.10431654676258993 0.146875
1 0.9298561151079137 0.4625 0.09172661870503597 0.146875
1 0.5872302158273381 0.059375 0.10251798561151079 0.11875
1 0.5179856115107914 0.0984375 0.08992805755395683 0.1625
1 0.49550359712230213 0.4390625 0.10971223021582734 0.19375
1 0.49640287769784175 0.9203125 0.08992805755395683 0.159375
1 0.4118705035971223 0.94375 0.14388489208633093 0.1125