0 0.9211864406779661 0.36323529411764705 0.06610169491525424 0.09705882352941177
0 0.9483050847457627 0.4264705882352941 0.06610169491525424 0.08529411764705883
0 0.4533898305084746 0.3720588235294118 0.06949152542372881 0.10588235294117647
0 0.2584745762711864 0.23088235294117648 0.05593220338983051 0.12941176470588237
0 0.08559322033898305 0.9308823529411765 0.08813559322033898 0.12941176470588237
0 0.12033898305084746 0.9647058823529412 0.07457627118644068 0.07058823529411765
0 0.3474576271186441 0.6558823529411765 0.09491525423728814 0.14705882352941177
0 0.7271186440677966 0.9470588235294117 0.0711864406779661 0.08235294117647059
1 0.7288135593220338 0.36470588235294116 0.06610169491525424 0.14705882352941177
1 0.6796610169491526 0.36617647058823527 0.06949152542372881 0.15
1 0.3771186440677966 0.4235294117647059 0.09152542372881356 0.11470588235294117
1 0.4330508474576271 0.9529411764705882 0.09322033898305085 0.09411764705882353
1 0.0288135593220339 0.7514705882352941 0.05084745762711865 0.15294117647058825
1 0.4847457627118644 0.9808823529411764 0.061016949152542375 0.03823529411764706
1 0.9567796610169491 0.925 0.0576271186440678 0.09705882352941177
1 0.9576271186440678 0.7705882352941177 0.08135593220338982 0.11470588235294117