0 0.5797101449275363 0.25157232704402516 0.07065217391304347 0.1540880503144654
0 0.6114130434782609 0.5943396226415094 0.07789855072463768 0.14779874213836477
0 0.5362318840579711 0.6650943396226415 0.09239130434782608 0.16352201257861634
0 0.213768115942029 0.1871069182389937 0.043478260869565216 0.12578616352201258
0 0.21920289855072464 0.30345911949685533 0.043478260869565216 0.13836477987421383
1 0.2509057971014493 0.6776729559748428 0.06702898550724638 0.1320754716981132
1 0.25 0.7908805031446541 0.05434782608695652 0.10062893081761007
1 0.7436594202898551 0.7814465408805031 0.07065217391304347 0.1289308176100629
1 0.6213768115942029 0.18081761006289307 0.07246376811594203 0.1320754716981132
1 0.5516304347826086 0.09433962264150944 0.10144927536231885 0.11949685534591195
1 0.37318840579710144 0.2028301886792453 0.07608695652173914 0.1918238993710692