0 0.32033898305084746 0.1323529411764706 0.07457627118644068 0.14705882352941177
0 0.37203389830508476 0.13970588235294118 0.06949152542372881 0.11764705882352941
0 0.0423728813559322 0.45588235294117646 0.0711864406779661 0.1
0 0.026271186440677965 0.5617647058823529 0.05254237288135593 0.12352941176470589
0 0.32033898305084746 0.38088235294117645 0.11864406779661017 0.15588235294117647
0 0.25508474576271184 0.8323529411764706 0.07796610169491526 0.10588235294117647
0 0.33220338983050846 0.8764705882352941 0.08305084745762711 0.12352941176470589
0 0.5601694915254237 0.7294117647058823 0.12033898305084746 0.18823529411764706
1 0.6915254237288135 0.9088235294117647 0.06779661016949153 0.14705882352941177
1 0.502542372881356 0.9367647058823529 0.06949152542372881 0.1264705882352941
1 0.6067796610169491 0.2926470588235294 0.09152542372881356 0.17058823529411765
1 0.1483050847457627 0.31176470588235294 0.059322033898305086 0.10294117647058823
1 0.11016949152542373 0.475 0.07966101694915254 0.15294117647058825
1 0.13644067796610168 0.10441176470588236 0.07796610169491526 0.11764705882352941
1 0.18559322033898304 0.7205882352941176 0.059322033898305086 0.11176470588235295
1 0.22203389830508474 0.4808823529411765 0.10338983050847457 0.14411764705882352
1 0.3254237288135593 0.5352941176470588 0.0847457627118644 0.11764705882352941