0 0.07167832167832168 0.36363636363636365 0.08916083916083917 0.1393939393939394
0 0.1451048951048951 0.36515151515151517 0.09090909090909091 0.13333333333333333
0 0.48776223776223776 0.15757575757575756 0.09615384615384616 0.15151515151515152
0 0.1215034965034965 0.6060606060606061 0.08041958041958042 0.1303030303030303
0 0.4519230769230769 0.7378787878787879 0.10314685314685315 0.1787878787878788
0 0.48863636363636365 0.7212121212121212 0.0979020979020979 0.18181818181818182
0 0.8907342657342657 0.9393939393939394 0.07867132867132867 0.12121212121212122
0 0.9536713286713286 0.8045454545454546 0.04895104895104895 0.12121212121212122
0 0.2893356643356643 0.7803030303030303 0.09090909090909091 0.15454545454545454
1 0.16258741258741258 0.03333333333333333 0.0944055944055944 0.06666666666666667
1 0.2692307692307692 0.06363636363636363 0.10139860139860139 0.12727272727272726
1 0.23601398601398602 0.2863636363636364 0.08391608391608392 0.13636363636363635
1 0.2875874125874126 0.5151515151515151 0.08216783216783216 0.16363636363636364
1 0.3881118881118881 0.4090909090909091 0.11363636363636363 0.15151515151515152
1 0.6826923076923077 0.9090909090909091 0.09090909090909091 0.13636363636363635
1 0.2631118881118881 0.7848484848484848 0.08741258741258741 0.13333333333333333
1 0.7027972027972028 0.703030303030303 0.10139860139860139 0.16363636363636364