0 0.5254629629629629 0.2849462365591398 0.07407407407407407 0.13709677419354838
0 0.2569444444444444 0.46236559139784944 0.06790123456790123 0.11827956989247312
0 0.25771604938271603 0.9852150537634409 0.08024691358024691 0.02956989247311828
0 0.39351851851851855 0.9865591397849462 0.07098765432098765 0.026881720430107527
0 0.5439814814814815 0.6586021505376344 0.08024691358024691 0.12634408602150538
0 0.7939814814814815 0.7446236559139785 0.08333333333333333 0.11559139784946236
0 0.841820987654321 0.6774193548387096 0.07253086419753087 0.12096774193548387
1 0.07253086419753087 0.6330645161290323 0.06635802469135803 0.11827956989247312
1 0.31867283950617287 0.43951612903225806 0.07098765432098765 0.11827956989247312
1 0.17592592592592593 0.7110215053763441 0.08179012345679013 0.13709677419354838
1 0.09876543209876543 0.728494623655914 0.08024691358024691 0.12096774193548387
1 0.5995370370370371 0.8763440860215054 0.08796296296296297 0.14516129032258066
1 0.7175925925925926 0.8104838709677419 0.08179012345679013 0.12096774193548387
1 0.6157407407407407 0.5645161290322581 0.07253086419753087 0.12365591397849462
1 0.9128086419753086 0.41935483870967744 0.08024691358024691 0.1424731182795699