0 0.6096096096096096 0.36518324607329844 0.08258258258258258 0.14397905759162305
0 0.37537537537537535 0.09947643979057591 0.07957957957957958 0.13350785340314136
0 0.12912912912912913 0.42539267015706805 0.08708708708708708 0.13612565445026178
0 0.057057057057057055 0.29842931937172773 0.07507507507507508 0.12041884816753927
0 0.17192192192192193 0.5916230366492147 0.07957957957957958 0.1387434554973822
0 0.2132132132132132 0.6387434554973822 0.0915915915915916 0.1518324607329843
0 0.4294294294294294 0.6047120418848168 0.08858858858858859 0.1518324607329843
0 0.581081081081081 0.9698952879581152 0.06906906906906907 0.060209424083769635
0 0.6103603603603603 0.981675392670157 0.08858858858858859 0.03664921465968586
1 0.16516516516516516 0.04712041884816754 0.08108108108108109 0.09424083769633508
1 0.4361861861861862 0.1806282722513089 0.08108108108108109 0.13350785340314136
1 0.22747747747747749 0.14790575916230367 0.07957957957957958 0.13612565445026178
1 0.03453453453453453 0.3769633507853403 0.06906906906906907 0.11518324607329843
1 0.38963963963963966 0.7997382198952879 0.08108108108108109 0.13612565445026178
1 0.515015015015015 0.9240837696335078 0.09009009009009009 0.14397905759162305
1 0.5570570570570571 0.6531413612565445 0.08858858858858859 0.14921465968586387
1 0.7725225225225225 0.9489528795811518 0.08258258258258258 0.10209424083769633