0 0.375 0.18235294117647058 0.052795031055900624 0.10882352941176471
0 0.3703416149068323 0.26176470588235295 0.05124223602484472 0.09705882352941177
0 0.546583850931677 0.4838235294117647 0.052795031055900624 0.11764705882352941
0 0.59472049689441 0.47205882352941175 0.05745341614906832 0.1323529411764706
0 0.6125776397515528 0.2 0.06677018633540373 0.13823529411764707
0 0.6894409937888198 0.3220588235294118 0.06677018633540373 0.1411764705882353
0 0.6366459627329193 0.058823529411764705 0.055900621118012424 0.11764705882352941
1 0.40062111801242234 0.5088235294117647 0.06366459627329192 0.12352941176470589
1 0.6793478260869565 0.033823529411764704 0.05124223602484472 0.06764705882352941
1 0.7298136645962733 0.6941176470588235 0.062111801242236024 0.14411764705882352
1 0.6211180124223602 0.8338235294117647 0.05745341614906832 0.11176470588235295