0 0.7046178343949044 0.13950276243093923 0.08598726114649681 0.13812154696132597
0 0.42595541401273884 0.34668508287292815 0.08439490445859872 0.13535911602209943
0 0.9633757961783439 0.4723756906077348 0.0732484076433121 0.12154696132596685
0 0.9888535031847133 0.393646408839779 0.022292993630573247 0.09116022099447514
0 0.8861464968152867 0.6933701657458563 0.07802547770700637 0.1298342541436464
0 0.8351910828025477 0.7361878453038674 0.09076433121019108 0.1408839779005525
0 0.5549363057324841 0.7831491712707183 0.09235668789808917 0.13535911602209943
0 0.4020700636942675 0.9723756906077348 0.08439490445859872 0.055248618784530384
1 0.6305732484076433 0.19475138121546962 0.09235668789808917 0.1574585635359116
1 0.892515923566879 0.034530386740331494 0.06847133757961783 0.06906077348066299
1 0.9092356687898089 0.11049723756906077 0.08439490445859872 0.1270718232044199
1 0.8471337579617835 0.19751381215469613 0.09872611464968153 0.15469613259668508
1 0.6162420382165605 0.850828729281768 0.08598726114649681 0.1464088397790055
1 0.4872611464968153 0.9488950276243094 0.08598726114649681 0.10220994475138122
1 0.47611464968152867 0.6850828729281768 0.08598726114649681 0.16298342541436464
1 0.15843949044585987 0.9654696132596685 0.1035031847133758 0.06906077348066299