0 0.35960960960960964 0.4869109947643979 0.06606606606606606 0.11780104712041885
0 0.4572072072072072 0.23298429319371727 0.07957957957957958 0.13089005235602094
0 0.6493993993993994 0.27486910994764396 0.07057057057057058 0.14659685863874344
0 0.6321321321321322 0.5916230366492147 0.08558558558558559 0.13350785340314136
1 0.5052552552552553 0.011780104712041885 0.05555555555555555 0.02356020942408377
1 0.6351351351351351 0.07329842931937172 0.05105105105105105 0.060209424083769635
1 0.5255255255255256 0.31544502617801046 0.07507507507507508 0.12827225130890052
1 0.8153153153153153 0.281413612565445 0.07207207207207207 0.14397905759162305
1 0.7342342342342343 0.18717277486910994 0.08558558558558559 0.1387434554973822
1 0.6636636636636637 0.7905759162303665 0.08108108108108109 0.1256544502617801
1 0.7297297297297297 0.6740837696335078 0.06006006006006006 0.13350785340314136
1 0.5307807807807807 0.9070680628272252 0.08408408408408409 0.13350785340314136