0 0.7751572327044025 0.4371584699453552 0.06446540880503145 0.1366120218579235
0 0.9559748427672956 0.5218579234972678 0.07389937106918239 0.11202185792349727
0 0.9182389937106918 0.9508196721311475 0.05660377358490566 0.09289617486338798
0 0.7177672955974843 0.6489071038251366 0.0770440251572327 0.13114754098360656
0 0.5400943396226415 0.7404371584699454 0.10062893081761007 0.1448087431693989
0 0.45440251572327045 0.7281420765027322 0.09276729559748427 0.12568306010928962
0 0.0440251572327044 0.45491803278688525 0.06761006289308176 0.13387978142076504
0 0.19103773584905662 0.6967213114754098 0.07232704402515723 0.12021857923497267
1 0.5566037735849056 0.2923497267759563 0.08333333333333333 0.14207650273224043
1 0.24764150943396226 0.5218579234972678 0.07861635220125786 0.13934426229508196
1 0.3058176100628931 0.6666666666666666 0.07389937106918239 0.1448087431693989
1 0.42845911949685533 0.8633879781420765 0.07232704402515723 0.13387978142076504
1 0.6886792452830188 0.7991803278688525 0.06918238993710692 0.1448087431693989
1 0.8694968553459119 0.907103825136612 0.07075471698113207 0.13934426229508196
1 0.8522012578616353 0.7513661202185792 0.08490566037735849 0.10382513661202186
1 0.9693396226415094 0.6079234972677595 0.06132075471698113 0.09562841530054644
1 0.6627358490566038 0.9576502732240437 0.08333333333333333 0.08469945355191257