0 0.6669096209912536 0.2159090909090909 0.06997084548104957 0.10858585858585859
0 0.4096209912536443 0.34974747474747475 0.07434402332361516 0.11868686868686869
0 0.16399416909620992 0.8623737373737373 0.06559766763848396 0.10353535353535354
0 0.2820699708454811 0.9595959595959596 0.06559766763848396 0.08080808080808081
0 0.3236151603498542 0.9217171717171717 0.05830903790087463 0.10353535353535354
0 0.7470845481049563 0.7689393939393939 0.0641399416909621 0.11363636363636363
0 0.7711370262390671 0.7765151515151515 0.07871720116618076 0.13131313131313133
0 0.8440233236151603 0.6363636363636364 0.0728862973760933 0.10101010101010101
0 0.9278425655976676 0.5707070707070707 0.07434402332361516 0.10353535353535354
1 0.8542274052478134 0.16287878787878787 0.06559766763848396 0.1111111111111111
1 0.6100583090379009 0.27146464646464646 0.07580174927113703 0.13131313131313133
1 0.12973760932944606 0.6123737373737373 0.08746355685131195 0.11363636363636363
1 0.2725947521865889 0.7613636363636364 0.09037900874635568 0.11616161616161616
1 0.4978134110787172 0.8939393939393939 0.0728862973760933 0.13383838383838384
1 0.5604956268221575 0.8434343434343434 0.08892128279883382 0.13636363636363635
1 0.7864431486880467 0.32196969696969696 0.06997084548104957 0.09848484848484848
1 0.8680758017492711 0.26641414141414144 0.0728862973760933 0.09595959595959595
1 0.9497084548104956 0.6388888888888888 0.06268221574344024 0.10606060606060606