0 0.8501805054151624 0.3715753424657534 0.06859205776173286 0.1095890410958904
0 0.5550541516245487 0.4023972602739726 0.0631768953068592 0.11986301369863013
0 0.4936823104693141 0.4674657534246575 0.0631768953068592 0.14383561643835616
0 0.3844765342960289 0.339041095890411 0.07581227436823104 0.136986301369863
0 0.73014440433213 0.9674657534246576 0.0631768953068592 0.06506849315068493
0 0.9548736462093863 0.9914383561643836 0.05415162454873646 0.017123287671232876
0 0.7969314079422383 0.8835616438356164 0.07581227436823104 0.13356164383561644
0 0.9494584837545126 0.6643835616438356 0.0740072202166065 0.136986301369863
1 0.9648014440433214 0.8373287671232876 0.048736462093862815 0.07191780821917808
1 0.9467509025270758 0.9332191780821918 0.05956678700361011 0.0958904109589041
1 0.48826714801444043 0.934931506849315 0.0776173285198556 0.13013698630136986
1 0.3546931407942238 0.6421232876712328 0.08844765342960288 0.11301369863013698
1 0.723826714801444 0.5154109589041096 0.06498194945848375 0.11643835616438356
1 0.6877256317689531 0.375 0.061371841155234655 0.11986301369863013
1 0.38086642599277976 0.2688356164383562 0.0776173285198556 0.1232876712328767