0 0.6063988095238095 0.4637305699481865 0.06994047619047619 0.12953367875647667
0 0.7410714285714286 0.6852331606217616 0.07738095238095238 0.11917098445595854
0 0.5126488095238095 0.7150259067357513 0.09672619047619048 0.17616580310880828
0 0.19940476190476192 0.3380829015544041 0.08630952380952381 0.15025906735751296
0 0.23735119047619047 0.2914507772020725 0.07142857142857142 0.13212435233160622
1 0.5119047619047619 0.07642487046632124 0.08779761904761904 0.13730569948186527
1 0.5282738095238095 0.14637305699481865 0.09077380952380952 0.14248704663212436
1 0.609375 0.5893782383419689 0.08035714285714286 0.16321243523316062
1 0.33556547619047616 0.7072538860103627 0.08928571428571429 0.17098445595854922
1 0.31398809523809523 0.8536269430051814 0.09523809523809523 0.15025906735751296
1 0.29017857142857145 0.6528497409326425 0.08333333333333333 0.13212435233160622