0 0.10642570281124498 0.07517482517482517 0.0963855421686747 0.13286713286713286
0 0.0963855421686747 0.32517482517482516 0.08835341365461848 0.19230769230769232
0 0.34437751004016065 0.9213286713286714 0.07228915662650602 0.12937062937062938
0 0.39156626506024095 0.9248251748251748 0.09437751004016064 0.13636363636363635
0 0.7329317269076305 0.3741258741258741 0.0823293172690763 0.15734265734265734
0 0.7299196787148594 0.19405594405594406 0.0823293172690763 0.17482517482517482
0 0.21184738955823293 0.48426573426573427 0.10843373493975904 0.16783216783216784
0 0.9548192771084337 0.9388111888111889 0.06224899598393574 0.12237762237762238
1 0.030120481927710843 0.6993006993006993 0.060240963855421686 0.13986013986013987
1 0.1465863453815261 0.38986013986013984 0.11244979919678715 0.1258741258741259
1 0.3985943775100402 0.263986013986014 0.08032128514056225 0.1958041958041958
1 0.4387550200803213 0.14685314685314685 0.07630522088353414 0.15734265734265734
1 0.45582329317269077 0.35664335664335667 0.08032128514056225 0.1993006993006993
1 0.0963855421686747 0.8094405594405595 0.07228915662650602 0.15734265734265734
1 0.6837349397590361 0.9353146853146853 0.08634538152610442 0.12937062937062938