0 0.6096774193548387 0.7178770949720671 0.08387096774193549 0.15363128491620112
0 0.40161290322580645 0.2905027932960894 0.0935483870967742 0.14804469273743018
0 0.36370967741935484 0.48463687150837986 0.08870967741935484 0.15921787709497207
0 0.38306451612903225 0.6871508379888268 0.08548387096774193 0.16201117318435754
1 0.4774193548387097 0.046089385474860335 0.0967741935483871 0.09217877094972067
1 0.6435483870967742 0.42877094972067037 0.07741935483870968 0.1564245810055866
1 0.41935483870967744 0.9399441340782123 0.06935483870967742 0.10614525139664804
1 0.5443548387096774 0.9664804469273743 0.07258064516129033 0.0670391061452514
1 0.2991935483870968 0.8044692737430168 0.0967741935483871 0.15363128491620112
1 0.21935483870967742 0.7164804469273743 0.08548387096774193 0.15363128491620112
1 0.2838709677419355 0.27932960893854747 0.08225806451612903 0.15083798882681565
1 0.3403225806451613 0.15502793296089384 0.1032258064516129 0.1564245810055866