0 0.8704545454545455 0.2744252873563218 0.04393939393939394 0.08333333333333333
0 0.9507575757575758 0.6508620689655172 0.05303030303030303 0.08908045977011494
0 0.8598484848484849 0.5502873563218391 0.048484848484848485 0.11494252873563218
0 0.8075757575757576 0.6839080459770115 0.0803030303030303 0.14367816091954022
0 0.7780303030303031 0.8146551724137931 0.06363636363636363 0.11494252873563218
0 0.43333333333333335 0.9554597701149425 0.07272727272727272 0.08908045977011494
0 0.47954545454545455 0.33045977011494254 0.06666666666666667 0.11206896551724138
0 0.13712121212121212 0.39080459770114945 0.07727272727272727 0.13218390804597702
0 0.15 0.5890804597701149 0.0696969696969697 0.1206896551724138
1 0.7712121212121212 0.3275862068965517 0.05606060606060606 0.10919540229885058
1 0.621969696969697 0.28735632183908044 0.06060606060606061 0.09770114942528736
1 0.30303030303030304 0.3390804597701149 0.05454545454545454 0.10919540229885058
1 0.1159090909090909 0.33764367816091956 0.06515151515151515 0.10344827586206896
1 0.6189393939393939 0.75 0.06212121212121212 0.10057471264367816
1 0.6257575757575757 0.8491379310344828 0.08333333333333333 0.14942528735632185
1 0.6878787878787879 0.5589080459770115 0.06515151515151515 0.1235632183908046
1 0.8984848484848484 0.4382183908045977 0.06818181818181818 0.10632183908045977