0 0.39921875 0.30842391304347827 0.0703125 0.13858695652173914
0 0.6875 0.46059782608695654 0.084375 0.14673913043478262
0 0.66640625 0.5067934782608695 0.0875 0.14130434782608695
0 0.76484375 0.2418478260869565 0.0734375 0.13043478260869565
1 0.42578125 0.017663043478260868 0.0546875 0.035326086956521736
1 0.54609375 0.02717391304347826 0.059375 0.05434782608695652
1 0.6390625 0.14673913043478262 0.0796875 0.11413043478260869
1 0.55390625 0.25407608695652173 0.0703125 0.16847826086956522
1 0.68828125 0.8505434782608695 0.0640625 0.13043478260869565
1 0.77578125 0.20652173913043478 0.0625 0.12771739130434784
1 0.58359375 0.8070652173913043 0.0765625 0.14945652173913043