0 0.27249134948096887 0.338855421686747 0.06920415224913495 0.14759036144578314
0 0.07352941176470588 0.42620481927710846 0.08131487889273356 0.12048192771084337
0 0.11072664359861592 0.9021084337349398 0.06228373702422145 0.10240963855421686
0 0.33391003460207613 0.5737951807228916 0.08304498269896193 0.14156626506024098
0 0.14965397923875431 0.9759036144578314 0.08131487889273356 0.04819277108433735
0 0.5285467128027682 0.6807228915662651 0.10899653979238755 0.1566265060240964
0 0.6228373702422145 0.6716867469879518 0.10207612456747404 0.1355421686746988
0 0.9126297577854672 0.6460843373493976 0.07958477508650519 0.13253012048192772
1 0.5155709342560554 0.18674698795180722 0.08996539792387544 0.1566265060240964
1 0.8520761245674741 0.4503012048192771 0.08650519031141868 0.1536144578313253
1 0.78719723183391 0.608433734939759 0.07958477508650519 0.15963855421686746
1 0.6496539792387543 0.8207831325301205 0.07785467128027682 0.14759036144578314
1 0.36418685121107264 0.7409638554216867 0.07612456747404844 0.15963855421686746
1 0.1643598615916955 0.8554216867469879 0.07612456747404844 0.15060240963855423
1 0.185121107266436 0.6822289156626506 0.09342560553633218 0.11144578313253012
1 0.050173010380622836 0.5225903614457831 0.08131487889273356 0.10843373493975904
1 0.39013840830449825 0.9352409638554217 0.09169550173010381 0.12951807228915663