0 0.50703125 0.33875739644970415 0.0609375 0.12130177514792899
0 0.5421875 0.363905325443787 0.065625 0.13609467455621302
0 0.27109375 0.17751479289940827 0.0609375 0.12721893491124261
0 0.21484375 0.22041420118343194 0.065625 0.1301775147928994
0 0.29921875 0.10650887573964497 0.0625 0.0621301775147929
1 0.22578125 0.14053254437869822 0.0609375 0.05325443786982249
1 0.32890625 0.5355029585798816 0.0671875 0.12130177514792899
1 0.278125 0.6272189349112426 0.0765625 0.13609467455621302
1 0.62265625 0.6168639053254438 0.0703125 0.1242603550295858
1 0.490625 0.019230769230769232 0.05625 0.038461538461538464
1 0.55234375 0.13757396449704143 0.0609375 0.11538461538461539