0 0.0890625 0.27218934911242604 0.0578125 0.09763313609467456
0 0.19453125 0.11390532544378698 0.05625 0.09467455621301775
0 0.521875 0.41124260355029585 0.0625 0.12130177514792899
0 0.49140625 0.26331360946745563 0.0515625 0.08579881656804733
0 0.1859375 0.4319526627218935 0.0796875 0.12130177514792899
0 0.01875 0.5325443786982249 0.0375 0.10059171597633136
0 0.2328125 0.6390532544378699 0.0640625 0.10650887573964497
0 0.21953125 0.7455621301775148 0.0734375 0.1242603550295858
1 0.24375 0.33136094674556216 0.065625 0.1301775147928994
1 0.0640625 0.378698224852071 0.0609375 0.10355029585798817
1 0.16953125 0.6775147928994083 0.06875 0.13609467455621302
1 0.41875 0.7825443786982249 0.08125 0.14497041420118342
1 0.4171875 0.9112426035502958 0.0796875 0.14497041420118342
1 0.63359375 0.33727810650887574 0.0578125 0.11834319526627218
1 0.65546875 0.15532544378698224 0.05625 0.11242603550295859
1 0.375 0.21893491124260356 0.0734375 0.14201183431952663