0 0.34591194968553457 0.25546448087431695 0.0660377358490566 0.14754098360655737
0 0.4960691823899371 0.17896174863387979 0.07232704402515723 0.1557377049180328
0 0.6092767295597484 0.4562841530054645 0.07232704402515723 0.1284153005464481
0 0.6477987421383647 0.5437158469945356 0.08490566037735849 0.1366120218579235
0 0.3058176100628931 0.10245901639344263 0.040880503144654086 0.07103825136612021
1 0.38836477987421386 0.6243169398907104 0.06761006289308176 0.11748633879781421
1 0.5770440251572327 0.12978142076502733 0.08176100628930817 0.11748633879781421
1 0.7075471698113207 0.8019125683060109 0.08333333333333333 0.11748633879781421
1 0.7444968553459119 0.505464480874317 0.059748427672955975 0.10655737704918032
1 0.675314465408805 0.09562841530054644 0.07232704402515723 0.12295081967213115
1 0.3443396226415094 0.15437158469945356 0.08176100628930817 0.16120218579234974