0 0.5411676646706587 0.7926136363636364 0.0748502994011976 0.14488636363636365
0 0.5276946107784432 0.8963068181818182 0.06287425149700598 0.12215909090909091
0 0.5037425149700598 0.8039772727272727 0.06287425149700598 0.11647727272727272
0 0.5494011976047904 0.37073863636363635 0.08532934131736528 0.17897727272727273
0 0.6691616766467066 0.5497159090909091 0.07634730538922156 0.1534090909090909
0 0.6976047904191617 0.48295454545454547 0.07035928143712575 0.14772727272727273
0 0.7020958083832335 0.2599431818181818 0.07934131736526946 0.1590909090909091
0 0.7342814371257484 0.6392045454545454 0.0748502994011976 0.1534090909090909
1 0.4341317365269461 0.6136363636363636 0.06736526946107785 0.13068181818181818
1 0.5853293413173652 0.05965909090909091 0.07784431137724551 0.11931818181818182
1 0.8008982035928144 0.5482954545454546 0.061377245508982034 0.12215909090909091
1 0.8255988023952096 0.6789772727272727 0.04491017964071856 0.07102272727272728