0 0.27380952380952384 0.7474093264248705 0.0625 0.12694300518134716
0 0.3117559523809524 0.8134715025906736 0.07738095238095238 0.13989637305699482
0 0.515625 0.33419689119170987 0.0625 0.11139896373056994
0 0.35639880952380953 0.4676165803108808 0.08482142857142858 0.16321243523316062
0 0.3482142857142857 0.33419689119170987 0.10119047619047619 0.15284974093264247
0 0.390625 0.03756476683937824 0.06398809523809523 0.07512953367875648
1 0.5193452380952381 0.8562176165803109 0.07291666666666667 0.16321243523316062
1 0.6123511904761905 0.5634715025906736 0.06547619047619048 0.15025906735751296
1 0.21577380952380953 0.7033678756476683 0.07291666666666667 0.13989637305699482
1 0.2261904761904762 0.594559585492228 0.05505952380952381 0.12694300518134716
1 0.29910714285714285 0.19948186528497408 0.05952380952380952 0.12953367875647667