0 0.8873239436619719 0.12195121951219512 0.08274647887323944 0.13109756097560976
0 0.8116197183098591 0.6067073170731707 0.09154929577464789 0.13414634146341464
0 0.8345070422535211 0.6341463414634146 0.1056338028169014 0.14329268292682926
0 0.6619718309859155 0.7027439024390244 0.0897887323943662 0.16158536585365854
0 0.1505281690140845 0.49390243902439024 0.12147887323943662 0.17378048780487804
0 0.056338028169014086 0.3719512195121951 0.09507042253521127 0.15548780487804878
0 0.21830985915492956 0.9146341463414634 0.11091549295774648 0.16463414634146342
1 0.39436619718309857 0.7408536585365854 0.10035211267605634 0.125
1 0.09507042253521127 0.725609756097561 0.08450704225352113 0.13414634146341464
1 0.7570422535211268 0.16463414634146342 0.1056338028169014 0.12804878048780488
1 0.9524647887323944 0.4573170731707317 0.0880281690140845 0.10670731707317073
1 0.9551056338028169 0.09908536585365854 0.02640845070422535 0.08536585365853659
1 0.8477112676056338 0.7896341463414634 0.08274647887323944 0.13109756097560976
1 0.7825704225352113 0.8277439024390244 0.08274647887323944 0.14939024390243902