0 0.8683431952662722 0.24097938144329897 0.06656804733727811 0.11597938144329897
0 0.9134615384615384 0.36726804123711343 0.07544378698224852 0.07474226804123711
0 0.9371301775147929 0.7100515463917526 0.05621301775147929 0.08762886597938144
0 0.6723372781065089 0.7048969072164949 0.07840236686390532 0.0979381443298969
0 0.3868343195266272 0.7100515463917526 0.0650887573964497 0.13402061855670103
0 0.2980769230769231 0.7809278350515464 0.057692307692307696 0.0979381443298969
0 0.2625739644970414 0.8994845360824743 0.06656804733727811 0.1134020618556701
0 0.3010355029585799 0.3440721649484536 0.057692307692307696 0.08505154639175258
0 0.47115384615384615 0.5747422680412371 0.07692307692307693 0.09278350515463918
1 0.6671597633136095 0.27319587628865977 0.06804733727810651 0.13917525773195877
1 0.36020710059171596 0.30670103092783507 0.0695266272189349 0.11855670103092783
1 0.11094674556213018 0.7280927835051546 0.06804733727810651 0.13144329896907217
1 0.5007396449704142 0.904639175257732 0.07840236686390532 0.1056701030927835
1 0.6405325443786982 0.6095360824742269 0.05917159763313609 0.1211340206185567
1 0.2958579881656805 0.6198453608247423 0.0695266272189349 0.08505154639175258
1 0.8335798816568047 0.8015463917525774 0.06804733727810651 0.0979381443298969
1 0.7492603550295858 0.6765463917525774 0.060650887573964495 0.11597938144329897
1 0.9282544378698225 0.6327319587628866 0.06656804733727811 0.07216494845360824