0 0.42620481927710846 0.5328571428571428 0.05120481927710843 0.09714285714285714
0 0.4510542168674699 0.42142857142857143 0.058734939759036146 0.12285714285714286
0 0.7183734939759037 0.4928571428571429 0.05572289156626506 0.11428571428571428
0 0.6528614457831325 0.94 0.05120481927710843 0.09428571428571429
0 0.6897590361445783 0.9642857142857143 0.06325301204819277 0.07142857142857142
1 0.4751506024096386 0.8885714285714286 0.058734939759036146 0.09142857142857143
1 0.4246987951807229 0.9242857142857143 0.045180722891566265 0.09142857142857143
1 0.3998493975903614 0.7857142857142857 0.04066265060240964 0.12285714285714286
1 0.4397590361445783 0.8271428571428572 0.04819277108433735 0.10285714285714286
1 0.4939759036144578 0.7214285714285714 0.05572289156626506 0.10571428571428572
1 0.6716867469879518 0.5757142857142857 0.06475903614457831 0.10857142857142857
1 0.7507530120481928 0.12714285714285714 0.06626506024096386 0.09428571428571429
1 0.7296686746987951 0.62 0.060240963855421686 0.09714285714285714