0 0.14710884353741496 0.13793103448275862 0.08333333333333333 0.07389162561576355
0 0.3052721088435374 0.07142857142857142 0.05442176870748299 0.04926108374384237
0 0.33418367346938777 0.05788177339901478 0.04081632653061224 0.03940886699507389
0 0.20238095238095238 0.10344827586206896 0.04251700680272109 0.03694581280788178
0 0.38945578231292516 0.04433497536945813 0.06802721088435375 0.059113300492610835
0 0.5578231292517006 0.007389162561576354 0.034013605442176874 0.014778325123152709
0 0.6241496598639455 0.011083743842364532 0.03741496598639456 0.022167487684729065
0 0.6147959183673469 0.046798029556650245 0.05952380952380952 0.09359605911330049
0 0.5875850340136054 0.017241379310344827 0.0391156462585034 0.034482758620689655
1 0.141156462585034 0.3399014778325123 0.05612244897959184 0.07389162561576355
1 0.23129251700680273 0.24507389162561577 0.09523809523809523 0.11822660098522167
1 0.20408163265306123 0.11330049261083744 0.05272108843537415 0.05665024630541872
1 0.3469387755102041 0.04926108374384237 0.04591836734693878 0.03201970443349754
1 0.40561224489795916 0.024630541871921183 0.06462585034013606 0.034482758620689655
1 0.4379251700680272 0.027093596059113302 0.04591836734693878 0.05172413793103448
1 0.5357142857142857 0.01600985221674877 0.0782312925170068 0.03201970443349754
1 0.44302721088435376 0.17364532019704434 0.08163265306122448 0.1206896551724138
1 0.44302721088435376 0.11330049261083744 0.05782312925170068 0.059113300492610835