0 0.3093841642228739 0.24651162790697675 0.06744868035190615 0.10697674418604651
0 0.4002932551319648 0.02558139534883721 0.06451612903225806 0.05116279069767442
0 0.6854838709677419 0.4104651162790698 0.10263929618768329 0.15813953488372093
0 0.8086510263929618 0.4441860465116279 0.0967741935483871 0.14883720930232558
0 0.9127565982404692 0.37209302325581395 0.045454545454545456 0.06744186046511629
0 0.8826979472140762 0.3383720930232558 0.06744868035190615 0.09069767441860466
0 0.8804985337243402 0.336046511627907 0.05278592375366569 0.07441860465116279
1 0.44941348973607037 0.026744186046511628 0.07771260997067449 0.053488372093023255
1 0.3973607038123167 0.023255813953488372 0.05865102639296188 0.046511627906976744
1 0.2690615835777126 0.7965116279069767 0.0689149560117302 0.10930232558139535
1 0.375366568914956 0.9151162790697674 0.06598240469208211 0.10232558139534884
1 0.4941348973607038 0.963953488372093 0.04398826979472141 0.07209302325581396
1 0.6854838709677419 0.7127906976744186 0.07038123167155426 0.10465116279069768
1 0.6862170087976539 0.1127906976744186 0.06598240469208211 0.08372093023255814
1 0.7419354838709677 0.1813953488372093 0.060117302052785926 0.08139534883720931
1 0.841642228739003 0.4232558139534884 0.08944281524926687 0.13023255813953488