0 0.992879746835443 0.5527522935779816 0.014240506329113924 0.05963302752293578
0 0.8441455696202531 0.7545871559633027 0.0680379746835443 0.06880733944954129
0 0.7183544303797469 0.9747706422018348 0.0759493670886076 0.05045871559633028
0 0.6582278481012658 0.9575688073394495 0.07911392405063292 0.08486238532110092
0 0.9050632911392406 0.9805045871559633 0.04113924050632911 0.0389908256880734
0 0.9177215189873418 0.9254587155963303 0.04588607594936709 0.0779816513761468
0 0.9462025316455697 0.8165137614678899 0.03164556962025317 0.05733944954128441
0 0.571993670886076 0.18577981651376146 0.07753164556962025 0.12155963302752294
1 0.930379746835443 0.47706422018348627 0.04746835443037975 0.08944954128440367
1 0.8924050632911392 0.463302752293578 0.08860759493670886 0.12155963302752294
1 0.946993670886076 0.5963302752293578 0.05379746835443038 0.10091743119266056
1 0.9897151898734177 0.6089449541284404 0.020569620253164556 0.07110091743119266
1 0.9034810126582279 0.7821100917431193 0.056962025316455694 0.07568807339449542
1 0.9414556962025317 0.8405963302752294 0.030063291139240507 0.052752293577981654
1 0.8346518987341772 0.8967889908256881 0.056962025316455694 0.10550458715596331
1 0.7919303797468354 0.9713302752293578 0.0490506329113924 0.05733944954128441
1 0.8275316455696202 0.8119266055045872 0.07278481012658228 0.09403669724770643
1 0.6685126582278481 0.6651376146788991 0.09651898734177215 0.12385321100917432
1 0.33860759493670883 0.09288990825688073 0.07753164556962025 0.15137614678899083