0 0.7637931034482759 0.7638190954773869 0.07586206896551724 0.10804020100502512
0 0.7310344827586207 0.8153266331658291 0.09310344827586207 0.13819095477386933
0 0.36982758620689654 0.038944723618090454 0.08793103448275862 0.07788944723618091
0 0.7836206896551724 0.25125628140703515 0.10862068965517241 0.15577889447236182
0 0.8517241379310345 0.31532663316582915 0.09310344827586207 0.1306532663316583
0 0.7698275862068965 0.13944723618090452 0.08275862068965517 0.0728643216080402
0 0.7543103448275862 0.12939698492462312 0.0896551724137931 0.07537688442211055
0 0.36551724137931035 0.018844221105527637 0.08275862068965517 0.03768844221105527
1 0.9310344827586207 0.23492462311557788 0.03793103448275862 0.03768844221105527
1 0.9336206896551724 0.24623115577889448 0.032758620689655175 0.05025125628140704
1 0.7577586206896552 0.1407035175879397 0.0896551724137931 0.09045226130653267
1 0.6379310344827587 0.07663316582914573 0.07758620689655173 0.09547738693467336
1 0.5353448275862069 0.03391959798994975 0.10517241379310345 0.0678391959798995
1 0.8422413793103448 0.5087939698492462 0.07586206896551724 0.12311557788944724
1 0.618103448275862 0.9547738693467337 0.07758620689655173 0.09045226130653267