0 0.9258160237388724 0.5441810344827587 0.05934718100890208 0.07758620689655173
0 0.6580118694362018 0.2209051724137931 0.11275964391691394 0.05603448275862069
0 0.39243323442136496 0.3125 0.06083086053412463 0.15086206896551724
0 0.21068249258160238 0.07435344827586207 0.09198813056379822 0.10560344827586207
0 0.3301186943620178 0.915948275862069 0.06083086053412463 0.12284482758620689
0 0.7077151335311572 0.8674568965517241 0.04896142433234421 0.08836206896551724
0 0.7507418397626113 0.8739224137931034 0.06973293768545995 0.07758620689655173
0 0.814540059347181 0.8577586206896551 0.07270029673590504 0.08189655172413793
0 0.8798219584569733 0.6131465517241379 0.06379821958456973 0.09267241379310345
1 0.9399109792284867 0.2984913793103448 0.05192878338278932 0.09051724137931035
1 0.7433234421364985 0.4859913793103448 0.07863501483679525 0.07327586206896551
1 0.9629080118694362 0.802801724137931 0.04154302670623145 0.07327586206896551
1 0.8508902077151336 0.8092672413793104 0.06528189910979229 0.05603448275862069
1 0.8249258160237388 0.6379310344827587 0.04599406528189911 0.07543103448275862
1 0.7752225519287834 0.59375 0.06231454005934718 0.05172413793103448
1 0.516320474777448 0.9084051724137931 0.05637982195845697 0.08620689655172414
1 0.1913946587537092 0.16163793103448276 0.04451038575667656 0.10560344827586207
1 0.06379821958456973 0.896551724137931 0.03857566765578635 0.11637931034482758