0 0.22580645161290322 0.3535242290748899 0.08064516129032258 0.11013215859030837
0 0.28225806451612906 0.11674008810572688 0.056451612903225805 0.09911894273127753
0 0.7112903225806452 0.011013215859030838 0.02903225806451613 0.022026431718061675
0 0.7370967741935484 0.3722466960352423 0.06774193548387097 0.1211453744493392
0 0.22983870967741934 0.8403083700440529 0.054838709677419356 0.11674008810572688
0 0.4411290322580645 0.8337004405286343 0.07903225806451612 0.11674008810572688
0 0.22983870967741934 0.7169603524229075 0.07258064516129033 0.1211453744493392
1 0.45725806451612905 0.9129955947136564 0.06612903225806452 0.09691629955947137
1 0.2814516129032258 0.8535242290748899 0.06451612903225806 0.09251101321585903
1 0.40161290322580645 0.7422907488986784 0.06129032258064516 0.11674008810572688
1 0.23951612903225805 0.6024229074889867 0.06774193548387097 0.08149779735682819
1 0.7483870967741936 0.15308370044052863 0.06451612903225806 0.08590308370044053
1 0.41451612903225804 0.10352422907488987 0.06290322580645161 0.09251101321585903
1 0.6120967741935484 0.011013215859030838 0.056451612903225805 0.022026431718061675