0 0.1377551020408163 0.30514705882352944 0.05612244897959184 0.12745098039215685
0 0.2576530612244898 0.6078431372549019 0.08333333333333333 0.09558823529411764
0 0.2976190476190476 0.7095588235294118 0.07993197278911565 0.11029411764705882
0 0.7559523809523809 0.8615196078431373 0.04931972789115646 0.06372549019607843
0 0.7678571428571429 0.9068627450980392 0.04081632653061224 0.05392156862745098
0 0.7193877551020408 0.4571078431372549 0.07482993197278912 0.09313725490196079
0 0.4005102040816326 0.2107843137254902 0.10204081632653061 0.125
0 0.6938775510204082 0.024509803921568627 0.09183673469387756 0.049019607843137254
1 0.11564625850340136 0.12745098039215685 0.05442176870748299 0.056372549019607844
1 0.18622448979591838 0.5943627450980392 0.06462585034013606 0.10049019607843138
1 0.22448979591836735 0.39215686274509803 0.09183673469387756 0.12009803921568628
1 0.43112244897959184 0.883578431372549 0.06972789115646258 0.10049019607843138
1 0.6181972789115646 0.9497549019607843 0.05952380952380952 0.06372549019607843
1 0.5909863945578231 0.8480392156862745 0.06802721088435375 0.11764705882352941
1 0.7108843537414966 0.15808823529411764 0.08333333333333333 0.10049019607843138
1 0.5297619047619048 0.023284313725490197 0.07312925170068027 0.04656862745098039
1 0.6802721088435374 0.012254901960784314 0.0782312925170068 0.024509803921568627