0 0.14420062695924765 0.7286036036036037 0.05329153605015674 0.07882882882882883
0 0.22648902821316613 0.7274774774774775 0.06739811912225706 0.10585585585585586
0 0.3056426332288401 0.18355855855855857 0.045454545454545456 0.08783783783783784
0 0.3322884012539185 0.10698198198198199 0.048589341692789965 0.09009009009009009
0 0.3612852664576803 0.04054054054054054 0.048589341692789965 0.07432432432432433
0 0.7382445141065831 0.6261261261261262 0.08463949843260188 0.0990990990990991
0 0.6755485893416928 0.963963963963964 0.07210031347962383 0.07207207207207207
1 0.45689655172413796 0.22747747747747749 0.05799373040752351 0.1036036036036036
1 0.48119122257053293 0.15765765765765766 0.06426332288401254 0.1036036036036036
1 0.4992163009404389 0.021396396396396396 0.05799373040752351 0.04279279279279279
1 0.7139498432601881 0.9132882882882883 0.07836990595611286 0.1036036036036036