0 0.7598039215686274 0.020053475935828877 0.09215686274509804 0.040106951871657755
0 0.6950980392156862 0.03074866310160428 0.13529411764705881 0.06149732620320856
0 0.5549019607843138 0.022727272727272728 0.10588235294117647 0.045454545454545456
0 0.3656862745098039 0.3810160427807487 0.11372549019607843 0.18449197860962566
0 0.2549019607843137 0.19518716577540107 0.11176470588235295 0.0962566844919786
0 0.1627450980392157 0.2580213903743315 0.10196078431372549 0.09358288770053476
0 0.2568627450980392 0.9451871657754011 0.09019607843137255 0.10962566844919786
0 0.3127450980392157 0.9786096256684492 0.07647058823529412 0.0427807486631016
0 0.9705882352941176 0.31016042780748665 0.043137254901960784 0.12032085561497326
0 0.03431372549019608 0.26737967914438504 0.054901960784313725 0.07219251336898395
1 0.8901960784313725 0.02807486631016043 0.043137254901960784 0.05614973262032086
1 0.8666666666666667 0.01871657754010695 0.050980392156862744 0.0374331550802139
1 0.5813725490196079 0.19518716577540107 0.13333333333333333 0.15240641711229946
1 0.3696078431372549 0.08422459893048129 0.1 0.12834224598930483
1 0.30392156862745096 0.35561497326203206 0.09411764705882353 0.13903743315508021
1 0.17745098039215687 0.5093582887700535 0.09215686274509804 0.13903743315508021
1 0.11470588235294117 0.3663101604278075 0.09411764705882353 0.08823529411764706
1 0.45784313725490194 0.93048128342246 0.0803921568627451 0.13636363636363635
1 0.41274509803921566 0.8141711229946524 0.12745098039215685 0.16042780748663102
1 0.09705882352941177 0.9211229946524064 0.07450980392156863 0.12032085561497326