0 0.8335674157303371 0.8170731707317073 0.0702247191011236 0.09349593495934959
0 0.9171348314606742 0.6036585365853658 0.07584269662921349 0.10569105691056911
0 0.6362359550561798 0.9258130081300813 0.08567415730337079 0.11178861788617886
0 0.5674157303370787 0.8719512195121951 0.07443820224719101 0.1016260162601626
0 0.7001404494382022 0.9278455284552846 0.09129213483146068 0.1443089430894309
0 0.9676966292134831 0.7195121951219512 0.06460674157303371 0.09349593495934959
0 0.9480337078651685 0.7012195121951219 0.06460674157303371 0.09959349593495935
1 0.8026685393258427 0.7703252032520326 0.08146067415730338 0.11178861788617886
1 0.901685393258427 0.8922764227642277 0.047752808988764044 0.07317073170731707
1 0.8441011235955056 0.9085365853658537 0.05196629213483146 0.06707317073170732
1 0.8771067415730337 0.9278455284552846 0.05196629213483146 0.06910569105691057
1 0.723314606741573 0.9735772357723578 0.056179775280898875 0.052845528455284556
1 0.8146067415730337 0.9247967479674797 0.05758426966292135 0.0975609756097561
1 0.8658707865168539 0.8353658536585366 0.060393258426966294 0.09146341463414634
1 0.8426966292134831 0.801829268292683 0.06320224719101124 0.09349593495934959
1 0.6966292134831461 0.7113821138211383 0.08426966292134831 0.10772357723577236
1 0.6004213483146067 0.709349593495935 0.07443820224719101 0.10772357723577236