0 0.3548632218844985 0.17180616740088106 0.11550151975683891 0.15859030837004406
0 0.5083586626139818 0.022026431718061675 0.06534954407294832 0.04405286343612335
0 0.5273556231003039 0.00881057268722467 0.030395136778115502 0.01762114537444934
0 0.7142857142857143 0.11674008810572688 0.060790273556231005 0.06387665198237885
0 0.8465045592705167 0.23458149779735682 0.06382978723404255 0.06828193832599119
0 0.8632218844984803 0.2511013215859031 0.06534954407294832 0.06828193832599119
0 0.7272036474164134 0.355726872246696 0.11398176291793313 0.15638766519823788
1 0.05623100303951368 0.6332599118942731 0.06382978723404255 0.10572687224669604
1 0.49848024316109424 0.025330396475770924 0.08206686930091185 0.05066079295154185
1 0.7917933130699089 0.19383259911894274 0.0790273556231003 0.0881057268722467
1 0.7142857142857143 0.1288546255506608 0.03951367781155015 0.05726872246696035
1 0.6899696048632219 0.09140969162995595 0.030395136778115502 0.03524229074889868
1 0.6139817629179332 0.02973568281938326 0.0547112462006079 0.05947136563876652
1 0.6025835866261399 0.015418502202643172 0.041033434650455926 0.030837004405286344
1 0.8556231003039514 0.24559471365638766 0.0547112462006079 0.06167400881057269