0 0.8257097791798107 0.3176605504587156 0.07728706624605679 0.11926605504587157
0 0.7452681388012619 0.24885321100917432 0.09305993690851735 0.06880733944954129
0 0.7783911671924291 0.9495412844036697 0.10883280757097792 0.08486238532110092
0 0.6837539432176656 0.9048165137614679 0.0583596214511041 0.12385321100917432
0 0.24605678233438485 0.8176605504587156 0.09305993690851735 0.16743119266055045
0 0.23659305993690852 0.5194954128440367 0.11987381703470032 0.1559633027522936
0 0.29574132492113564 0.06307339449541284 0.1277602523659306 0.12614678899082568
0 0.31624605678233436 0.05963302752293578 0.1056782334384858 0.11926605504587157
1 0.945583596214511 0.3738532110091743 0.0583596214511041 0.10779816513761468
1 0.7436908517350158 0.5263761467889908 0.08675078864353312 0.09403669724770643
1 0.8462145110410094 0.7305045871559633 0.08201892744479496 0.0871559633027523
1 0.5189274447949527 0.8772935779816514 0.05993690851735016 0.13761467889908258
1 0.499211356466877 0.875 0.055205047318611984 0.13990825688073394
1 0.4061514195583596 0.7706422018348624 0.0914826498422713 0.13073394495412843
1 0.01971608832807571 0.7247706422018348 0.03943217665615142 0.1559633027522936
1 0.32886435331230285 0.37844036697247707 0.08675078864353312 0.12614678899082568