0 0.6523668639053254 0.07358870967741936 0.07840236686390532 0.0967741935483871
0 0.4452662721893491 0.22983870967741934 0.10502958579881656 0.14112903225806453
0 0.41494082840236685 0.1532258064516129 0.10798816568047337 0.1431451612903226
0 0.34837278106508873 0.20262096774193547 0.10059171597633136 0.12298387096774194
0 0.44970414201183434 0.019153225806451613 0.07396449704142012 0.038306451612903226
0 0.23298816568047337 0.5090725806451613 0.06360946745562131 0.1028225806451613
0 0.21153846153846154 0.6018145161290323 0.05917159763313609 0.08870967741935484
0 0.3868343195266272 0.7086693548387096 0.08875739644970414 0.11491935483870967
0 0.5532544378698225 0.9415322580645161 0.07248520710059171 0.09274193548387097
1 0.7122781065088757 0.12399193548387097 0.06656804733727811 0.0846774193548387
1 0.8321005917159763 0.23084677419354838 0.060650887573964495 0.08064516129032258
1 0.5954142011834319 0.03024193548387097 0.057692307692307696 0.06048387096774194
1 0.4275147928994083 0.02620967741935484 0.08284023668639054 0.05241935483870968
1 0.40236686390532544 0.024193548387096774 0.07396449704142012 0.04838709677419355
1 0.5355029585798816 0.020161290322580645 0.07692307692307693 0.04032258064516129
1 0.5717455621301775 0.04334677419354839 0.09023668639053255 0.08669354838709678
1 0.5465976331360947 0.748991935483871 0.07692307692307693 0.11088709677419355
1 0.6227810650887574 0.7711693548387096 0.07248520710059171 0.09475806451612903
1 0.32470414201183434 0.5272177419354839 0.07692307692307693 0.10685483870967742
1 0.2980769230769231 0.6915322580645161 0.06804733727810651 0.0967741935483871