0 0.7844352617079889 0.5844298245614035 0.06060606060606061 0.1118421052631579
0 0.7947658402203857 0.9769736842105263 0.049586776859504134 0.046052631578947366
0 0.731404958677686 0.22039473684210525 0.06336088154269973 0.08771929824561403
0 0.59366391184573 0.10635964912280702 0.07713498622589532 0.10526315789473684
0 0.5365013774104683 0.0625 0.08402203856749312 0.125
0 0.5413223140495868 0.11732456140350878 0.07851239669421488 0.10526315789473684
0 0.32575757575757575 0.025219298245614034 0.07575757575757576 0.05043859649122807
0 0.2975206611570248 0.05263157894736842 0.06611570247933884 0.10526315789473684
0 0.2741046831955923 0.025219298245614034 0.06887052341597796 0.05043859649122807
0 0.21763085399449036 0.03508771929824561 0.08539944903581267 0.07017543859649122
0 0.10674931129476584 0.13596491228070176 0.07575757575757576 0.15350877192982457
0 0.026170798898071626 0.5570175438596491 0.05234159779614325 0.14473684210526316
0 0.3009641873278237 0.4682017543859649 0.081267217630854 0.12280701754385964
0 0.3216253443526171 0.7960526315789473 0.07162534435261708 0.10307017543859649
0 0.23553719008264462 0.7708333333333334 0.081267217630854 0.12280701754385964
1 0.6790633608815427 0.46600877192982454 0.07162534435261708 0.1206140350877193
1 0.8078512396694215 0.3574561403508772 0.05922865013774105 0.09868421052631579
1 0.696969696969697 0.23903508771929824 0.0743801652892562 0.1162280701754386
1 0.3808539944903581 0.13925438596491227 0.05647382920110193 0.1206140350877193
1 0.22727272727272727 0.021929824561403508 0.06336088154269973 0.043859649122807015
1 0.14325068870523416 0.25 0.08953168044077135 0.12719298245614036
1 0.09986225895316804 0.2598684210526316 0.08953168044077135 0.1206140350877193
1 0.09022038567493113 0.48026315789473684 0.08402203856749312 0.14692982456140352
1 0.06129476584022039 0.6458333333333334 0.07300275482093664 0.125
1 0.290633608815427 0.37280701754385964 0.05922865013774105 0.09649122807017543
1 0.3409090909090909 0.19846491228070176 0.05371900826446281 0.09868421052631579
1 0.7589531680440771 0.7105263157894737 0.06473829201101929 0.09429824561403509
1 0.7134986225895317 0.6984649122807017 0.06473829201101929 0.09868421052631579
1 0.21694214876033058 0.26864035087719296 0.06473829201101929 0.10964912280701754
1 0.24449035812672176 0.5888157894736842 0.0743801652892562 0.1337719298245614