0 0.40434083601286175 0.8878504672897196 0.09485530546623794 0.14719626168224298
0 0.272508038585209 0.8563084112149533 0.07717041800643087 0.09813084112149532
0 0.15434083601286175 0.6238317757009346 0.08038585209003216 0.11682242990654206
0 0.8464630225080386 0.5163551401869159 0.08842443729903537 0.13317757009345793
0 0.9204180064308681 0.33761682242990654 0.0707395498392283 0.10747663551401869
0 0.639871382636656 0.08411214953271028 0.10932475884244373 0.1308411214953271
0 0.6655948553054662 0.10163551401869159 0.10771704180064309 0.12850467289719625
0 0.4252411575562701 0.016355140186915886 0.06913183279742766 0.03271028037383177
1 0.3954983922829582 0.5794392523364486 0.1189710610932476 0.17990654205607476
1 0.29983922829581994 0.6063084112149533 0.10289389067524116 0.14953271028037382
1 0.2757234726688103 0.4264018691588785 0.10289389067524116 0.15186915887850466
1 0.4284565916398714 0.02336448598130841 0.08842443729903537 0.04672897196261682
1 0.6213826366559485 0.04672897196261682 0.06109324758842444 0.07009345794392523
1 0.8102893890675241 0.21378504672897197 0.09646302250803858 0.1191588785046729