0 0.7480916030534351 0.22849462365591397 0.11068702290076336 0.12903225806451613
0 0.5515267175572519 0.364247311827957 0.12786259541984732 0.15053763440860216
0 0.5963740458015268 0.24596774193548387 0.12404580152671756 0.20430107526881722
0 0.4398854961832061 0.28091397849462363 0.1049618320610687 0.14516129032258066
0 0.25095419847328243 0.30510752688172044 0.12404580152671756 0.15591397849462366
0 0.3377862595419847 0.013440860215053764 0.07633587786259542 0.026881720430107527
1 0.7967557251908397 0.11559139784946236 0.09351145038167939 0.06451612903225806
1 0.44179389312977096 0.021505376344086023 0.08587786259541985 0.043010752688172046
1 0.6297709923664122 0.04838709677419355 0.08396946564885496 0.06182795698924731
1 0.40935114503816794 0.7231182795698925 0.12404580152671756 0.1586021505376344
1 0.36736641221374045 0.021505376344086023 0.08969465648854962 0.043010752688172046
1 0.2681297709923664 0.01747311827956989 0.04770992366412214 0.03494623655913978