0 0.5388198757763976 0.9703791469194313 0.07763975155279502 0.05924170616113744
0 0.6537267080745341 0.9822274881516587 0.062111801242236024 0.035545023696682464
0 0.6156832298136646 0.7085308056872038 0.07608695652173914 0.17298578199052134
0 0.7934782608695652 0.95260663507109 0.09006211180124224 0.0947867298578199
0 0.7701863354037267 0.5983412322274881 0.08385093167701864 0.14454976303317535
0 0.7383540372670807 0.3234597156398104 0.08074534161490683 0.11137440758293839
0 0.6086956521739131 0.10426540284360189 0.06832298136645963 0.1066350710900474
0 0.40062111801242234 0.07938388625592417 0.08229813664596274 0.11611374407582939
0 0.3656832298136646 0.11729857819905214 0.07453416149068323 0.0947867298578199
0 0.22282608695652173 0.29976303317535546 0.07298136645962733 0.10900473933649289
0 0.019409937888198756 0.7097156398104265 0.03881987577639751 0.07819905213270142
0 0.06599378881987578 0.7203791469194313 0.05434782608695652 0.061611374407582936
0 0.04425465838509317 0.7772511848341233 0.046583850931677016 0.061611374407582936
0 0.9736024844720497 0.38744075829383884 0.052795031055900624 0.12559241706161137
0 0.8548136645962733 0.16943127962085308 0.11335403726708075 0.13507109004739337
1 0.13819875776397517 0.1623222748815166 0.07453416149068323 0.10900473933649289
1 0.20885093167701863 0.11018957345971564 0.06055900621118013 0.11611374407582939
1 0.5753105590062112 0.1670616113744076 0.062111801242236024 0.11611374407582939
1 0.8136645962732919 0.19549763033175355 0.08074534161490683 0.12559241706161137
1 0.8206521739130435 0.2890995260663507 0.08229813664596274 0.0971563981042654
1 0.9604037267080745 0.4597156398104265 0.07142857142857142 0.12796208530805686
1 0.9503105590062112 0.5592417061611374 0.09472049689440994 0.11848341232227488
1 0.860248447204969 0.8353080568720379 0.10093167701863354 0.17061611374407584
1 0.3687888198757764 0.919431279620853 0.062111801242236024 0.11137440758293839
1 0.2236024844720497 0.6327014218009479 0.08850931677018634 0.12559241706161137
1 0.09394409937888198 0.5343601895734598 0.06521739130434782 0.09004739336492891
1 0.02717391304347826 0.5556872037914692 0.05434782608695652 0.07819905213270142
1 0.011645962732919254 0.6398104265402843 0.023291925465838508 0.0947867298578199
1 0.6234472049689441 0.28791469194312796 0.08695652173913043 0.12085308056872038