0 0.9666666666666667 0.3652073732718894 0.06666666666666667 0.08986175115207373
0 0.9095238095238095 0.3225806451612903 0.0761904761904762 0.08755760368663594
0 0.7634920634920634 0.27534562211981567 0.08095238095238096 0.06912442396313365
0 0.6801587301587302 0.2269585253456221 0.09523809523809523 0.0967741935483871
0 0.3476190476190476 0.8721198156682027 0.10634920634920635 0.14516129032258066
0 0.2714285714285714 0.880184331797235 0.11746031746031746 0.14516129032258066
0 0.1865079365079365 0.8525345622119815 0.08412698412698413 0.1359447004608295
0 0.30158730158730157 0.38940092165898615 0.09682539682539683 0.17972350230414746
0 0.34206349206349207 0.14285714285714285 0.09523809523809523 0.17050691244239632
0 0.24761904761904763 0.07258064516129033 0.08571428571428572 0.14055299539170507
0 0.2849206349206349 0.03110599078341014 0.11904761904761904 0.06221198156682028
1 0.9714285714285714 0.6094470046082949 0.05396825396825397 0.07834101382488479
1 0.8992063492063492 0.5910138248847926 0.08095238095238096 0.09216589861751152
1 0.7857142857142857 0.5288018433179723 0.0873015873015873 0.08294930875576037
1 0.7198412698412698 0.5449308755760369 0.09365079365079365 0.09907834101382489
1 0.5880952380952381 0.9112903225806451 0.050793650793650794 0.11059907834101383
1 0.029365079365079365 0.4965437788018433 0.05873015873015873 0.15898617511520738
1 0.23174603174603176 0.5161290322580645 0.09841269841269841 0.11981566820276497
1 0.011111111111111112 0.761520737327189 0.022222222222222223 0.1359447004608295
1 0.06190476190476191 0.21428571428571427 0.06666666666666667 0.1497695852534562