0 0.04814189189189189 0.7453917050691244 0.060810810810810814 0.11059907834101383
0 0.016047297297297296 0.44815668202764974 0.03209459459459459 0.1175115207373272
0 0.016047297297297296 0.4112903225806452 0.03209459459459459 0.11290322580645161
0 0.03800675675675676 0.45161290322580644 0.07601351351351351 0.16129032258064516
0 0.16976351351351351 0.4228110599078341 0.11317567567567567 0.14746543778801843
0 0.5219594594594594 0.25460829493087556 0.0945945945945946 0.12672811059907835
0 0.5717905405405406 0.12903225806451613 0.08277027027027027 0.08294930875576037
0 0.65625 0.10253456221198157 0.08277027027027027 0.08755760368663594
0 0.8631756756756757 0.423963133640553 0.07939189189189189 0.11059907834101383
0 0.933277027027027 0.673963133640553 0.07263513513513513 0.0967741935483871
0 0.8893581081081081 0.684331797235023 0.05912162162162162 0.10599078341013825
1 0.05405405405405406 0.5967741935483871 0.10641891891891891 0.1175115207373272
1 0.11570945945945946 0.31682027649769584 0.10304054054054054 0.14055299539170507
1 0.22297297297297297 0.5195852534562212 0.1097972972972973 0.1336405529953917
1 0.3268581081081081 0.17972350230414746 0.08783783783783784 0.1152073732718894
1 0.3733108108108108 0.14631336405529954 0.07432432432432433 0.10829493087557604
1 0.6706081081081081 0.3387096774193548 0.08783783783783784 0.11290322580645161
1 0.745777027027027 0.29147465437788017 0.08277027027027027 0.11059907834101383
1 0.8488175675675675 0.20391705069124424 0.07601351351351351 0.10368663594470046
1 0.8690878378378378 0.5069124423963134 0.07432432432432433 0.10368663594470046
1 0.7398648648648649 0.771889400921659 0.08277027027027027 0.1175115207373272