0 0.09020618556701031 0.15147783251231528 0.08247422680412371 0.10837438423645321
0 0.28264604810996563 0.0874384236453202 0.08075601374570447 0.08866995073891626
0 0.5756013745704467 0.09975369458128079 0.07388316151202749 0.07142857142857142
0 0.6512027491408935 0.0960591133004926 0.070446735395189 0.07142857142857142
0 0.7190721649484536 0.12931034482758622 0.044673539518900345 0.08374384236453201
0 0.7156357388316151 0.6564039408866995 0.04639175257731959 0.07635467980295567
0 0.7216494845360825 0.7204433497536946 0.044673539518900345 0.07881773399014778
0 0.7362542955326461 0.7844827586206896 0.05326460481099656 0.0812807881773399
0 0.3470790378006873 0.7660098522167488 0.07216494845360824 0.12807881773399016
0 0.06357388316151202 0.916256157635468 0.044673539518900345 0.10837438423645321
1 0.007731958762886598 0.1687192118226601 0.015463917525773196 0.06157635467980296
1 0.4733676975945017 0.05295566502463054 0.05326460481099656 0.10591133004926108
1 0.6743986254295533 0.3288177339901478 0.07731958762886598 0.0960591133004926
1 0.7336769759450171 0.34236453201970446 0.06701030927835051 0.07881773399014778
1 0.7843642611683849 0.3842364532019704 0.070446735395189 0.0960591133004926
1 0.5274914089347079 0.7142857142857143 0.06701030927835051 0.09113300492610837
1 0.5549828178694158 0.7758620689655172 0.06529209621993128 0.0960591133004926
1 0.5652920962199313 0.8633004926108374 0.061855670103092786 0.1206896551724138
1 0.5438144329896907 0.6022167487684729 0.07903780068728522 0.13054187192118227