0 0.5871559633027523 0.9552083333333333 0.08868501529051988 0.08958333333333333
0 0.6995412844036697 0.7635416666666667 0.10550458715596331 0.15208333333333332
0 0.3287461773700306 0.25 0.10091743119266056 0.1375
0 0.4166666666666667 0.08333333333333333 0.06574923547400612 0.08541666666666667
0 0.463302752293578 0.06041666666666667 0.0779816513761468 0.09375
0 0.5053516819571865 0.013541666666666667 0.04434250764525994 0.027083333333333334
0 0.7836391437308868 0.4739583333333333 0.06422018348623854 0.10416666666666667
0 0.8096330275229358 0.3770833333333333 0.06269113149847094 0.10416666666666667
1 0.5389908256880734 0.715625 0.06269113149847094 0.08125
1 0.7836391437308868 0.5864583333333333 0.06422018348623854 0.07708333333333334
1 0.6773700305810397 0.37395833333333334 0.06880733944954129 0.09791666666666667
1 0.7071865443425076 0.23333333333333334 0.06574923547400612 0.09166666666666666
1 0.5565749235474006 0.010416666666666666 0.04281345565749235 0.020833333333333332
1 0.43425076452599387 0.253125 0.0672782874617737 0.09583333333333334
1 0.363914373088685 0.23854166666666668 0.06880733944954129 0.09375
1 0.2698776758409786 0.4739583333333333 0.0871559633027523 0.10416666666666667