0 0.5730633802816901 0.9294871794871795 0.06866197183098592 0.10512820512820513
0 0.6452464788732394 0.8884615384615384 0.058098591549295774 0.12051282051282051
0 0.6892605633802817 0.7717948717948718 0.07042253521126761 0.1358974358974359
0 0.24735915492957747 0.7730769230769231 0.10211267605633803 0.13076923076923078
0 0.16285211267605634 0.6038461538461538 0.10915492957746478 0.1358974358974359
0 0.8996478873239436 0.28205128205128205 0.1073943661971831 0.1641025641025641
0 0.5202464788732394 0.18076923076923077 0.13380281690140844 0.15897435897435896
0 0.40492957746478875 0.09487179487179487 0.12323943661971831 0.15384615384615385
1 0.35475352112676056 0.8910256410256411 0.08098591549295775 0.1358974358974359
1 0.4894366197183099 0.7769230769230769 0.07042253521126761 0.10512820512820513
1 0.4524647887323944 0.6230769230769231 0.08450704225352113 0.16666666666666666
1 0.3389084507042254 0.517948717948718 0.10035211267605634 0.14871794871794872
1 0.289612676056338 0.3525641025641026 0.09154929577464789 0.1282051282051282
1 0.6223591549295775 0.16666666666666666 0.09154929577464789 0.16153846153846155
1 0.6214788732394366 0.04871794871794872 0.10915492957746478 0.09487179487179487
1 0.5079225352112676 0.015384615384615385 0.07570422535211267 0.03076923076923077
1 0.3609154929577465 0.029487179487179487 0.09859154929577464 0.05897435897435897