0 0.11858974358974358 0.6462882096069869 0.10737179487179487 0.13973799126637554
0 0.2091346153846154 0.31222707423580787 0.08974358974358974 0.1091703056768559
0 0.5024038461538461 0.09934497816593886 0.10576923076923077 0.12882096069868995
0 0.4495192307692308 0.026200873362445413 0.0625 0.05240174672489083
0 0.46314102564102566 0.36681222707423583 0.1233974358974359 0.15938864628820962
0 0.6161858974358975 0.1539301310043668 0.09294871794871795 0.11790393013100436
0 0.875 0.26965065502183405 0.08012820512820513 0.10262008733624454
0 0.8613782051282052 0.2423580786026201 0.0641025641025641 0.07641921397379912
1 0.1907051282051282 0.35262008733624456 0.09134615384615384 0.11790393013100436
1 0.3189102564102564 0.1168122270742358 0.07532051282051282 0.09606986899563319
1 0.33814102564102566 0.21506550218340612 0.09935897435897435 0.12882096069868995
1 0.5833333333333334 0.1572052401746725 0.07371794871794872 0.08951965065502183
1 0.5753205128205128 0.0906113537117904 0.08653846153846154 0.12663755458515283
1 0.5793269230769231 0.015283842794759825 0.052884615384615384 0.03056768558951965
1 0.7275641025641025 0.1277292576419214 0.05608974358974359 0.06768558951965066
1 0.7363782051282052 0.13646288209606988 0.08653846153846154 0.09606986899563319