0 0.8397435897435898 0.55 0.0989010989010989 0.1325
0 0.8397435897435898 0.4175 0.12454212454212454 0.16
0 0.9542124542124543 0.38 0.09157509157509157 0.145
0 0.7216117216117216 0.33625 0.08608058608058608 0.1325
0 0.21520146520146521 0.05875 0.09157509157509157 0.0975
0 0.9615384615384616 0.5825 0.07692307692307693 0.115
0 0.015567765567765568 0.61625 0.031135531135531136 0.0925
0 0.24175824175824176 0.795 0.12087912087912088 0.1625
1 0.9120879120879121 0.84875 0.047619047619047616 0.07
1 0.8278388278388278 0.82875 0.08608058608058608 0.1
1 0.6620879120879121 0.7375 0.1043956043956044 0.1175
1 0.6208791208791209 0.605 0.09523809523809523 0.115
1 0.5009157509157509 0.30875 0.08424908424908426 0.1275
1 0.7445054945054945 0.28125 0.09340659340659341 0.13
1 0.9871794871794872 0.44875 0.02564102564102564 0.1075
1 0.10347985347985347 0.22125 0.08608058608058608 0.1
1 0.06684981684981685 0.64375 0.06776556776556776 0.1075
1 0.08333333333333333 0.75 0.040293040293040296 0.0525
1 0.2948717948717949 0.90375 0.0695970695970696 0.0675