0 0.8540209790209791 0.0861244019138756 0.08041958041958042 0.03588516746411483
0 0.9064685314685315 0.12320574162679426 0.033216783216783216 0.06937799043062201
0 0.8715034965034965 0.11124401913875598 0.08216783216783216 0.07416267942583732
0 0.5201048951048951 0.6686602870813397 0.08566433566433566 0.08133971291866028
0 0.8304195804195804 0.6854066985645934 0.0472027972027972 0.11961722488038277
0 0.7325174825174825 0.8923444976076556 0.043706293706293704 0.11244019138755981
0 0.2727272727272727 0.32177033492822965 0.10314685314685315 0.14832535885167464
0 0.29632867132867136 0.8086124401913876 0.08041958041958042 0.09569377990430622
0 0.22465034965034966 0.8133971291866029 0.08041958041958042 0.10047846889952153
1 0.659965034965035 0.03708133971291866 0.0472027972027972 0.023923444976076555
1 0.8706293706293706 0.3576555023923445 0.045454545454545456 0.08133971291866028
1 0.6809440559440559 0.4461722488038278 0.08741258741258741 0.11244019138755981
1 0.6547202797202797 0.7033492822966507 0.06118881118881119 0.11722488038277512
1 0.5804195804195804 0.8899521531100478 0.06643356643356643 0.11483253588516747
1 0.3208041958041958 0.5633971291866029 0.06643356643356643 0.09330143540669857
1 0.25 0.5921052631578947 0.07867132867132867 0.07177033492822966
1 0.24388111888111888 0.6267942583732058 0.06643356643356643 0.05502392344497608