0 0.6676737160120846 0.8491735537190083 0.1042296072507553 0.1652892561983471
0 0.8587613293051359 0.7820247933884298 0.09365558912386707 0.12190082644628099
0 0.7122356495468278 0.2644628099173554 0.09214501510574018 0.1012396694214876
0 0.6661631419939577 0.1725206611570248 0.04380664652567976 0.09090909090909091
0 0.6012084592145015 0.028925619834710745 0.06042296072507553 0.05785123966942149
0 0.5989425981873112 0.011363636363636364 0.04984894259818731 0.022727272727272728
0 0.3013595166163142 0.6425619834710744 0.08006042296072508 0.1115702479338843
0 0.28323262839879154 0.6838842975206612 0.08308157099697885 0.11363636363636363
1 0.4826283987915408 0.9607438016528925 0.0649546827794562 0.07851239669421488
1 0.3814199395770393 0.9411157024793388 0.07401812688821752 0.10743801652892562
1 0.3459214501510574 0.8956611570247934 0.08006042296072508 0.08884297520661157
1 0.24395770392749244 0.4535123966942149 0.07401812688821752 0.08884297520661157
1 0.7484894259818731 0.5361570247933884 0.08308157099697885 0.11363636363636363
1 0.7998489425981873 0.490702479338843 0.0755287009063444 0.09297520661157024
1 0.5596676737160121 0.2365702479338843 0.06948640483383686 0.09090909090909091
1 0.5483383685800605 0.15392561983471073 0.06948640483383686 0.10330578512396695
1 0.4947129909365559 0.012396694214876033 0.052870090634441085 0.024793388429752067