0 0.7437275985663082 0.96484375 0.06451612903225806 0.0703125
0 0.7732974910394266 0.875 0.06272401433691756 0.15625
0 0.22670250896057348 0.9583333333333334 0.07885304659498207 0.059895833333333336
0 0.4668458781362007 0.16927083333333334 0.0931899641577061 0.14322916666666666
0 0.5367383512544803 0.029947916666666668 0.11648745519713262 0.059895833333333336
0 0.6774193548387096 0.3307291666666667 0.10931899641577061 0.1328125
0 0.8315412186379928 0.2604166666666667 0.03942652329749104 0.11458333333333333
1 0.257168458781362 0.6080729166666666 0.0913978494623656 0.08333333333333333
1 0.5627240143369175 0.984375 0.05017921146953405 0.03125
1 0.5197132616487455 0.88671875 0.06093189964157706 0.15885416666666666
1 0.27598566308243727 0.015625 0.1003584229390681 0.03125
1 0.5878136200716846 0.3216145833333333 0.08960573476702509 0.08854166666666667
1 0.6594982078853047 0.029947916666666668 0.1039426523297491 0.049479166666666664
1 0.7921146953405018 0.14713541666666666 0.08064516129032258 0.10416666666666667