0 0.9347826086956522 0.5572033898305084 0.09627329192546584 0.11016949152542373
0 0.5085403726708074 0.8739406779661016 0.05434782608695652 0.11652542372881355
0 0.08540372670807453 0.8050847457627118 0.04813664596273292 0.0614406779661017
0 0.02251552795031056 0.8029661016949152 0.04503105590062112 0.07203389830508475
0 0.023291925465838508 0.22351694915254236 0.034161490683229816 0.07627118644067797
0 0.22903726708074534 0.2341101694915254 0.06366459627329192 0.0635593220338983
0 0.2942546583850932 0.2044491525423729 0.06832298136645963 0.04025423728813559
0 0.5590062111801242 0.11016949152542373 0.06832298136645963 0.09110169491525423
0 0.7104037267080745 0.13029661016949154 0.07763975155279502 0.08050847457627118
0 0.7018633540372671 0.08898305084745763 0.07919254658385093 0.08686440677966102
1 0.8843167701863354 0.21504237288135594 0.062111801242236024 0.07838983050847458
1 0.9107142857142857 0.13241525423728814 0.055900621118012424 0.07203389830508475
1 0.8214285714285714 0.3050847457627119 0.07142857142857142 0.07627118644067797
1 0.28959627329192544 0.864406779661017 0.06521739130434782 0.07203389830508475
1 0.375 0.2563559322033898 0.046583850931677016 0.07415254237288135
1 0.34860248447204967 0.3580508474576271 0.05745341614906832 0.07203389830508475
1 0.18245341614906832 0.4120762711864407 0.05434782608695652 0.06779661016949153
1 0.015527950310559006 0.3622881355932203 0.026397515527950312 0.05296610169491525
1 0.024844720496894408 0.6663135593220338 0.049689440993788817 0.04449152542372881