0 0.2738549618320611 0.7110215053763441 0.10305343511450382 0.13978494623655913
0 0.3425572519083969 0.603494623655914 0.12786259541984732 0.19086021505376344
0 0.42938931297709926 0.3548387096774194 0.11259541984732824 0.1693548387096774
0 0.02862595419847328 0.4771505376344086 0.05725190839694656 0.1693548387096774
0 0.4494274809160305 0.09005376344086022 0.1431297709923664 0.18010752688172044
0 0.4675572519083969 0.043010752688172046 0.11450381679389313 0.08602150537634409
0 0.20896946564885496 0.033602150537634407 0.08206106870229007 0.06720430107526881
1 0.9666030534351145 0.728494623655914 0.06679389312977099 0.11290322580645161
1 0.3005725190839695 0.021505376344086023 0.06297709923664122 0.043010752688172046
1 0.15267175572519084 0.09811827956989247 0.1297709923664122 0.1774193548387097
1 0.15076335877862596 0.271505376344086 0.1316793893129771 0.1827956989247312
1 0.06679389312977099 0.3911290322580645 0.13358778625954199 0.18548387096774194
1 0.20229007633587787 0.603494623655914 0.0916030534351145 0.12634408602150538
1 0.04484732824427481 0.239247311827957 0.08015267175572519 0.12365591397849462
1 0.2480916030534351 0.7956989247311828 0.08778625954198473 0.12634408602150538
1 0.02194656488549618 0.5954301075268817 0.04389312977099236 0.09408602150537634