0 0.13829787234042554 0.04854368932038835 0.044326241134751775 0.04854368932038835
0 0.36879432624113473 0.02669902912621359 0.05673758865248227 0.0412621359223301
0 0.14893617021276595 0.05461165048543689 0.06205673758865248 0.06553398058252427
0 0.13918439716312056 0.06432038834951456 0.04609929078014184 0.08009708737864078
0 0.14804964539007093 0.33859223300970875 0.044326241134751775 0.11407766990291263
0 0.16400709219858156 0.6868932038834952 0.047872340425531915 0.09466019417475728
0 0.7154255319148937 0.970873786407767 0.09042553191489362 0.03640776699029126
1 0.14095744680851063 0.038834951456310676 0.04964539007092199 0.02912621359223301
1 0.3670212765957447 0.04004854368932039 0.08687943262411348 0.06796116504854369
1 0.35904255319148937 0.15169902912621358 0.06205673758865248 0.1529126213592233
1 0.13918439716312056 0.17718446601941748 0.03723404255319149 0.10679611650485436
1 0.21099290780141844 0.1808252427184466 0.07801418439716312 0.12135922330097088
1 0.15159574468085107 0.3932038834951456 0.04609929078014184 0.09466019417475728
1 0.5336879432624113 0.9878640776699029 0.05319148936170213 0.024271844660194174
1 0.6533687943262412 0.904126213592233 0.06914893617021277 0.08737864077669903