0 0.6533546325878594 0.34069767441860466 0.12939297124600638 0.1744186046511628
0 0.41773162939297126 0.019767441860465116 0.08466453674121406 0.03953488372093023
0 0.32028753993610226 0.12558139534883722 0.09744408945686901 0.1325581395348837
0 0.12460063897763578 0.75 0.11022364217252396 0.12325581395348838
0 0.2707667731629393 0.7558139534883721 0.11980830670926518 0.2
0 0.28993610223642174 0.827906976744186 0.08626198083067092 0.14883720930232558
0 0.3610223642172524 0.786046511627907 0.11980830670926518 0.15813953488372093
0 0.46086261980830673 0.7337209302325581 0.12939297124600638 0.15348837209302327
1 0.7036741214057508 0.1058139534883721 0.08146964856230032 0.08372093023255814
1 0.3490415335463259 0.522093023255814 0.10702875399361023 0.14651162790697675
1 0.2220447284345048 0.42790697674418604 0.11022364217252396 0.14651162790697675
1 0.3570287539936102 0.12209302325581395 0.11022364217252396 0.14883720930232558