0 0.33916083916083917 0.8744019138755981 0.11713286713286714 0.17464114832535885
0 0.27972027972027974 0.8444976076555024 0.08916083916083917 0.12200956937799043
0 0.20804195804195805 0.4449760765550239 0.07692307692307693 0.11961722488038277
0 0.17657342657342656 0.35287081339712917 0.06993006993006994 0.09808612440191387
0 0.16258741258741258 0.21770334928229665 0.06118881118881119 0.0645933014354067
0 0.5638111888111889 0.025119617224880382 0.07167832167832168 0.050239234449760764
0 0.6687062937062938 0.20334928229665072 0.10139860139860139 0.13875598086124402
1 0.3041958041958042 0.5825358851674641 0.08041958041958042 0.09808612440191387
1 0.21416083916083917 0.5741626794258373 0.08741258741258741 0.11004784688995216
1 0.333041958041958 0.34330143540669855 0.09090909090909091 0.12200956937799043
1 0.2508741258741259 0.19856459330143542 0.06643356643356643 0.09090909090909091
1 0.5218531468531469 0.01555023923444976 0.057692307692307696 0.03110047846889952
1 0.42482517482517484 0.025119617224880382 0.07342657342657342 0.050239234449760764
1 0.5891608391608392 0.02631578947368421 0.08041958041958042 0.05263157894736842