0 0.12663398692810457 0.15736607142857142 0.08496732026143791 0.06696428571428571
0 0.1830065359477124 0.17857142857142858 0.14215686274509803 0.14285714285714285
0 0.5964052287581699 0.09933035714285714 0.08496732026143791 0.07366071428571429
0 0.6699346405228758 0.09040178571428571 0.08333333333333333 0.07589285714285714
0 0.6331699346405228 0.5435267857142857 0.11274509803921569 0.13169642857142858
0 0.9011437908496732 0.6283482142857143 0.05555555555555555 0.109375
0 0.7663398692810458 0.7299107142857143 0.049019607843137254 0.10044642857142858
1 0.010620915032679739 0.5837053571428571 0.021241830065359478 0.06473214285714286
1 0.014705882352941176 0.35379464285714285 0.029411764705882353 0.12276785714285714
1 0.032679738562091505 0.38839285714285715 0.06535947712418301 0.13392857142857142
1 0.5727124183006536 0.2578125 0.0718954248366013 0.10267857142857142
1 0.7222222222222222 0.30691964285714285 0.08823529411764706 0.12946428571428573
1 0.7916666666666666 0.36941964285714285 0.05718954248366013 0.10044642857142858
1 0.6111111111111112 0.7924107142857143 0.06372549019607843 0.09598214285714286
1 0.7573529411764706 0.6741071428571429 0.05555555555555555 0.10044642857142858
1 0.9697712418300654 0.5691964285714286 0.05065359477124183 0.07366071428571429
1 0.9918300653594772 0.46986607142857145 0.016339869281045753 0.06919642857142858