0 0.19654088050314467 0.8075 0.055031446540880505 0.1
0 0.2460691823899371 0.57 0.06761006289308176 0.1225
0 0.785377358490566 0.88875 0.02830188679245283 0.08
0 0.45676100628930816 0.54375 0.08490566037735849 0.145
0 0.38443396226415094 0.42125 0.07232704402515723 0.125
0 0.7562893081761006 0.11375 0.05345911949685535 0.0725
1 0.2908805031446541 0.90875 0.07232704402515723 0.11
1 0.5778301886792453 0.21375 0.06289308176100629 0.1125
1 0.4827044025157233 0.1725 0.06761006289308176 0.1125
1 0.4638364779874214 0.0725 0.05660377358490566 0.085
1 0.7177672955974843 0.59125 0.06761006289308176 0.1475
1 0.7971698113207547 0.5475 0.036163522012578615 0.1125
1 0.7586477987421384 0.39375 0.0770440251572327 0.1125