0 0.18566176470588236 0.8359788359788359 0.09191176470588236 0.11375661375661375
0 0.3180147058823529 0.3148148148148148 0.06066176470588235 0.11375661375661375
0 0.35110294117647056 0.2261904761904762 0.06801470588235294 0.1111111111111111
0 0.39889705882352944 0.09656084656084656 0.05514705882352941 0.10317460317460317
0 0.39246323529411764 0.037037037037037035 0.06066176470588235 0.07407407407407407
0 0.421875 0.013227513227513227 0.04595588235294118 0.026455026455026454
0 0.7325367647058824 0.27116402116402116 0.08823529411764706 0.13227513227513227
0 0.8768382352941176 0.37037037037037035 0.04595588235294118 0.07936507936507936
0 0.8501838235294118 0.49074074074074076 0.04595588235294118 0.07936507936507936
1 0.49264705882352944 0.3253968253968254 0.0661764705882353 0.11375661375661375
1 0.5376838235294118 0.21031746031746032 0.09191176470588236 0.14814814814814814
1 0.5441176470588235 0.05026455026455026 0.0661764705882353 0.10052910052910052
1 0.4329044117647059 0.011904761904761904 0.05698529411764706 0.023809523809523808
1 0.5799632352941176 0.03042328042328042 0.051470588235294115 0.05291005291005291
1 0.8152573529411765 0.1574074074074074 0.06801470588235294 0.08994708994708994
1 0.8492647058823529 0.43783068783068785 0.07536764705882353 0.1164021164021164
1 0.7573529411764706 0.7261904761904762 0.10661764705882353 0.1349206349206349