0 0.3427272727272727 0.9513157894736842 0.07636363636363637 0.08947368421052632
0 0.40454545454545454 0.8894736842105263 0.10909090909090909 0.12631578947368421
0 0.48363636363636364 0.046052631578947366 0.10545454545454545 0.09210526315789473
0 0.5245454545454545 0.04736842105263158 0.14 0.09473684210526316
0 0.04727272727272727 0.3605263157894737 0.09454545454545454 0.1368421052631579
0 0.026363636363636363 0.43157894736842106 0.05272727272727273 0.11578947368421053
0 0.023636363636363636 0.5118421052631579 0.04727272727272727 0.1394736842105263
0 0.012727272727272728 0.5565789473684211 0.025454545454545455 0.0868421052631579
1 0.07 0.8302631578947368 0.04727272727272727 0.07894736842105263
1 0.08363636363636363 0.8355263157894737 0.06545454545454546 0.09473684210526316
1 0.05454545454545454 0.7210526315789474 0.07818181818181819 0.10526315789473684
1 0.09545454545454546 0.6763157894736842 0.08 0.11578947368421053
1 0.14363636363636365 0.6394736842105263 0.09090909090909091 0.10789473684210527
1 0.26 0.1868421052631579 0.08363636363636363 0.1368421052631579
1 0.7581818181818182 0.02368421052631579 0.06909090909090909 0.04736842105263158
1 0.27090909090909093 0.6407894736842106 0.12 0.15789473684210525
1 0.2 0.7605263157894737 0.10181818181818182 0.1368421052631579
1 0.12636363636363637 0.9513157894736842 0.06727272727272728 0.09736842105263158