0 0.6522140221402214 0.16287878787878787 0.06273062730627306 0.12121212121212122
0 0.6125461254612546 0.05176767676767677 0.06273062730627306 0.10353535353535354
0 0.10055350553505535 0.20454545454545456 0.07749077490774908 0.08585858585858586
0 0.0996309963099631 0.15025252525252525 0.06457564575645756 0.06060606060606061
0 0.11162361623616236 0.14267676767676768 0.06273062730627306 0.05555555555555555
0 0.5931734317343174 0.8080808080808081 0.11623616236162361 0.1919191919191919
1 0.8653136531365314 0.7790404040404041 0.10516605166051661 0.11868686868686869
1 0.8210332103321033 0.8585858585858586 0.08118081180811808 0.10101010101010101
1 0.6457564575645757 0.9065656565656566 0.11808118081180811 0.12121212121212122
1 0.37453874538745385 0.8282828282828283 0.11254612546125461 0.1590909090909091
1 0.4806273062730627 0.16540404040404041 0.06642066420664207 0.12121212121212122
1 0.466789667896679 0.054292929292929296 0.08118081180811808 0.10858585858585859
1 0.1559040590405904 0.4065656565656566 0.07564575645756458 0.07828282828282829
1 0.20202952029520296 0.12121212121212122 0.08302583025830258 0.08333333333333333