0 0.7279874213836478 0.6025641025641025 0.05660377358490566 0.09487179487179487
0 0.7193396226415094 0.5371794871794872 0.06918238993710692 0.1
0 0.7232704402515723 0.4782051282051282 0.07232704402515723 0.10512820512820513
0 0.6831761006289309 0.05897435897435897 0.07075471698113207 0.05897435897435897
0 0.6422955974842768 0.05128205128205128 0.08176100628930817 0.0641025641025641
0 0.3860062893081761 0.01282051282051282 0.07075471698113207 0.02564102564102564
0 0.2610062893081761 0.052564102564102565 0.06289308176100629 0.10512820512820513
0 0.24449685534591195 0.08846153846153847 0.04559748427672956 0.1282051282051282
0 0.3490566037735849 0.2064102564102564 0.06918238993710692 0.13076923076923078
0 0.4143081761006289 0.16923076923076924 0.07075471698113207 0.14102564102564102
1 0.3781446540880503 0.8179487179487179 0.06446540880503145 0.12051282051282051
1 0.6509433962264151 0.867948717948718 0.08647798742138364 0.12051282051282051
1 0.5455974842767296 0.5884615384615385 0.06289308176100629 0.14871794871794872
1 0.789308176100629 0.16153846153846155 0.08018867924528301 0.08461538461538462
1 0.7838050314465409 0.09615384615384616 0.08018867924528301 0.08717948717948718
1 0.6289308176100629 0.1294871794871795 0.08647798742138364 0.11282051282051282
1 0.4724842767295597 0.02435897435897436 0.09276729559748427 0.04871794871794872
1 0.6533018867924528 0.04230769230769231 0.07232704402515723 0.038461538461538464
1 0.3632075471698113 0.017948717948717947 0.0880503144654088 0.035897435897435895
1 0.3191823899371069 0.016666666666666666 0.09748427672955975 0.03333333333333333
1 0.2555031446540881 0.01282051282051282 0.04245283018867924 0.02564102564102564
1 0.25235849056603776 0.00641025641025641 0.029874213836477988 0.01282051282051282