0 0.45778145695364236 0.02023809523809524 0.054635761589403975 0.04047619047619048
0 0.8145695364238411 0.26666666666666666 0.07947019867549669 0.12857142857142856
0 0.9114238410596026 0.18333333333333332 0.046357615894039736 0.06190476190476191
0 0.26655629139072845 0.6952380952380952 0.056291390728476824 0.0880952380952381
0 0.2632450331125828 0.780952380952381 0.05132450331125828 0.1
0 0.37251655629139074 0.7523809523809524 0.07119205298013245 0.10238095238095238
1 0.3170529801324503 0.014285714285714285 0.04470198675496689 0.02857142857142857
1 0.6423841059602649 0.07857142857142857 0.06788079470198675 0.09285714285714286
1 0.4031456953642384 0.6833333333333333 0.06622516556291391 0.10238095238095238
1 0.4859271523178808 0.9642857142857143 0.06456953642384106 0.07142857142857142
1 0.4097682119205298 0.9583333333333334 0.054635761589403975 0.06428571428571428
1 0.6870860927152318 0.9809523809523809 0.06291390728476821 0.0380952380952381