0 0.03627450980392157 0.786096256684492 0.03725490196078431 0.13636363636363635
0 0.021568627450980392 0.11898395721925134 0.043137254901960784 0.07219251336898395
0 0.022549019607843137 0.1323529411764706 0.045098039215686274 0.09893048128342247
0 0.17058823529411765 0.08422459893048129 0.10392156862745099 0.06951871657754011
0 0.5794117647058824 0.07085561497326204 0.07254901960784314 0.09358288770053476
0 0.6715686274509803 0.0962566844919786 0.09411764705882353 0.07754010695187166
0 0.7588235294117647 0.1483957219251337 0.0803921568627451 0.11497326203208556
0 0.5813725490196079 0.7553475935828877 0.08823529411764706 0.1497326203208556
0 0.7813725490196078 0.8449197860962567 0.09803921568627451 0.10427807486631016
0 0.9313725490196079 0.7941176470588235 0.07058823529411765 0.07754010695187166
0 0.9803921568627451 0.7647058823529411 0.0392156862745098 0.09090909090909091
1 0.006862745098039216 0.3836898395721925 0.013725490196078431 0.10427807486631016
1 0.00784313725490196 0.14171122994652408 0.01568627450980392 0.09090909090909091
1 0.00980392156862745 0.24598930481283424 0.0196078431372549 0.18716577540106952
1 0.016666666666666666 0.24197860962566844 0.03333333333333333 0.13101604278074866
1 0.5205882352941177 0.28475935828877 0.11176470588235295 0.10695187165775401
1 0.703921568627451 0.3048128342245989 0.08627450980392157 0.09893048128342247
1 0.9205882352941176 0.22727272727272727 0.058823529411764705 0.10427807486631016
1 0.7715686274509804 0.6778074866310161 0.0803921568627451 0.12032085561497326
1 0.9058823529411765 0.6056149732620321 0.07450980392156863 0.10695187165775401
1 0.9313725490196079 0.6550802139037433 0.049019607843137254 0.07754010695187166
1 0.9676470588235294 0.6029411764705882 0.058823529411764705 0.0962566844919786