0 0.8707430340557275 0.30580357142857145 0.07585139318885449 0.10491071428571429
0 0.7004643962848297 0.9776785714285714 0.07585139318885449 0.044642857142857144
0 0.47058823529411764 0.15848214285714285 0.0696594427244582 0.08482142857142858
0 0.413312693498452 0.13504464285714285 0.058823529411764705 0.078125
0 0.2724458204334365 0.22209821428571427 0.06811145510835913 0.09598214285714286
0 0.17492260061919504 0.013392857142857142 0.04643962848297214 0.026785714285714284
0 0.10681114551083591 0.31919642857142855 0.05572755417956656 0.08258928571428571
1 0.9357585139318886 0.8180803571428571 0.04179566563467492 0.078125
1 0.5139318885448917 0.9508928571428571 0.08668730650154799 0.09821428571428571
1 0.37925696594427244 0.34263392857142855 0.07585139318885449 0.09375
1 0.30495356037151705 0.29017857142857145 0.07275541795665634 0.10044642857142858
1 0.2476780185758514 0.43861607142857145 0.0696594427244582 0.10044642857142858
1 0.15015479876160992 0.11160714285714286 0.05417956656346749 0.06919642857142858
1 0.05185758513931889 0.5078125 0.047987616099071206 0.06696428571428571