0 0.717479674796748 0.023291925465838508 0.06910569105691057 0.046583850931677016
0 0.8577235772357723 0.18322981366459629 0.11788617886178862 0.18012422360248448
0 0.9552845528455285 0.5745341614906833 0.08943089430894309 0.14285714285714285
0 0.9888211382113821 0.515527950310559 0.022357723577235773 0.14285714285714285
0 0.6758130081300813 0.7096273291925466 0.11788617886178862 0.17080745341614906
0 0.5274390243902439 0.7888198757763976 0.0975609756097561 0.15527950310559005
0 0.5884146341463414 0.7888198757763976 0.11178861788617886 0.15217391304347827
1 0.016260162601626018 0.5372670807453416 0.032520325203252036 0.11180124223602485
1 0.1524390243902439 0.5341614906832298 0.0975609756097561 0.13975155279503104
1 0.8221544715447154 0.037267080745341616 0.10365853658536585 0.07453416149068323
1 0.6829268292682927 0.42391304347826086 0.16666666666666666 0.2515527950310559