0 0.6775956284153005 0.116600790513834 0.0273224043715847 0.09881422924901186
0 0.3162568306010929 0.07015810276679842 0.04644808743169399 0.09881422924901186
0 0.40846994535519127 0.011857707509881422 0.0546448087431694 0.023715415019762844
0 0.476775956284153 0.010869565217391304 0.03825136612021858 0.021739130434782608
0 0.4576502732240437 0.017786561264822136 0.04371584699453552 0.03557312252964427
0 0.6967213114754098 0.03162055335968379 0.05191256830601093 0.045454545454545456
0 0.5853825136612022 0.014822134387351778 0.05737704918032787 0.023715415019762844
0 0.712431693989071 0.0266798418972332 0.050546448087431695 0.03359683794466403
1 0.45081967213114754 0.018774703557312252 0.05191256830601093 0.037549407114624504
1 0.5348360655737705 0.018774703557312252 0.04234972677595628 0.037549407114624504
1 0.5280054644808743 0.09980237154150198 0.04781420765027322 0.1007905138339921
1 0.6024590163934426 0.025691699604743084 0.06284153005464481 0.045454545454545456
1 0.6420765027322405 0.018774703557312252 0.05874316939890711 0.025691699604743084
1 0.6885245901639344 0.019762845849802372 0.04781420765027322 0.023715415019762844