0 0.20943708609271522 0.10294117647058823 0.06622516556291391 0.04751131221719457
0 0.24006622516556292 0.09841628959276018 0.08940397350993377 0.07013574660633484
0 0.1771523178807947 0.1244343891402715 0.06788079470198675 0.06561085972850679
0 0.10844370860927152 0.1504524886877828 0.08112582781456953 0.07239819004524888
0 0.18543046357615894 0.5780542986425339 0.08940397350993377 0.11312217194570136
0 0.478476821192053 0.026018099547511313 0.0728476821192053 0.05203619909502263
0 0.35016556291390727 0.8936651583710408 0.04470198675496689 0.11085972850678733
0 0.38990066225165565 0.9660633484162896 0.05132450331125828 0.06787330316742081
0 0.8683774834437086 0.8608597285067874 0.061258278145695365 0.06108597285067873
1 0.6655629139072847 0.1493212669683258 0.08774834437086093 0.10407239819004525
1 0.326158940397351 0.248868778280543 0.08609271523178808 0.09954751131221719
1 0.4064569536423841 0.03733031674208145 0.04470198675496689 0.05203619909502263
1 0.24089403973509935 0.3031674208144796 0.09105960264900662 0.09728506787330317
1 0.152317880794702 0.334841628959276 0.08940397350993377 0.09276018099547512
1 0.30049668874172186 0.8190045248868778 0.07781456953642384 0.08144796380090498
1 0.472682119205298 0.8178733031674208 0.076158940397351 0.12217194570135746
1 0.5463576158940397 0.9592760180995475 0.06622516556291391 0.08144796380090498