0 0.10309278350515463 0.18472906403940886 0.06701030927835051 0.07389162561576355
0 0.26374570446735396 0.11206896551724138 0.07388316151202749 0.07881773399014778
0 0.32130584192439865 0.07758620689655173 0.0859106529209622 0.07142857142857142
0 0.29896907216494845 0.09236453201970443 0.07903780068728522 0.07635467980295567
0 0.2869415807560137 0.4852216748768473 0.08075601374570447 0.10098522167487685
0 0.5833333333333334 0.011083743842364532 0.05670103092783505 0.022167487684729065
0 0.37285223367697595 0.8189655172413793 0.05326460481099656 0.10344827586206896
0 0.40378006872852235 0.8916256157635468 0.04982817869415808 0.08620689655172414
1 0.16666666666666666 0.2660098522167488 0.08247422680412371 0.11822660098522167
1 0.2654639175257732 0.21182266009852216 0.0859106529209622 0.11822660098522167
1 0.5094501718213058 0.2438423645320197 0.09621993127147767 0.14532019704433496
1 0.41924398625429554 0.022167487684729065 0.058419243986254296 0.04433497536945813
1 0.531786941580756 0.7364532019704434 0.07560137457044673 0.12807881773399016
1 0.5884879725085911 0.8004926108374384 0.08762886597938144 0.14039408866995073