0 0.3798342541436464 0.293 0.06906077348066299 0.09
0 0.6077348066298343 0.11 0.04834254143646409 0.098
0 0.5759668508287292 0.038 0.03867403314917127 0.076
0 0.5773480662983426 0.009 0.04143646408839779 0.018
0 0.5379834254143646 0.01 0.03729281767955801 0.02
0 0.5580110497237569 0.01 0.03591160220994475 0.02
0 0.513121546961326 0.355 0.08287292817679558 0.114
0 0.343232044198895 0.552 0.08011049723756906 0.088
0 0.5441988950276243 0.917 0.06353591160220995 0.066
0 0.4350828729281768 0.853 0.04143646408839779 0.066
1 0.39157458563535913 0.041 0.04143646408839779 0.046
1 0.5600828729281768 0.007 0.03729281767955801 0.014
1 0.5600828729281768 0.016 0.05662983425414365 0.032
1 0.42748618784530384 0.042 0.05662983425414365 0.084
1 0.5145027624309392 0.081 0.04558011049723757 0.074
1 0.4578729281767956 0.258 0.0718232044198895 0.134
1 0.4564917127071823 0.675 0.09530386740331492 0.106
1 0.36187845303867405 0.868 0.0925414364640884 0.1
1 0.27071823204419887 0.85 0.09392265193370165 0.126
1 0.6111878453038674 0.776 0.058011049723756904 0.08