0 0.6087613293051359 0.05021834061135371 0.1148036253776435 0.10043668122270742
0 0.41389728096676737 0.9355895196506551 0.08459214501510574 0.12882096069868995
0 0.5959214501510574 0.8744541484716157 0.09818731117824774 0.1331877729257642
0 0.7552870090634441 0.7893013100436681 0.061933534743202415 0.0982532751091703
0 0.797583081570997 0.75764192139738 0.07401812688821752 0.09170305676855896
0 0.6873111782477341 0.7434497816593887 0.08459214501510574 0.14410480349344978
0 0.7515105740181269 0.8526200873362445 0.06948640483383686 0.07423580786026202
0 0.8058912386706949 0.8024017467248908 0.0513595166163142 0.06550218340611354
1 0.5823262839879154 0.9759825327510917 0.055891238670694864 0.048034934497816595
1 0.5521148036253777 0.7958515283842795 0.08761329305135952 0.13755458515283842
1 0.6140483383685801 0.7783842794759825 0.10725075528700906 0.15065502183406113
1 0.6790030211480362 0.46179039301310043 0.10876132930513595 0.16375545851528384
1 0.7522658610271903 0.5163755458515283 0.06797583081570997 0.11353711790393013
1 0.45317220543806647 0.027292576419213975 0.09365558912386707 0.05458515283842795