0 0.6684027777777778 0.009887005649717515 0.04861111111111111 0.01977401129943503
0 0.4131944444444444 0.03389830508474576 0.05555555555555555 0.0480225988700565
0 0.20052083333333334 0.12429378531073447 0.06076388888888889 0.0480225988700565
0 0.1996527777777778 0.1370056497175141 0.06076388888888889 0.06779661016949153
0 0.7760416666666666 0.3516949152542373 0.05555555555555555 0.1497175141242938
0 0.859375 0.8418079096045198 0.034722222222222224 0.0480225988700565
0 0.8255208333333334 0.6694915254237288 0.06076388888888889 0.1553672316384181
0 0.7144097222222222 0.8107344632768362 0.11631944444444445 0.19491525423728814
0 0.3506944444444444 0.4872881355932203 0.10416666666666667 0.1638418079096045
1 0.5260416666666666 0.00847457627118644 0.04513888888888889 0.01694915254237288
1 0.5269097222222222 0.0211864406779661 0.05381944444444445 0.0423728813559322
1 0.4835069444444444 0.03248587570621469 0.057291666666666664 0.06497175141242938
1 0.5381944444444444 0.029661016949152543 0.0625 0.059322033898305086
1 0.2387152777777778 0.10734463276836158 0.052083333333333336 0.0423728813559322
1 0.3159722222222222 0.08192090395480225 0.05555555555555555 0.05649717514124294
1 0.18663194444444445 0.2344632768361582 0.09895833333333333 0.1271186440677966
1 0.5894097222222222 0.7810734463276836 0.11979166666666667 0.1807909604519774
1 0.6736111111111112 0.6836158192090396 0.10243055555555555 0.15254237288135594
1 0.765625 0.7330508474576272 0.10416666666666667 0.1694915254237288
1 0.8098958333333334 0.5466101694915254 0.046875 0.11016949152542373
1 0.5008680555555556 0.865819209039548 0.10069444444444445 0.16101694915254236