0 0.39245283018867927 0.3948087431693989 0.12264150943396226 0.1830601092896175
0 0.05471698113207547 0.6215846994535519 0.09245283018867924 0.1284153005464481
0 0.7141509433962264 0.040983606557377046 0.11132075471698114 0.08196721311475409
0 0.5169811320754717 0.9617486338797814 0.10943396226415095 0.07650273224043716
0 0.42830188679245285 0.9781420765027322 0.10943396226415095 0.04371584699453552
0 0.27641509433962264 0.8128415300546448 0.09245283018867924 0.13934426229508196
0 0.25566037735849056 0.930327868852459 0.09622641509433963 0.12295081967213115
1 0.10566037735849057 0.8756830601092896 0.0830188679245283 0.09562841530054644
1 0.20943396226415095 0.5314207650273224 0.09433962264150944 0.1721311475409836
1 0.9179245283018868 0.18579234972677597 0.1 0.1885245901639344
1 0.4349056603773585 0.7021857923497268 0.13962264150943396 0.17759562841530055
1 0.3160377358490566 0.7636612021857924 0.1018867924528302 0.13114754098360656
1 0.19150943396226416 0.9153005464480874 0.07547169811320754 0.11202185792349727
1 0.14150943396226415 0.9316939890710383 0.08679245283018867 0.12295081967213115