0 0.3273381294964029 0.02832512315270936 0.06115107913669065 0.05665024630541872
0 0.3669064748201439 0.023399014778325122 0.09352517985611511 0.046798029556650245
0 0.4973021582733813 0.022167487684729065 0.08453237410071943 0.04433497536945813
0 0.26888489208633093 0.046798029556650245 0.052158273381294966 0.09359605911330049
0 0.24370503597122303 0.12438423645320197 0.0683453237410072 0.13793103448275862
0 0.1735611510791367 0.3312807881773399 0.07733812949640288 0.15024630541871922
0 0.20503597122302158 0.7056650246305419 0.11870503597122302 0.1330049261083744
1 0.3039568345323741 0.022167487684729065 0.06115107913669065 0.04433497536945813
1 0.30845323741007197 0.024630541871921183 0.05575539568345324 0.04926108374384237
1 0.44964028776978415 0.0603448275862069 0.09712230215827339 0.1206896551724138
1 0.4181654676258993 0.17610837438423646 0.10071942446043165 0.15517241379310345
1 0.579136690647482 0.013546798029556651 0.046762589928057555 0.027093596059113302
1 0.10071942446043165 0.5480295566502463 0.05935251798561151 0.08374384236453201
1 0.19424460431654678 0.4088669950738916 0.09532374100719425 0.10837438423645321
1 0.6447841726618705 0.8238916256157636 0.09892086330935251 0.12807881773399016