0 0.12246376811594203 0.6590909090909091 0.09420289855072464 0.13438735177865613
0 0.20797101449275363 0.642292490118577 0.08260869565217391 0.11857707509881422
0 0.26956521739130435 0.41007905138339923 0.09855072463768116 0.1422924901185771
0 0.7623188405797101 0.5345849802371542 0.09420289855072464 0.12845849802371542
0 0.8115942028985508 0.35177865612648224 0.06231884057971015 0.08102766798418973
0 0.8007246376811594 0.28952569169960474 0.07391304347826087 0.08695652173913043
0 0.8384057971014492 0.191699604743083 0.042028985507246375 0.04940711462450593
0 0.39202898550724635 0.16600790513833993 0.059420289855072465 0.09881422924901186
0 0.4340579710144927 0.08596837944664032 0.057971014492753624 0.09881422924901186
1 0.3826086956521739 0.5553359683794467 0.059420289855072465 0.07509881422924901
1 0.32681159420289857 0.22529644268774704 0.06086956521739131 0.07114624505928854
1 0.5057971014492754 0.22727272727272727 0.06521739130434782 0.09288537549407115
1 0.5710144927536231 0.12055335968379446 0.06231884057971015 0.08498023715415019
1 0.7934782608695652 0.1541501976284585 0.04057971014492753 0.041501976284584984
1 0.7043478260869566 0.42292490118577075 0.06231884057971015 0.09090909090909091
1 0.75 0.49110671936758893 0.06376811594202898 0.08695652173913043
1 0.663768115942029 0.7164031620553359 0.08260869565217391 0.09683794466403162