0 0.041353383458646614 0.12837837837837837 0.05827067669172932 0.051351351351351354
0 0.18515037593984962 0.0918918918918919 0.07706766917293233 0.05675675675675676
0 0.25 0.07432432432432433 0.06954887218045112 0.05405405405405406
0 0.21898496240601503 0.08243243243243244 0.08458646616541353 0.05675675675675676
0 0.005639097744360902 0.20675675675675675 0.011278195488721804 0.07837837837837838
0 0.06672932330827068 0.9689189189189189 0.039473684210526314 0.062162162162162166
0 0.20394736842105263 0.9459459459459459 0.07330827067669173 0.10810810810810811
0 0.7199248120300752 0.7202702702702702 0.06015037593984962 0.11621621621621622
0 0.7979323308270677 0.016216216216216217 0.07330827067669173 0.032432432432432434
0 0.8975563909774437 0.02027027027027027 0.06203007518796992 0.04054054054054054
1 0.009398496240601503 0.15675675675675677 0.018796992481203006 0.06486486486486487
1 0.020676691729323307 0.5918918918918918 0.041353383458646614 0.07297297297297298
1 0.1588345864661654 0.95 0.07706766917293233 0.1
1 0.4548872180451128 0.8797297297297297 0.07706766917293233 0.13783783783783785
1 0.5451127819548872 0.8162162162162162 0.08082706766917293 0.12162162162162163
1 0.37969924812030076 0.22702702702702704 0.09022556390977443 0.11351351351351352
1 0.46616541353383456 0.04054054054054054 0.07518796992481203 0.08108108108108109
1 0.05545112781954887 0.12837837837837837 0.08270676691729323 0.06486486486486487
1 0.9125939849624061 0.11216216216216217 0.06390977443609022 0.07837837837837838
1 0.9530075187969925 0.13378378378378378 0.02631578947368421 0.06486486486486487