0 0.2878521126760563 0.8894230769230769 0.08098591549295775 0.1658653846153846
0 0.2227112676056338 0.8798076923076923 0.1056338028169014 0.12259615384615384
0 0.16725352112676056 0.8798076923076923 0.051056338028169015 0.10576923076923077
0 0.3415492957746479 0.10576923076923077 0.045774647887323945 0.11778846153846154
0 0.36619718309859156 0.030048076923076924 0.04929577464788732 0.06009615384615385
0 0.5827464788732394 0.15985576923076922 0.08626760563380281 0.11538461538461539
0 0.7860915492957746 0.25721153846153844 0.0880281690140845 0.11538461538461539
0 0.8573943661971831 0.055288461538461536 0.0721830985915493 0.036057692307692304
0 0.8538732394366197 0.06129807692307692 0.05985915492957746 0.04807692307692308
1 0.5264084507042254 0.9627403846153846 0.0528169014084507 0.07451923076923077
1 0.2579225352112676 0.5564903846153846 0.08098591549295775 0.06490384615384616
1 0.4647887323943662 0.17548076923076922 0.05985915492957746 0.10336538461538461
1 0.5044014084507042 0.02283653846153846 0.04753521126760563 0.04567307692307692
1 0.6963028169014085 0.036057692307692304 0.07042253521126761 0.036057692307692304
1 0.8036971830985915 0.051682692307692304 0.07042253521126761 0.040865384615384616
1 0.8626760563380281 0.2512019230769231 0.04753521126760563 0.08653846153846154