0 0.009433962264150943 0.2909090909090909 0.018867924528301886 0.06818181818181818
0 0.036163522012578615 0.23068181818181818 0.04716981132075472 0.06136363636363636
0 0.13757861635220126 0.425 0.06132075471698113 0.07272727272727272
0 0.3867924528301887 0.11931818181818182 0.06289308176100629 0.09772727272727273
0 0.18474842767295596 0.8045454545454546 0.06761006289308176 0.03636363636363636
0 0.10770440251572327 0.7954545454545454 0.07075471698113207 0.05
0 0.010220125786163521 0.8375 0.020440251572327043 0.05227272727272727
0 0.007861635220125786 0.8125 0.015723270440251572 0.05227272727272727
0 0.007861635220125786 0.7761363636363636 0.015723270440251572 0.04318181818181818
0 0.007075471698113208 0.7284090909090909 0.014150943396226415 0.06136363636363636
0 0.008647798742138365 0.3352272727272727 0.01729559748427673 0.06136363636363636
1 0.18081761006289307 0.18181818181818182 0.059748427672955975 0.07727272727272727
1 0.09040880503144653 0.16022727272727272 0.06132075471698113 0.056818181818181816
1 0.22248427672955975 0.5159090909090909 0.08018867924528301 0.09090909090909091
1 0.0959119496855346 0.5340909090909091 0.0660377358490566 0.09545454545454546
1 0.0110062893081761 0.7318181818181818 0.0220125786163522 0.09090909090909091
1 0.010220125786163521 0.5670454545454545 0.020440251572327043 0.04772727272727273
1 0.0110062893081761 0.45454545454545453 0.0220125786163522 0.06818181818181818
1 0.012578616352201259 0.5568181818181818 0.025157232704402517 0.05909090909090909
1 0.009433962264150943 0.5102272727272728 0.018867924528301886 0.056818181818181816
1 0.009433962264150943 0.5681818181818182 0.018867924528301886 0.05454545454545454
1 0.010220125786163521 0.5863636363636363 0.020440251572327043 0.06363636363636363