0 0.8516260162601627 0.09467455621301775 0.04065040650406504 0.10650887573964497
0 0.8516260162601627 0.21893491124260356 0.026422764227642278 0.11834319526627218
0 0.8394308943089431 0.3609467455621302 0.034552845528455285 0.14792899408284024
0 0.7957317073170732 0.8210059171597633 0.06707317073170732 0.15088757396449703
0 0.1839430894308943 0.9112426035502958 0.11178861788617886 0.11242603550295859
0 0.27235772357723576 0.07692307692307693 0.09552845528455285 0.12721893491124261
0 0.31808943089430897 0.0073964497041420114 0.09146341463414634 0.014792899408284023
0 0.30386178861788615 0.022189349112426034 0.10772357723577236 0.04437869822485207
0 0.3628048780487805 0.03106508875739645 0.09959349593495935 0.0621301775147929
1 0.7286585365853658 0.06656804733727811 0.07113821138211382 0.08579881656804733
1 0.6737804878048781 0.09319526627218935 0.06504065040650407 0.1390532544378698
1 0.5914634146341463 0.29142011834319526 0.07520325203252033 0.14497041420118342
1 0.22154471544715448 0.41863905325443784 0.07723577235772358 0.07100591715976332
1 0.22764227642276422 0.371301775147929 0.09552845528455285 0.07988165680473373
1 0.3485772357723577 0.3875739644970414 0.13211382113821138 0.14201183431952663
1 0.39735772357723576 0.09763313609467456 0.08536585365853659 0.15680473372781065
1 0.5538617886178862 0.042899408284023666 0.07723577235772358 0.08579881656804733
1 0.30691056910569103 0.013313609467455622 0.07317073170731707 0.026627218934911243