0 0.7553846153846154 0.13839285714285715 0.05384615384615385 0.08705357142857142
0 0.8107692307692308 0.11495535714285714 0.04153846153846154 0.0625
0 0.9253846153846154 0.16741071428571427 0.036923076923076927 0.060267857142857144
0 0.9561538461538461 0.19084821428571427 0.04153846153846154 0.060267857142857144
0 0.9838461538461538 0.5178571428571429 0.03230769230769231 0.05803571428571429
0 0.9753846153846154 0.5736607142857143 0.04153846153846154 0.07589285714285714
0 0.9607692307692308 0.6863839285714286 0.052307692307692305 0.07366071428571429
0 0.796923076923077 0.6964285714285714 0.06 0.06473214285714286
0 0.45076923076923076 0.11495535714285714 0.05384615384615385 0.11383928571428571
0 0.40692307692307694 0.07589285714285714 0.06 0.11383928571428571
0 0.36615384615384616 0.8392857142857143 0.06923076923076923 0.11607142857142858
1 0.8753846153846154 0.29017857142857145 0.046153846153846156 0.06696428571428571
1 0.9146153846153846 0.22991071428571427 0.043076923076923075 0.0625
1 0.8446153846153847 0.11272321428571429 0.036923076923076927 0.049107142857142856
1 0.9707692307692307 0.39732142857142855 0.04 0.060267857142857144
1 0.91 0.33370535714285715 0.06769230769230769 0.07142857142857142
1 0.8861538461538462 0.41517857142857145 0.05384615384615385 0.06473214285714286
1 0.88 0.5100446428571429 0.046153846153846156 0.044642857142857144
1 0.8838461538461538 0.5379464285714286 0.055384615384615386 0.060267857142857144
1 0.7853846153846153 0.46205357142857145 0.07384615384615385 0.08035714285714286
1 0.6538461538461539 0.15513392857142858 0.05384615384615385 0.11160714285714286
1 0.18307692307692308 0.12053571428571429 0.06461538461538462 0.12946428571428573
1 0.11923076923076924 0.8046875 0.06615384615384616 0.12723214285714285