0 0.7038834951456311 0.38333333333333336 0.0825242718446602 0.11025641025641025
0 0.7961165048543689 0.4269230769230769 0.06796116504854369 0.11025641025641025
0 0.2783171521035599 0.8987179487179487 0.05825242718446602 0.14615384615384616
0 0.24514563106796117 0.735897435897436 0.07766990291262135 0.15897435897435896
0 0.46601941747572817 0.5846153846153846 0.0889967637540453 0.13333333333333333
0 0.2532362459546926 0.49230769230769234 0.10355987055016182 0.16153846153846155
1 0.801779935275081 0.7282051282051282 0.09223300970873786 0.14358974358974358
1 0.6601941747572816 0.808974358974359 0.08090614886731391 0.13846153846153847
1 0.4967637540453074 0.9294871794871795 0.11326860841423948 0.14102564102564102
1 0.39805825242718446 0.9025641025641026 0.09223300970873786 0.15897435897435896
1 0.18689320388349515 0.27564102564102566 0.08414239482200647 0.11538461538461539