0 0.017080745341614908 0.4013452914798206 0.034161490683229816 0.07399103139013453
0 0.006211180124223602 0.5100896860986547 0.012422360248447204 0.10538116591928251
0 0.17313664596273293 0.7040358744394619 0.07919254658385093 0.05829596412556054
0 0.1281055900621118 0.6109865470852018 0.07763975155279502 0.10762331838565023
0 0.05745341614906832 0.6569506726457399 0.07608695652173914 0.11883408071748879
0 0.09083850931677019 0.7230941704035875 0.052795031055900624 0.09417040358744394
0 0.013198757763975156 0.5459641255605381 0.026397515527950312 0.09641255605381166
1 0.08695652173913043 0.2085201793721973 0.06055900621118013 0.06053811659192825
1 0.042701863354037264 0.23766816143497757 0.03881987577639751 0.05605381165919283
1 0.012422360248447204 0.7051569506726457 0.024844720496894408 0.07847533632286996
1 0.017080745341614908 0.6849775784753364 0.034161490683229816 0.10986547085201794
1 0.08928571428571429 0.3744394618834081 0.07763975155279502 0.11210762331838565
1 0.16770186335403728 0.3778026905829596 0.07142857142857142 0.08520179372197309
1 0.2329192546583851 0.4674887892376682 0.08229813664596274 0.07623318385650224