0 0.5240066225165563 0.014492753623188406 0.06456953642384106 0.028985507246376812
0 0.6307947019867549 0.022946859903381644 0.06291390728476821 0.04589371980676329
0 0.7963576158940397 0.022946859903381644 0.056291390728476824 0.04589371980676329
0 0.7764900662251656 0.06884057971014493 0.06456953642384106 0.12318840579710146
0 0.7317880794701986 0.12439613526570048 0.10264900662251655 0.10386473429951691
0 0.38079470198675497 0.030193236714975844 0.08278145695364239 0.050724637681159424
0 0.3344370860927152 0.21256038647342995 0.041390728476821195 0.10386473429951691
0 0.3294701986754967 0.33816425120772947 0.054635761589403975 0.11835748792270531
0 0.25 0.9710144927536232 0.08940397350993377 0.057971014492753624
0 0.3352649006622517 0.9685990338164251 0.06456953642384106 0.06280193236714976
0 0.3758278145695364 0.9299516908212561 0.076158940397351 0.14009661835748793
1 0.3394039735099338 0.03260869565217391 0.059602649006622516 0.04589371980676329
1 0.5571192052980133 0.0640096618357488 0.039735099337748346 0.1111111111111111
1 0.6026490066225165 0.006038647342995169 0.06622516556291391 0.012077294685990338
1 0.7268211920529801 0.007246376811594203 0.07947019867549669 0.014492753623188406
1 0.6581125827814569 0.021739130434782608 0.03145695364238411 0.043478260869565216
1 0.5124172185430463 0.1751207729468599 0.05132450331125828 0.11352657004830918
1 0.543046357615894 0.2946859903381642 0.057947019867549666 0.10386473429951691
1 0.3923841059602649 0.6473429951690821 0.08940397350993377 0.10628019323671498
1 0.6481788079470199 0.9698067632850241 0.054635761589403975 0.043478260869565216