0 0.31697819314641745 0.8540723981900452 0.045171339563862926 0.11085972850678733
0 0.28582554517133957 0.7330316742081447 0.03894080996884735 0.1244343891402715
0 0.7445482866043613 0.8495475113122172 0.08099688473520249 0.12895927601809956
0 0.5319314641744548 0.3156108597285068 0.0794392523364486 0.1244343891402715
0 0.20327102803738317 0.3269230769230769 0.0763239875389408 0.14027149321266968
0 0.17679127725856697 0.19230769230769232 0.06542056074766354 0.11764705882352941
0 0.7655763239875389 0.07692307692307693 0.07009345794392523 0.15384615384615385
0 0.5225856697819314 0.04072398190045249 0.09813084112149532 0.08144796380090498
0 0.5412772585669782 0.01809954751131222 0.08566978193146417 0.03619909502262444
1 0.4984423676012461 0.8868778280542986 0.056074766355140186 0.10407239819004525
1 0.4727414330218069 0.7714932126696833 0.06074766355140187 0.13800904977375567
1 0.3317757009345794 0.03959276018099547 0.09190031152647975 0.05203619909502263
1 0.2250778816199377 0.0418552036199095 0.08722741433021806 0.029411764705882353
1 0.7850467289719626 0.4423076923076923 0.0763239875389408 0.1244343891402715
1 0.4961059190031153 0.1323529411764706 0.06853582554517133 0.14705882352941177
1 0.7679127725856698 0.014705882352941176 0.059190031152647975 0.029411764705882353