0 0.020446096654275093 0.47715736040609136 0.040892193308550186 0.15736040609137056
0 0.022304832713754646 0.28045685279187815 0.04460966542750929 0.08883248730964467
0 0.09293680297397769 0.24873096446700507 0.10037174721189591 0.15736040609137056
0 0.2137546468401487 0.14720812182741116 0.10966542750929369 0.1065989847715736
0 0.4507434944237918 0.19416243654822335 0.08736059479553904 0.16751269035532995
0 0.5213754646840149 0.05710659898477157 0.10223048327137546 0.11421319796954314
0 0.6115241635687733 0.04060913705583756 0.08550185873605948 0.08121827411167512
0 0.6988847583643123 0.03553299492385787 0.10780669144981413 0.07106598984771574
0 0.879182156133829 0.6484771573604061 0.07434944237918216 0.09390862944162437
0 0.8550185873605948 0.6789340101522843 0.07992565055762081 0.11421319796954314
0 0.7574349442379182 0.7258883248730964 0.08736059479553904 0.13959390862944163
1 0.015799256505576207 0.44289340101522845 0.031598513011152414 0.1598984771573604
1 0.007434944237918215 0.2956852791878173 0.01486988847583643 0.0583756345177665
1 0.011152416356877323 0.29441624365482233 0.022304832713754646 0.06598984771573604
1 0.4079925650557621 0.0532994923857868 0.09479553903345725 0.1065989847715736
1 0.2788104089219331 0.19289340101522842 0.10223048327137546 0.1446700507614213
1 0.587360594795539 0.8324873096446701 0.08921933085501858 0.12690355329949238
1 0.7555762081784386 0.6434010152284264 0.08550185873605948 0.1065989847715736
1 0.8197026022304833 0.4987309644670051 0.0724907063197026 0.09898477157360407
1 0.5697026022304833 0.282994923857868 0.09293680297397769 0.116751269035533
1 0.6988847583643123 0.22208121827411167 0.10966542750929369 0.14974619289340102
1 0.7648698884758365 0.12944162436548223 0.0687732342007435 0.10406091370558376