0 0.2514492753623188 0.24684873949579833 0.08405797101449275 0.13865546218487396
0 0.3753623188405797 0.05777310924369748 0.08985507246376812 0.0819327731092437
0 0.6 0.03361344537815126 0.04927536231884058 0.06722689075630252
0 0.6152173913043478 0.12289915966386554 0.057971014492753624 0.11554621848739496
0 0.6021739130434782 0.011554621848739496 0.05652173913043478 0.023109243697478993
0 0.6181159420289855 0.007352941176470588 0.0391304347826087 0.014705882352941176
0 0.5355072463768116 0.014705882352941176 0.06231884057971015 0.029411764705882353
0 0.37681159420289856 0.045168067226890755 0.07246376811594203 0.05672268907563025
0 0.35942028985507246 0.05357142857142857 0.057971014492753624 0.05672268907563025
0 0.41956521739130437 0.023109243697478993 0.04782608695652174 0.031512605042016806
1 0.26304347826086955 0.07142857142857142 0.03768115942028986 0.029411764705882353
1 0.2702898550724638 0.07773109243697479 0.05507246376811594 0.05042016806722689
1 0.22753623188405797 0.08508403361344538 0.04927536231884058 0.03571428571428571
1 0.24130434782608695 0.07563025210084033 0.06521739130434782 0.03361344537815126
1 0.3217391304347826 0.3077731092436975 0.08550724637681159 0.12815126050420167
1 0.48840579710144927 0.22584033613445378 0.07536231884057971 0.13865546218487396
1 0.47246376811594204 0.028361344537815126 0.05507246376811594 0.05672268907563025
1 0.40869565217391307 0.04096638655462185 0.06086956521739131 0.06092436974789916
1 0.47391304347826085 0.01050420168067227 0.04057971014492753 0.02100840336134454
1 0.49420289855072463 0.007352941176470588 0.05217391304347826 0.014705882352941176
1 0.5891304347826087 0.011554621848739496 0.07681159420289856 0.023109243697478993