0 0.3333333333333333 0.022727272727272728 0.08627450980392157 0.045454545454545456
0 0.38529411764705884 0.017379679144385027 0.08431372549019608 0.034759358288770054
0 0.4215686274509804 0.013368983957219251 0.0784313725490196 0.026737967914438502
0 0.6970588235294117 0.10160427807486631 0.12745098039215685 0.11764705882352941
0 0.6970588235294117 0.1163101604278075 0.11176470588235295 0.12834224598930483
0 0.7362745098039216 0.8636363636363636 0.11372549019607843 0.14705882352941177
1 0.6245098039215686 0.040106951871657755 0.07647058823529412 0.06149732620320856
1 0.5911764705882353 0.026737967914438502 0.06470588235294118 0.053475935828877004
1 0.4568627450980392 0.026737967914438502 0.09019607843137255 0.053475935828877004
1 0.3980392156862745 0.06684491978609626 0.11372549019607843 0.13368983957219252
1 0.2931372549019608 0.13368983957219252 0.12745098039215685 0.15775401069518716
1 0.45098039215686275 0.07620320855614973 0.09019607843137255 0.15240641711229946
1 0.7470588235294118 0.9518716577540107 0.03725490196078431 0.07219251336898395