0 0.7743288590604027 0.014908256880733946 0.04194630872483222 0.02981651376146789
0 0.8674496644295302 0.040137614678899085 0.06040268456375839 0.08027522935779817
0 0.8716442953020134 0.10321100917431193 0.10234899328859061 0.14678899082568808
0 0.6887583892617449 0.16743119266055045 0.09228187919463088 0.13302752293577982
0 0.6266778523489933 0.1353211009174312 0.08053691275167785 0.12385321100917432
0 0.462248322147651 0.06307339449541284 0.08221476510067115 0.12614678899082568
0 0.4974832214765101 0.8899082568807339 0.11409395973154363 0.14220183486238533
0 0.3573825503355705 0.948394495412844 0.07046979865771812 0.10321100917431193
0 0.32550335570469796 0.9071100917431193 0.07046979865771812 0.11009174311926606
0 0.1342281879194631 0.36009174311926606 0.087248322147651 0.08944954128440367
1 0.7516778523489933 0.02522935779816514 0.08389261744966443 0.05045871559633028
1 0.6216442953020134 0.020642201834862386 0.06543624161073826 0.04128440366972477
1 0.6837248322147651 0.033256880733944956 0.08892617449664429 0.06651376146788991
1 0.7843959731543624 0.017201834862385322 0.03859060402684564 0.034403669724770644
1 0.5780201342281879 0.027522935779816515 0.08221476510067115 0.05504587155963303
1 0.48573825503355705 0.016055045871559634 0.06879194630872483 0.03211009174311927
1 0.2600671140939597 0.18807339449541285 0.06375838926174497 0.11009174311926606
1 0.15604026845637584 0.5837155963302753 0.07885906040268456 0.0963302752293578
1 0.4429530201342282 0.7614678899082569 0.09395973154362416 0.12614678899082568
1 0.662751677852349 0.7224770642201835 0.08221476510067115 0.11697247706422019
1 0.47567114093959734 0.8394495412844036 0.053691275167785234 0.0779816513761468