0 0.5959214501510574 0.06444444444444444 0.0770392749244713 0.12222222222222222
0 0.14123867069486404 0.18666666666666668 0.0513595166163142 0.08222222222222222
0 0.1971299093655589 0.3022222222222222 0.054380664652567974 0.09111111111111111
0 0.20921450151057402 0.4222222222222222 0.07854984894259819 0.11333333333333333
0 0.229607250755287 0.39444444444444443 0.061933534743202415 0.09777777777777778
0 0.7515105740181269 0.38222222222222224 0.09214501510574018 0.10222222222222223
0 0.6910876132930514 0.4822222222222222 0.07401812688821752 0.12666666666666668
0 0.9433534743202417 0.6044444444444445 0.06948640483383686 0.08888888888888889
0 0.7341389728096677 0.8377777777777777 0.0770392749244713 0.10888888888888888
0 0.7484894259818731 0.91 0.08459214501510574 0.12
0 0.5453172205438066 0.9011111111111111 0.06042296072507553 0.08444444444444445
1 0.8187311178247734 0.06888888888888889 0.0891238670694864 0.11333333333333333
1 0.9418429003021148 0.41888888888888887 0.05891238670694864 0.13333333333333333
1 0.7348942598187311 0.6522222222222223 0.06042296072507553 0.13111111111111112
1 0.7129909365558912 0.7711111111111111 0.07099697885196375 0.1111111111111111
1 0.93202416918429 0.7755555555555556 0.07401812688821752 0.10222222222222223
1 0.9373111782477341 0.8855555555555555 0.0634441087613293 0.09777777777777778
1 0.8844410876132931 0.52 0.06646525679758308 0.1
1 0.290785498489426 0.15555555555555556 0.07401812688821752 0.1
1 0.3564954682779456 0.26222222222222225 0.06948640483383686 0.10666666666666667
1 0.06722054380664652 0.3211111111111111 0.045317220543806644 0.08444444444444445
1 0.3459214501510574 0.5455555555555556 0.0634441087613293 0.09111111111111111