0 0.9375 0.16666666666666666 0.053125 0.11965811965811966
0 0.9640625 0.5181623931623932 0.071875 0.08333333333333333
0 0.4875 0.12179487179487179 0.0640625 0.11752136752136752
0 0.2125 0.30235042735042733 0.0703125 0.053418803418803416
0 0.034375 0.33653846153846156 0.059375 0.07905982905982906
0 0.1796875 0.9049145299145299 0.08125 0.10042735042735043
0 0.1421875 0.9284188034188035 0.06875 0.05982905982905983
0 0.2484375 0.9113247863247863 0.053125 0.09829059829059829
0 0.26796875 0.7991452991452992 0.053125 0.10256410256410256
0 0.390625 0.8963675213675214 0.0703125 0.13675213675213677
1 0.8390625 0.280982905982906 0.0734375 0.09615384615384616
1 0.7640625 0.060897435897435896 0.0578125 0.0811965811965812
1 0.33828125 0.3076923076923077 0.065625 0.09615384615384616
1 0.5984375 0.8920940170940171 0.0765625 0.10683760683760683
1 0.2125 0.4732905982905983 0.05625 0.06623931623931624
1 0.12265625 0.49145299145299143 0.0484375 0.07905982905982906
1 0.32109375 0.8333333333333334 0.059375 0.07905982905982906
1 0.2109375 0.7072649572649573 0.05625 0.07478632478632478
1 0.08203125 0.7361111111111112 0.059375 0.0641025641025641