0 0.40625 0.012135922330097087 0.03869047619047619 0.024271844660194174
0 0.48735119047619047 0.01699029126213592 0.06101190476190476 0.03398058252427184
0 0.38392857142857145 0.13106796116504854 0.052083333333333336 0.11165048543689321
0 0.8519345238095238 0.1820388349514563 0.052083333333333336 0.07524271844660194
0 0.8288690476190477 0.1553398058252427 0.05357142857142857 0.04854368932038835
0 0.8697916666666666 0.16990291262135923 0.025297619047619048 0.02669902912621359
0 0.8244047619047619 0.14805825242718446 0.03720238095238095 0.03398058252427184
0 0.3950892857142857 0.5983009708737864 0.07589285714285714 0.1529126213592233
0 0.3645833333333333 0.49150485436893204 0.09523809523809523 0.15048543689320387
0 0.2700892857142857 0.3774271844660194 0.06845238095238096 0.12135922330097088
0 0.2648809523809524 0.7645631067961165 0.07589285714285714 0.13349514563106796
0 0.3794642857142857 0.9199029126213593 0.12351190476190477 0.13349514563106796
0 0.7247023809523809 0.712378640776699 0.08928571428571429 0.14320388349514562
0 0.7529761904761905 0.7888349514563107 0.044642857142857144 0.11893203883495146
1 0.45982142857142855 0.015776699029126214 0.05654761904761905 0.03155339805825243
1 0.7217261904761905 0.0970873786407767 0.046130952380952384 0.03640776699029126
1 0.5260416666666666 0.04247572815533981 0.049107142857142856 0.08495145631067962
1 0.8154761904761905 0.41019417475728154 0.05803571428571429 0.11893203883495146
1 0.7410714285714286 0.10679611650485436 0.03869047619047619 0.03398058252427184
1 0.3080357142857143 0.23179611650485438 0.05952380952380952 0.11893203883495146
1 0.28422619047619047 0.7038834951456311 0.09523809523809523 0.12135922330097088
1 0.19270833333333334 0.6929611650485437 0.06398809523809523 0.12135922330097088
1 0.36160714285714285 0.7439320388349514 0.07291666666666667 0.12378640776699029
1 0.6063988095238095 0.6601941747572816 0.0744047619047619 0.14563106796116504
1 0.49181547619047616 0.8446601941747572 0.09077380952380952 0.14805825242718446
1 0.4575892857142857 0.9065533980582524 0.0818452380952381 0.14320388349514562
1 0.5639880952380952 0.9344660194174758 0.08928571428571429 0.13106796116504854