0 0.9296610169491526 0.775 0.07627118644067797 0.1125
0 0.7059322033898305 0.9575 0.09322033898305085 0.085
0 0.6025423728813559 0.965 0.1 0.07
0 0.4211864406779661 0.91 0.1016949152542373 0.12
0 0.6601694915254237 0.0725 0.08135593220338982 0.08
0 0.14915254237288136 0.0325 0.07796610169491526 0.065
0 0.15169491525423728 0.06125 0.08644067796610169 0.1225
1 0.9186440677966101 0.18125 0.08813559322033898 0.0925
1 0.32457627118644067 0.03 0.08305084745762711 0.06
1 0.3228813559322034 0.1675 0.0847457627118644 0.1075
1 0.06186440677966102 0.41625 0.09322033898305085 0.125
1 0.15169491525423728 0.455 0.0847457627118644 0.115
1 0.6372881355932203 0.825 0.09152542372881356 0.1375
1 0.8059322033898305 0.77125 0.08983050847457627 0.115
1 0.9720338983050848 0.4125 0.05593220338983051 0.12
1 0.8906779661016949 0.86125 0.0847457627118644 0.1275