0 0.41954022988505746 0.21132596685082872 0.06896551724137931 0.12154696132596685
0 0.46551724137931033 0.12154696132596685 0.07088122605363985 0.11049723756906077
0 0.5517241379310345 0.04834254143646409 0.1111111111111111 0.09668508287292818
0 0.6848659003831418 0.16022099447513813 0.09578544061302682 0.13812154696132597
0 0.7567049808429118 0.4930939226519337 0.10727969348659004 0.15193370165745856
0 0.814176245210728 0.5718232044198895 0.08812260536398467 0.1298342541436464
1 0.5938697318007663 0.27348066298342544 0.08620689655172414 0.13259668508287292
1 0.6283524904214559 0.13535911602209943 0.07854406130268199 0.1298342541436464
1 0.6743295019157088 0.0925414364640884 0.05938697318007663 0.07458563535911603
1 0.8295019157088123 0.26933701657458564 0.07854406130268199 0.13259668508287292
1 0.8726053639846744 0.3383977900552486 0.08812260536398467 0.11602209944751381
1 0.9157088122605364 0.4074585635359116 0.07088122605363985 0.10773480662983426