0 0.2754360465116279 0.09071729957805907 0.08284883720930232 0.1160337552742616
0 0.4106104651162791 0.10759493670886076 0.09156976744186046 0.11181434599156118
0 0.46875 0.17405063291139242 0.09447674418604651 0.13924050632911392
0 0.17805232558139536 0.48523206751054854 0.07703488372093023 0.12236286919831224
0 0.1686046511627907 0.5453586497890295 0.0755813953488372 0.1160337552742616
0 0.16351744186046513 0.6107594936708861 0.06540697674418605 0.0970464135021097
0 0.6700581395348837 0.5928270042194093 0.09738372093023256 0.14556962025316456
0 0.8488372093023255 0.7953586497890295 0.08575581395348837 0.12447257383966245
1 0.15334302325581395 0.04852320675105485 0.07122093023255814 0.0970464135021097
1 0.25 0.23417721518987342 0.0755813953488372 0.10759493670886076
1 0.36627906976744184 0.459915611814346 0.09302325581395349 0.12447257383966245
1 0.3546511627906977 0.5295358649789029 0.09883720930232558 0.13924050632911392
1 0.32122093023255816 0.6118143459915611 0.0872093023255814 0.12447257383966245
1 0.32558139534883723 0.7563291139240507 0.1002906976744186 0.14978902953586498
1 0.8677325581395349 0.38924050632911394 0.10319767441860465 0.13291139240506328
1 0.9171511627906976 0.8322784810126582 0.08139534883720931 0.12658227848101267