0 0.008849557522123894 0.5228365384615384 0.017699115044247787 0.08413461538461539
0 0.1290560471976401 0.23317307692307693 0.05309734513274336 0.0889423076923077
0 0.0943952802359882 0.020432692307692308 0.04129793510324484 0.040865384615384616
0 0.19616519174041297 0.11298076923076923 0.08112094395280237 0.11778846153846154
0 0.1275811209439528 0.018028846153846152 0.045722713864306784 0.036057692307692304
0 0.25147492625368734 0.016826923076923076 0.045722713864306784 0.03365384615384615
0 0.2949852507374631 0.38461538461538464 0.0752212389380531 0.10817307692307693
0 0.6991150442477876 0.8605769230769231 0.06489675516224189 0.10096153846153846
0 0.5398230088495575 0.890625 0.06489675516224189 0.10817307692307693
0 0.8547197640117994 0.8930288461538461 0.08112094395280237 0.11057692307692307
0 0.9520648967551623 0.8221153846153846 0.045722713864306784 0.09615384615384616
0 0.9948377581120944 0.4891826923076923 0.01032448377581121 0.10817307692307693
0 0.9712389380530974 0.4855769230769231 0.05752212389380531 0.12980769230769232
1 0.3724188790560472 0.03125 0.05752212389380531 0.0625
1 0.4277286135693215 0.1466346153846154 0.08112094395280237 0.11538461538461539
1 0.21976401179941002 0.02283653846153846 0.05014749262536873 0.04567307692307692
1 0.137905604719764 0.06009615384615385 0.05309734513274336 0.0985576923076923
1 0.05530973451327434 0.22716346153846154 0.04129793510324484 0.052884615384615384
1 0.049410029498525077 0.17548076923076922 0.0471976401179941 0.08173076923076923
1 0.02654867256637168 0.3112980769230769 0.03392330383480826 0.07451923076923077
1 0.140117994100295 0.38221153846153844 0.058997050147492625 0.07932692307692307
1 0.25442477876106195 0.4266826923076923 0.06784660766961652 0.0985576923076923
1 0.32448377581120946 0.4639423076923077 0.06784660766961652 0.11298076923076923
1 0.6710914454277286 0.4963942307692308 0.09587020648967552 0.14182692307692307
1 0.7035398230088495 0.09495192307692307 0.08849557522123894 0.10096153846153846
1 0.9601769911504425 0.16826923076923078 0.07964601769911504 0.07692307692307693
1 0.9727138643067846 0.5997596153846154 0.05457227138643068 0.0985576923076923
1 0.7595870206489675 0.9819711538461539 0.05014749262536873 0.036057692307692304