0 0.7064516129032258 0.7243589743589743 0.07580645161290323 0.13333333333333333
0 0.6814516129032258 0.8320512820512821 0.07903225806451612 0.1358974358974359
0 0.6088709677419355 0.9025641025641026 0.08709677419354839 0.1564102564102564
0 0.4790322580645161 0.9666666666666667 0.07419354838709677 0.06666666666666667
0 0.39838709677419354 0.11538461538461539 0.07258064516129033 0.11282051282051282
0 0.36451612903225805 0.15512820512820513 0.08548387096774193 0.14102564102564102
0 0.2645161290322581 0.13076923076923078 0.07258064516129033 0.11794871794871795
1 0.9048387096774193 0.3346153846153846 0.09838709677419355 0.1717948717948718
1 0.5556451612903226 0.28205128205128205 0.10806451612903226 0.18461538461538463
1 0.2532258064516129 0.041025641025641026 0.06774193548387097 0.08205128205128205
1 0.14838709677419354 0.3230769230769231 0.07419354838709677 0.12564102564102564
1 0.8709677419354839 0.9 0.08709677419354839 0.14615384615384616