0 0.38913043478260867 0.045168067226890755 0.04927536231884058 0.0546218487394958
0 0.45652173913043476 0.011554621848739496 0.06666666666666667 0.023109243697478993
0 0.5630434782608695 0.04831932773109244 0.04782608695652174 0.09663865546218488
0 0.5 0.0273109243697479 0.07246376811594203 0.0546218487394958
0 0.5347826086956522 0.017857142857142856 0.07246376811594203 0.03571428571428571
0 0.5666666666666667 0.012605042016806723 0.057971014492753624 0.025210084033613446
0 0.47753623188405797 0.01365546218487395 0.059420289855072465 0.0273109243697479
1 0.26231884057971017 0.1134453781512605 0.036231884057971016 0.05042016806722689
1 0.286231884057971 0.09558823529411764 0.034782608695652174 0.03991596638655462
1 0.5746376811594203 0.011554621848739496 0.04782608695652174 0.023109243697478993
1 0.5557971014492754 0.012605042016806723 0.06811594202898551 0.025210084033613446
1 0.36231884057971014 0.06407563025210083 0.06956521739130435 0.07142857142857142
1 0.35507246376811596 0.08718487394957983 0.06086956521739131 0.09663865546218488
1 0.4210144927536232 0.15861344537815125 0.057971014492753624 0.11554621848739496