0 0.9498239436619719 0.23677884615384615 0.061619718309859156 0.10576923076923077
0 0.9507042253521126 0.22115384615384615 0.05457746478873239 0.09375
0 0.7790492957746479 0.018028846153846152 0.1073943661971831 0.036057692307692304
0 0.7165492957746479 0.03245192307692308 0.07746478873239436 0.06490384615384616
0 0.6769366197183099 0.015625 0.10035211267605634 0.03125
0 0.31338028169014087 0.10216346153846154 0.09859154929577464 0.0625
0 0.5264084507042254 0.8076923076923077 0.08274647887323944 0.15144230769230768
0 0.22359154929577466 0.8365384615384616 0.08098591549295775 0.14423076923076922
0 0.22887323943661972 0.42788461538461536 0.07746478873239436 0.125
0 0.24295774647887325 0.35697115384615385 0.06866197183098592 0.18028846153846154
1 0.9190140845070423 0.013221153846153846 0.04929577464788732 0.026442307692307692
1 0.9286971830985915 0.014423076923076924 0.02640845070422535 0.028846153846153848
1 0.9419014084507042 0.48197115384615385 0.11619718309859155 0.11778846153846154
1 0.9330985915492958 0.05889423076923077 0.056338028169014086 0.11778846153846154
1 0.6346830985915493 0.12740384615384615 0.07922535211267606 0.09134615384615384
1 0.3204225352112676 0.28846153846153844 0.0897887323943662 0.10336538461538461
1 0.3855633802816901 0.5432692307692307 0.07922535211267606 0.0985576923076923
1 0.3380281690140845 0.7692307692307693 0.07922535211267606 0.08653846153846154
1 0.29313380281690143 0.7536057692307693 0.06338028169014084 0.09615384615384616
1 0.1056338028169014 0.44350961538461536 0.06338028169014084 0.12980769230769232