0 0.606687898089172 0.07934782608695652 0.06687898089171974 0.12608695652173912
0 0.856687898089172 0.0782608695652174 0.07802547770700637 0.030434782608695653
0 0.2603503184713376 0.010869565217391304 0.07484076433121019 0.021739130434782608
0 0.3590764331210191 0.015217391304347827 0.09076433121019108 0.030434782608695653
0 0.3160828025477707 0.6228260869565218 0.07802547770700637 0.11739130434782609
0 0.26512738853503187 0.7152173913043478 0.044585987261146494 0.0891304347826087
0 0.26671974522292996 0.8152173913043478 0.04617834394904458 0.07608695652173914
1 0.4968152866242038 0.010869565217391304 0.06369426751592357 0.021739130434782608
1 0.8057324840764332 0.2619565217391304 0.06847133757961783 0.1282608695652174
1 0.2444267515923567 0.057608695652173914 0.06528662420382166 0.09782608695652174
1 0.3877388535031847 0.24347826086956523 0.06210191082802548 0.10652173913043478
1 0.428343949044586 0.015217391304347827 0.06369426751592357 0.030434782608695653
1 0.6592356687898089 0.03260869565217391 0.050955414012738856 0.01956521739130435
1 0.2157643312101911 0.45543478260869563 0.06369426751592357 0.08695652173913043
1 0.4020700636942675 0.7934782608695652 0.07643312101910828 0.08695652173913043
1 0.39729299363057324 0.8717391304347826 0.06847133757961783 0.08695652173913043
1 0.6942675159235668 0.9 0.05732484076433121 0.08043478260869565