0 0.8614864864864865 0.39146341463414636 0.07601351351351351 0.1048780487804878
0 0.6140202702702703 0.35 0.08614864864864864 0.11463414634146342
0 0.5109797297297297 0.1329268292682927 0.06587837837837837 0.0975609756097561
0 0.24408783783783783 0.598780487804878 0.06925675675675676 0.1
0 0.3859797297297297 0.5865853658536585 0.08277027027027027 0.12682926829268293
0 0.28631756756756754 0.8670731707317073 0.05574324324324324 0.08292682926829269
1 0.8336148648648649 0.2121951219512195 0.07432432432432433 0.08780487804878048
1 0.43834459459459457 0.024390243902439025 0.08952702702702703 0.04878048780487805
1 0.5996621621621622 0.6487804878048781 0.06418918918918919 0.0975609756097561
1 0.535472972972973 0.8573170731707317 0.08783783783783784 0.13902439024390245
1 0.21199324324324326 0.8317073170731707 0.04391891891891892 0.05365853658536585
1 0.2981418918918919 0.7085365853658536 0.08277027027027027 0.10975609756097561
1 0.30996621621621623 0.36097560975609755 0.08783783783783784 0.12926829268292683