0 0.38953488372093026 0.027888446215139442 0.06686046511627906 0.055776892430278883
0 0.1882267441860465 0.18227091633466136 0.07122093023255814 0.0796812749003984
0 0.1867732558139535 0.34860557768924305 0.0872093023255814 0.13745019920318724
0 0.35828488372093026 0.3804780876494024 0.09447674418604651 0.12749003984063745
0 0.35174418604651164 0.21812749003984064 0.0872093023255814 0.12151394422310757
0 0.6002906976744186 0.3834661354581673 0.08284883720930232 0.11155378486055777
0 0.7863372093023255 0.5577689243027888 0.07122093023255814 0.09561752988047809
0 0.34011627906976744 0.6723107569721115 0.08139534883720931 0.09760956175298804
0 0.2245639534883721 0.6264940239043825 0.08284883720930232 0.12151394422310757
0 0.39171511627906974 0.8296812749003984 0.061046511627906974 0.099601593625498
0 0.438953488372093 0.9093625498007968 0.061046511627906974 0.09561752988047809
1 0.20494186046511628 0.1593625498007968 0.06395348837209303 0.061752988047808766
1 0.3546511627906977 0.07071713147410359 0.059593023255813955 0.07768924302788845
1 0.24127906976744187 0.1394422310756972 0.07267441860465117 0.07370517928286853
1 0.3066860465116279 0.15637450199203187 0.07267441860465117 0.08764940239043825
1 0.5050872093023255 0.4153386454183267 0.08284883720930232 0.10159362549800798
1 0.23255813953488372 0.5139442231075697 0.07703488372093023 0.10358565737051793
1 0.3561046511627907 0.75 0.08139534883720931 0.09163346613545817
1 0.5050872093023255 0.7649402390438247 0.06976744186046512 0.10159362549800798
1 0.5523255813953488 0.8645418326693227 0.0625 0.08964143426294821
1 0.7369186046511628 0.5577689243027888 0.07122093023255814 0.10557768924302789
1 0.7013081395348837 0.3705179282868526 0.07122093023255814 0.09561752988047809