0 0.7210031347962382 0.8527397260273972 0.05172413793103448 0.13926940639269406
0 0.6747648902821317 0.9235159817351598 0.0438871473354232 0.1004566210045662
0 0.3777429467084639 0.03538812785388128 0.07836990595611286 0.07077625570776255
0 0.28605015673981193 0.05365296803652968 0.07053291536050156 0.10730593607305935
0 0.25 0.02968036529680365 0.10815047021943573 0.0593607305936073
0 0.1677115987460815 0.03424657534246575 0.09717868338557993 0.0684931506849315
0 0.008620689655172414 0.6769406392694064 0.017241379310344827 0.11187214611872145
0 0.012539184952978056 0.7705479452054794 0.025078369905956112 0.13013698630136986
0 0.274294670846395 0.6906392694063926 0.10031347962382445 0.1689497716894977
0 0.28448275862068967 0.5776255707762558 0.09090909090909091 0.16210045662100456
1 0.5525078369905956 0.7682648401826484 0.07053291536050156 0.11643835616438356
1 0.46943573667711597 0.8835616438356164 0.06739811912225706 0.09360730593607305
1 0.0493730407523511 0.4486301369863014 0.07523510971786834 0.1506849315068493
1 0.02821316614420063 0.6038812785388128 0.05642633228840126 0.12557077625570776
1 0.19670846394984326 0.821917808219178 0.06583072100313479 0.1187214611872146
1 0.029780564263322883 0.3059360730593607 0.034482758620689655 0.0776255707762557
1 0.22648902821316613 0.3093607305936073 0.10344827586206896 0.10730593607305935