0 0.189453125 0.03571428571428571 0.09765625 0.07142857142857142
0 0.2578125 0.06571428571428571 0.12890625 0.13142857142857142
0 0.6435546875 0.12428571428571429 0.123046875 0.17142857142857143
0 0.2890625 0.7314285714285714 0.1328125 0.2
0 0.0869140625 0.5314285714285715 0.140625 0.2057142857142857
0 0.0966796875 0.6528571428571428 0.11328125 0.15428571428571428
0 0.2421875 0.19857142857142857 0.126953125 0.18285714285714286
1 0.2919921875 0.024285714285714285 0.076171875 0.04857142857142857
1 0.37109375 0.03142857142857143 0.10546875 0.06285714285714286
1 0.4892578125 0.03 0.095703125 0.06
1 0.7421875 0.8414285714285714 0.119140625 0.16857142857142857
1 0.181640625 0.3271428571428571 0.14453125 0.20285714285714285