0 0.7555205047318612 0.1353211009174312 0.07413249211356467 0.12155963302752294
0 0.3548895899053628 0.03784403669724771 0.06624605678233439 0.07568807339449542
0 0.36198738170347006 0.10894495412844037 0.09305993690851735 0.11467889908256881
0 0.2444794952681388 0.30275229357798167 0.09936908517350158 0.12155963302752294
0 0.7239747634069401 0.9518348623853211 0.07570977917981073 0.0963302752293578
0 0.7168769716088328 0.7706422018348624 0.08990536277602523 0.1444954128440367
1 0.7373817034700315 0.09174311926605505 0.07728706624605679 0.05963302752293578
1 0.3556782334384858 0.016055045871559634 0.083596214511041 0.03211009174311927
1 0.31782334384858046 0.4208715596330275 0.08990536277602523 0.12844036697247707
1 0.1829652996845426 0.6272935779816514 0.09305993690851735 0.0871559633027523
1 0.1750788643533123 0.6605504587155964 0.08832807570977919 0.09174311926605505