0 0.7358490566037735 0.042045454545454546 0.059748427672955975 0.08409090909090909
0 0.8852201257861635 0.035227272727272725 0.040880503144654086 0.07045454545454545
0 0.8443396226415094 0.01818181818181818 0.05345911949685535 0.03636363636363636
0 0.8694968553459119 0.011363636363636364 0.031446540880503145 0.022727272727272728
0 0.9190251572327044 0.12613636363636363 0.03930817610062893 0.075
0 0.8938679245283019 0.6306818181818182 0.06918238993710692 0.07727272727272727
0 0.949685534591195 0.5738636363636364 0.0660377358490566 0.07954545454545454
0 0.9787735849056604 0.3443181818181818 0.04245283018867924 0.09772727272727273
1 0.5707547169811321 0.1340909090909091 0.10220125786163523 0.15
1 0.7940251572327044 0.1625 0.07547169811320754 0.11363636363636363
1 0.8946540880503144 0.17045454545454544 0.0660377358490566 0.07954545454545454
1 0.9095911949685535 0.09204545454545454 0.03930817610062893 0.08409090909090909
1 0.9622641509433962 0.2545454545454545 0.036163522012578615 0.06363636363636363
1 0.9803459119496856 0.2943181818181818 0.02830188679245283 0.05454545454545454
1 0.9834905660377359 0.5238636363636363 0.0330188679245283 0.09318181818181819
1 0.9213836477987422 0.3431818181818182 0.06918238993710692 0.09090909090909091
1 0.7672955974842768 0.3965909090909091 0.09433962264150944 0.11818181818181818