0 0.06648936170212766 0.18567961165048544 0.05851063829787234 0.13349514563106796
0 0.08156028368794327 0.11286407766990292 0.044326241134751775 0.10922330097087378
0 0.39184397163120566 0.03640776699029126 0.09219858156028368 0.07281553398058252
0 0.4973404255319149 0.13470873786407767 0.09929078014184398 0.13592233009708737
0 0.7836879432624113 0.32281553398058255 0.09397163120567376 0.09466019417475728
0 0.8572695035460993 0.3871359223300971 0.09042553191489362 0.08737864077669903
0 0.2925531914893617 0.8822815533980582 0.0975177304964539 0.11650485436893204
0 0.6081560283687943 0.9793689320388349 0.09929078014184398 0.0412621359223301
1 0.1595744680851064 0.02063106796116505 0.0425531914893617 0.0412621359223301
1 0.15868794326241134 0.15169902912621358 0.09929078014184398 0.13349514563106796
1 0.18351063829787234 0.03033980582524272 0.08333333333333333 0.06067961165048544
1 0.7145390070921985 0.2220873786407767 0.09929078014184398 0.14320388349514562
1 0.7216312056737588 0.5060679611650486 0.08687943262411348 0.11407766990291263
1 0.8209219858156028 0.616504854368932 0.09574468085106383 0.1262135922330097
1 0.5124113475177305 0.875 0.09219858156028368 0.12135922330097088
1 0.5319148936170213 0.8094660194174758 0.09574468085106383 0.10194174757281553
1 0.6356382978723404 0.8604368932038835 0.09042553191489362 0.11407766990291263
1 0.75 0.883495145631068 0.08865248226950355 0.11165048543689321
1 0.45656028368794327 0.9550970873786407 0.0797872340425532 0.08980582524271845