0 0.2152317880794702 0.36428571428571427 0.052980132450331126 0.09047619047619047
0 0.20612582781456953 0.2642857142857143 0.056291390728476824 0.11428571428571428
0 0.5860927152317881 0.16071428571428573 0.09602649006622517 0.10476190476190476
0 0.6779801324503312 0.20595238095238094 0.09271523178807947 0.10952380952380952
0 0.7293046357615894 0.28214285714285714 0.07947019867549669 0.11666666666666667
1 0.3841059602649007 0.3464285714285714 0.06291390728476821 0.09285714285714286
1 0.3302980132450331 0.10119047619047619 0.0695364238410596 0.11428571428571428
1 0.5579470198675497 0.42857142857142855 0.08774834437086093 0.11904761904761904
1 0.6349337748344371 0.4380952380952381 0.08443708609271523 0.14523809523809525
1 0.7632450331125827 0.5583333333333333 0.10264900662251655 0.13095238095238096
1 0.8352649006622517 0.8226190476190476 0.08443708609271523 0.12380952380952381