0 0.4931506849315068 0.11413043478260869 0.06712328767123288 0.09130434782608696
0 0.4410958904109589 0.5141304347826087 0.07260273972602739 0.11956521739130435
0 0.3171232876712329 0.8869565217391304 0.049315068493150684 0.09565217391304348
0 0.8623287671232877 0.02282608695652174 0.08082191780821918 0.04565217391304348
0 0.8178082191780822 0.1608695652173913 0.06575342465753424 0.10217391304347827
0 0.9438356164383561 0.6413043478260869 0.06712328767123288 0.10434782608695652
0 0.9506849315068493 0.7445652173913043 0.07123287671232877 0.1391304347826087
0 0.7075342465753425 0.19782608695652174 0.057534246575342465 0.11956521739130435
1 0.9308219178082192 0.2728260869565217 0.06986301369863014 0.10434782608695652
1 0.8143835616438356 0.03260869565217391 0.06712328767123288 0.06521739130434782
1 0.6616438356164384 0.15217391304347827 0.07123287671232877 0.13695652173913042
1 0.8513698630136987 0.4608695652173913 0.050684931506849315 0.08043478260869565
1 0.8863013698630137 0.40652173913043477 0.06301369863013699 0.11304347826086956
1 0.7726027397260274 0.7967391304347826 0.0684931506849315 0.13695652173913042
1 0.5821917808219178 0.7630434782608696 0.0821917808219178 0.09565217391304348
1 0.4767123287671233 0.8695652173913043 0.06575342465753424 0.0891304347826087
1 0.32465753424657534 0.4934782608695652 0.07945205479452055 0.10217391304347827
1 0.23493150684931507 0.55 0.06712328767123288 0.08695652173913043