0 0.24930555555555556 0.11546610169491525 0.041666666666666664 0.048728813559322036
0 0.5868055555555556 0.01059322033898305 0.04027777777777778 0.0211864406779661
0 0.2361111111111111 0.2944915254237288 0.06805555555555555 0.09110169491525423
0 0.25555555555555554 0.3273305084745763 0.06805555555555555 0.09957627118644068
0 0.29444444444444445 0.6239406779661016 0.09305555555555556 0.11440677966101695
0 0.43333333333333335 0.8252118644067796 0.08194444444444444 0.09533898305084745
0 0.375 0.7478813559322034 0.07083333333333333 0.1016949152542373
0 0.3263888888888889 0.965042372881356 0.08333333333333333 0.06991525423728813
0 0.425 0.9533898305084746 0.06666666666666667 0.09322033898305085
0 0.6319444444444444 0.5963983050847458 0.09305555555555556 0.12076271186440678
0 0.6868055555555556 0.4957627118644068 0.0763888888888889 0.09745762711864407
0 0.75 0.4650423728813559 0.0625 0.09957627118644068
1 0.34444444444444444 0.057203389830508475 0.044444444444444446 0.03177966101694915
1 0.47430555555555554 0.011652542372881356 0.043055555555555555 0.023305084745762712
1 0.21666666666666667 0.13029661016949154 0.05416666666666667 0.05084745762711865
1 0.43680555555555556 0.04449152542372881 0.0625 0.08898305084745763
1 0.5743055555555555 0.011652542372881356 0.04861111111111111 0.023305084745762712
1 0.4798611111111111 0.15254237288135594 0.0625 0.1038135593220339
1 0.2708333333333333 0.5921610169491526 0.075 0.1038135593220339
1 0.3194444444444444 0.9184322033898306 0.08472222222222223 0.1059322033898305
1 0.6118055555555556 0.8188559322033898 0.06111111111111111 0.11016949152542373
1 0.5527777777777778 0.75 0.0763888888888889 0.12076271186440678
1 0.41944444444444445 0.5307203389830508 0.06944444444444445 0.11016949152542373
1 0.7006944444444444 0.9067796610169492 0.09166666666666666 0.07838983050847458
1 0.7416666666666667 0.7669491525423728 0.08333333333333333 0.1292372881355932
1 0.825 0.753177966101695 0.0763888888888889 0.12076271186440678