0 0.9695945945945946 0.46774193548387094 0.060810810810810814 0.15207373271889402
0 0.9366554054054054 0.38940092165898615 0.0945945945945946 0.1359447004608295
0 0.8994932432432432 0.31797235023041476 0.08952702702702703 0.12903225806451613
0 0.7846283783783784 0.4539170506912442 0.10641891891891891 0.15898617511520738
0 0.41216216216216217 0.7684331797235023 0.08108108108108109 0.10368663594470046
0 0.27111486486486486 0.815668202764977 0.07432432432432433 0.1175115207373272
0 0.10472972972972973 0.6889400921658986 0.07094594594594594 0.1152073732718894
0 0.3234797297297297 0.10253456221198157 0.08277027027027027 0.07834101382488479
1 0.737331081081081 0.17972350230414746 0.08952702702702703 0.10599078341013825
1 0.8277027027027027 0.23732718894009217 0.08783783783783784 0.1382488479262673
1 0.7896959459459459 0.6290322580645161 0.12162162162162163 0.1382488479262673
1 0.8800675675675675 0.6624423963133641 0.09628378378378379 0.11981566820276497
1 0.9467905405405406 0.6923963133640553 0.0777027027027027 0.09216589861751152
1 0.24070945945945946 0.25921658986175117 0.07432432432432433 0.08755760368663594
1 0.23817567567567569 0.652073732718894 0.07094594594594594 0.10599078341013825
1 0.46368243243243246 0.8963133640552995 0.08783783783783784 0.12442396313364056