0 0.9912587412587412 0.4221938775510204 0.017482517482517484 0.09438775510204081
0 0.8636363636363636 0.39668367346938777 0.08391608391608392 0.11989795918367346
0 0.8688811188811189 0.6721938775510204 0.08916083916083917 0.10204081632653061
0 0.43094405594405594 0.7206632653061225 0.09265734265734266 0.12244897959183673
0 0.791083916083916 0.3596938775510204 0.06993006993006994 0.11224489795918367
0 0.28846153846153844 0.09821428571428571 0.08216783216783216 0.13520408163265307
0 0.3138111888111888 0.8431122448979592 0.09615384615384616 0.14285714285714285
1 0.9790209790209791 0.6301020408163265 0.033216783216783216 0.06887755102040816
1 0.9711538461538461 0.5127551020408163 0.057692307692307696 0.07653061224489796
1 0.993006993006993 0.42346938775510207 0.013986013986013986 0.11224489795918367
1 0.6284965034965035 0.4744897959183674 0.06818181818181818 0.17091836734693877
1 0.6870629370629371 0.826530612244898 0.07342657342657342 0.1377551020408163
1 0.31905594405594406 0.9489795918367347 0.050699300699300696 0.04081632653061224
1 0.597027972027972 0.9272959183673469 0.06993006993006994 0.11989795918367346
1 0.7709790209790209 0.9502551020408163 0.06993006993006994 0.09948979591836735