0 0.29751461988304095 0.687 0.1023391812865497 0.13
0 0.6133040935672515 0.368 0.07602339181286549 0.11
0 0.6973684210526315 0.331 0.09649122807017543 0.138
0 0.2273391812865497 0.438 0.06140350877192982 0.102
0 0.2054093567251462 0.35 0.06871345029239766 0.102
0 0.5796783625730995 0.286 0.07894736842105263 0.102
0 0.5847953216374269 0.081 0.08333333333333333 0.118
0 0.5358187134502924 0.02 0.06286549707602339 0.04
0 0.48903508771929827 0.012 0.039473684210526314 0.024
1 0.385233918128655 0.925 0.07602339181286549 0.102
1 0.45394736842105265 0.524 0.0847953216374269 0.124
1 0.44005847953216376 0.357 0.07017543859649122 0.104
1 0.34576023391812866 0.335 0.07748538011695906 0.112
1 0.3260233918128655 0.253 0.07309941520467836 0.102
1 0.5021929824561403 0.224 0.0804093567251462 0.102
1 0.5307017543859649 0.116 0.054093567251461985 0.068
1 0.402046783625731 0.019 0.04678362573099415 0.038