0 0.8345323741007195 0.14901477832512317 0.09352517985611511 0.06403940886699508
0 0.34802158273381295 0.02832512315270936 0.09172661870503597 0.05665024630541872
0 0.2976618705035971 0.14285714285714285 0.10251798561151079 0.15270935960591134
0 0.3920863309352518 0.02832512315270936 0.10431654676258993 0.05665024630541872
0 0.26618705035971224 0.6600985221674877 0.07733812949640288 0.13054187192118227
0 0.2517985611510791 0.7832512315270936 0.0683453237410072 0.11822660098522167
0 0.26169064748201437 0.8682266009852216 0.05755395683453238 0.08620689655172414
0 0.7158273381294964 0.8177339901477833 0.10431654676258993 0.13054187192118227
1 0.572841726618705 0.013546798029556651 0.05935251798561151 0.027093596059113302
1 0.493705035971223 0.01600985221674877 0.10611510791366907 0.03201970443349754
1 0.48651079136690645 0.02586206896551724 0.08812949640287769 0.05172413793103448
1 0.3839928057553957 0.5726600985221675 0.08273381294964029 0.10344827586206896
1 0.37859712230215825 0.8349753694581281 0.08992805755395683 0.1206896551724138