0 0.6098790322580645 0.027624309392265192 0.09475806451612903 0.055248618784530384
0 0.6784274193548387 0.18646408839779005 0.0846774193548387 0.13259668508287292
0 0.9606854838709677 0.8812154696132597 0.07862903225806452 0.09392265193370165
0 0.05443548387096774 0.9005524861878453 0.05443548387096774 0.13259668508287292
0 0.04939516129032258 0.8770718232044199 0.04838709677419355 0.1270718232044199
0 0.009072580645161291 0.18370165745856354 0.018145161290322582 0.1685082872928177
0 0.015120967741935484 0.1270718232044199 0.03024193548387097 0.09944751381215469
0 0.015120967741935484 0.11602209944751381 0.03024193548387097 0.07734806629834254
0 0.05846774193548387 0.10220994475138122 0.08669354838709678 0.07734806629834254
1 0.012096774193548387 0.5124309392265194 0.024193548387096774 0.09668508287292818
1 0.021169354838709676 0.5276243093922652 0.04233870967741935 0.11049723756906077
1 0.02217741935483871 0.462707182320442 0.04435483870967742 0.06353591160220995
1 0.08568548387096774 0.40193370165745856 0.12903225806451613 0.13812154696132597
1 0.0715725806451613 0.5925414364640884 0.1028225806451613 0.09668508287292818
1 0.11391129032258064 0.2361878453038674 0.1028225806451613 0.10220994475138122
1 0.2872983870967742 0.14226519337016574 0.08064516129032258 0.1132596685082873
1 0.3850806451612903 0.04419889502762431 0.0625 0.06629834254143646
1 0.8850806451612904 0.2154696132596685 0.07056451612903226 0.12430939226519337