0 0.8990384615384616 0.19759825327510916 0.08173076923076923 0.0611353711790393
0 0.8389423076923077 0.16266375545851527 0.05608974358974359 0.04585152838427948
0 0.5873397435897436 0.043668122270742356 0.08814102564102565 0.08733624454148471
0 0.8036858974358975 0.15829694323144106 0.0625 0.07205240174672489
0 0.8317307692307693 0.17248908296943233 0.06891025641025642 0.07205240174672489
0 0.59375 0.07096069868995633 0.08493589743589744 0.1331877729257642
0 0.8060897435897436 0.49563318777292575 0.09615384615384616 0.15283842794759825
0 0.5905448717948718 0.8362445414847162 0.04807692307692308 0.09170305676855896
0 0.2091346153846154 0.40502183406113534 0.08173076923076923 0.11353711790393013
1 0.8934294871794872 0.2292576419213974 0.0673076923076923 0.08951965065502183
1 0.7668269230769231 0.2390829694323144 0.09455128205128205 0.10698689956331878
1 0.7892628205128205 0.1517467248908297 0.060897435897435896 0.07423580786026202
1 0.6522435897435898 0.06877729257641921 0.0625 0.06986899563318777
1 0.7940705128205128 0.14301310043668122 0.052884615384615384 0.05458515283842795
1 0.6626602564102564 0.056768558951965066 0.05929487179487179 0.04148471615720524
1 0.6826923076923077 0.6844978165938864 0.08814102564102565 0.08733624454148471
1 0.483974358974359 0.769650655021834 0.07532051282051282 0.10043668122270742
1 0.17067307692307693 0.6233624454148472 0.07692307692307693 0.0982532751091703