0 0.06297709923664122 0.2845303867403315 0.04961832061068702 0.07458563535911603
0 0.4847328244274809 0.024861878453038673 0.06870229007633588 0.049723756906077346
0 0.5362595419847328 0.016574585635359115 0.06870229007633588 0.03314917127071823
0 0.5066793893129771 0.016574585635359115 0.07442748091603053 0.03314917127071823
0 0.16221374045801526 0.19337016574585636 0.05916030534351145 0.055248618784530384
0 0.10782442748091603 0.23066298342541436 0.07633587786259542 0.06629834254143646
0 0.22900763358778625 0.14917127071823205 0.05916030534351145 0.058011049723756904
1 0.06965648854961833 0.25828729281767954 0.06297709923664122 0.058011049723756904
1 0.1984732824427481 0.16574585635359115 0.08015267175572519 0.06906077348066299
1 0.29866412213740456 0.10911602209944751 0.07061068702290077 0.07734806629834254
1 0.3139312977099237 0.09392265193370165 0.05725190839694656 0.06353591160220995
1 0.3053435114503817 0.09668508287292818 0.04007633587786259 0.04696132596685083
1 0.30438931297709926 0.08977900552486189 0.04580152671755725 0.04143646408839779
1 0.2652671755725191 0.12430939226519337 0.08778625954198473 0.08011049723756906