0 0.7843567251461988 0.3670212765957447 0.09210526315789473 0.12978723404255318
0 0.6593567251461988 0.3670212765957447 0.10526315789473684 0.16595744680851063
0 0.7017543859649122 0.4978723404255319 0.1023391812865497 0.14893617021276595
0 0.8764619883040936 0.6180851063829788 0.09502923976608187 0.14042553191489363
0 0.7945906432748538 0.7031914893617022 0.07163742690058479 0.1148936170212766
0 0.5584795321637427 0.9063829787234042 0.1067251461988304 0.15531914893617021
0 0.43128654970760233 0.8797872340425532 0.1023391812865497 0.14680851063829786
0 0.3823099415204678 0.7808510638297872 0.10818713450292397 0.1574468085106383
0 0.21198830409356725 0.42872340425531913 0.1154970760233918 0.16595744680851063
0 0.21125730994152048 0.32553191489361705 0.11988304093567251 0.17659574468085107
1 0.7916666666666666 0.2574468085106383 0.06432748538011696 0.12340425531914893
1 0.9597953216374269 0.3670212765957447 0.054093567251461985 0.10212765957446808
1 0.8552631578947368 0.5095744680851064 0.07748538011695906 0.1148936170212766
1 0.7054093567251462 0.6063829787234043 0.0891812865497076 0.13617021276595745
1 0.6220760233918129 0.8106382978723404 0.1023391812865497 0.1574468085106383
1 0.1615497076023392 0.9382978723404255 0.11257309941520467 0.12340425531914893
1 0.021929824561403508 0.46914893617021275 0.043859649122807015 0.1425531914893617
1 0.019736842105263157 0.6159574468085106 0.039473684210526314 0.125531914893617