0 0.219811320754717 0.10382513661202186 0.07169811320754717 0.05737704918032787
0 0.26132075471698113 0.08469945355191257 0.06037735849056604 0.04644808743169399
0 0.33867924528301885 0.056010928961748634 0.06792452830188679 0.04644808743169399
0 0.4179245283018868 0.030054644808743168 0.07924528301886792 0.05737704918032787
0 0.6764150943396227 0.009562841530054645 0.035849056603773584 0.01912568306010929
0 0.6735849056603773 0.01912568306010929 0.06415094339622641 0.03825136612021858
0 0.8207547169811321 0.842896174863388 0.14150943396226415 0.15027322404371585
0 0.6066037735849057 0.01092896174863388 0.062264150943396226 0.02185792349726776
0 0.480188679245283 0.009562841530054645 0.05849056603773585 0.01912568306010929
0 0.47358490566037736 0.009562841530054645 0.08679245283018867 0.01912568306010929
0 0.6820754716981132 0.015027322404371584 0.07735849056603773 0.030054644808743168
1 0.2622641509433962 0.0778688524590164 0.07924528301886792 0.040983606557377046
1 0.37264150943396224 0.040983606557377046 0.04716981132075472 0.03551912568306011
1 0.39622641509433965 0.0273224043715847 0.05471698113207547 0.030054644808743168
1 0.5132075471698113 0.015027322404371584 0.1018867924528302 0.030054644808743168
1 0.5235849056603774 0.01092896174863388 0.05849056603773585 0.02185792349726776
1 0.4669811320754717 0.03825136612021858 0.07358490566037736 0.07650273224043716
1 0.720754716981132 0.009562841530054645 0.04905660377358491 0.01912568306010929
1 0.5575471698113208 0.01092896174863388 0.05849056603773585 0.02185792349726776