0 0.7107843137254902 0.8390804597701149 0.10980392156862745 0.15804597701149425
0 0.6843137254901961 0.625 0.13529411764705881 0.1925287356321839
0 0.9450980392156862 0.29310344827586204 0.10980392156862745 0.20114942528735633
0 0.5294117647058824 0.41522988505747127 0.10588235294117647 0.16091954022988506
0 0.453921568627451 0.36063218390804597 0.09607843137254903 0.16091954022988506
0 0.5588235294117647 0.07327586206896551 0.11372549019607843 0.14655172413793102
0 0.5813725490196079 0.034482758620689655 0.10784313725490197 0.06896551724137931
0 0.23431372549019608 0.26436781609195403 0.08823529411764706 0.11781609195402298
0 0.4 0.5890804597701149 0.13137254901960785 0.1724137931034483
0 0.15196078431372548 0.37212643678160917 0.09607843137254903 0.13793103448275862
0 0.10392156862745099 0.38362068965517243 0.0803921568627451 0.11494252873563218
0 0.1627450980392157 0.7729885057471264 0.10196078431372549 0.15229885057471265
0 0.013725490196078431 0.5545977011494253 0.027450980392156862 0.09770114942528736
1 0.03823529411764706 0.7528735632183908 0.03529411764705882 0.06609195402298851
1 0.052941176470588235 0.5 0.07647058823529412 0.10057471264367816
1 0.25 0.5445402298850575 0.10392156862745099 0.14655172413793102
1 0.31176470588235294 0.4525862068965517 0.1 0.13505747126436782
1 0.4343137254901961 0.09913793103448276 0.10196078431372549 0.13793103448275862
1 0.40784313725490196 0.24281609195402298 0.10980392156862745 0.15229885057471265
1 0.8245098039215686 0.05028735632183908 0.12352941176470589 0.10057471264367816
1 0.8068627450980392 0.027298850574712645 0.056862745098039215 0.05459770114942529
1 0.7225490196078431 0.12931034482758622 0.1 0.15229885057471265
1 0.8539215686274509 0.20114942528735633 0.11960784313725491 0.1724137931034483
1 0.6784313725490196 0.47844827586206895 0.09607843137254903 0.14655172413793102
1 0.957843137254902 0.4885057471264368 0.08431372549019608 0.20114942528735633
1 0.9519607843137254 0.6853448275862069 0.09607843137254903 0.11781609195402298
1 0.44509803921568625 0.8074712643678161 0.09803921568627451 0.14367816091954022
1 0.3352941176470588 0.8591954022988506 0.11960784313725491 0.1781609195402299
1 0.26862745098039215 0.8979885057471264 0.08431372549019608 0.1235632183908046