0 0.02754237288135593 0.27755102040816326 0.0423728813559322 0.10204081632653061
0 0.0826271186440678 0.37551020408163266 0.02824858757062147 0.08979591836734693
0 0.05014124293785311 0.47653061224489796 0.0480225988700565 0.09183673469387756
0 0.10805084745762712 0.7571428571428571 0.05084745762711865 0.07959183673469387
0 0.06850282485875706 0.7306122448979592 0.059322033898305086 0.06938775510204082
0 0.03177966101694915 0.7714285714285715 0.062146892655367235 0.05918367346938776
0 0.2344632768361582 0.75 0.07627118644067797 0.04285714285714286
0 0.038135593220338986 0.5653061224489796 0.059322033898305086 0.08979591836734693
1 0.1137005649717514 0.23775510204081632 0.05084745762711865 0.061224489795918366
1 0.19350282485875706 0.22755102040816327 0.06779661016949153 0.08571428571428572
1 0.16454802259887005 0.35918367346938773 0.059322033898305086 0.07142857142857142
1 0.1716101694915254 0.4663265306122449 0.07203389830508475 0.08571428571428572
1 0.163135593220339 0.5520408163265306 0.05790960451977401 0.07346938775510205
1 0.2153954802259887 0.5479591836734694 0.0635593220338983 0.07959183673469387
1 0.1115819209039548 0.5704081632653061 0.03954802259887006 0.06326530612244897
1 0.020480225988700564 0.5622448979591836 0.04096045197740113 0.05510204081632653
1 0.022598870056497175 0.49081632653061225 0.03531073446327684 0.09183673469387756