0 0.07173295454545454 0.3401639344262295 0.0625 0.06352459016393443
0 0.022017045454545456 0.39549180327868855 0.04403409090909091 0.06352459016393443
0 0.007102272727272727 0.45901639344262296 0.014204545454545454 0.05737704918032787
0 0.045454545454545456 0.8934426229508197 0.029829545454545456 0.06352459016393443
0 0.1747159090909091 0.8504098360655737 0.05539772727272727 0.045081967213114756
0 0.22727272727272727 0.8452868852459017 0.061079545454545456 0.05327868852459016
0 0.2869318181818182 0.8329918032786885 0.061079545454545456 0.055327868852459015
0 0.12571022727272727 0.3698770491803279 0.03835227272727273 0.09016393442622951
0 0.1534090909090909 0.29713114754098363 0.03835227272727273 0.07991803278688525
0 0.46732954545454547 0.29713114754098363 0.08806818181818182 0.11270491803278689
1 0.2883522727272727 0.2520491803278688 0.05823863636363636 0.10450819672131148
1 0.6363636363636364 0.10450819672131148 0.0625 0.13524590163934427
1 0.24644886363636365 0.3698770491803279 0.05397727272727273 0.10450819672131148
1 0.078125 0.576844262295082 0.046875 0.06557377049180328
1 0.07954545454545454 0.4948770491803279 0.05113636363636364 0.06762295081967214
1 0.044744318181818184 0.5819672131147541 0.04403409090909091 0.05327868852459016
1 0.027698863636363636 0.6495901639344263 0.03977272727272727 0.055327868852459015
1 0.026278409090909092 0.6834016393442623 0.032670454545454544 0.06147540983606557
1 0.13849431818181818 0.6854508196721312 0.06534090909090909 0.08401639344262295
1 0.22514204545454544 0.6086065573770492 0.078125 0.0942622950819672
1 0.3103693181818182 0.5891393442622951 0.07954545454545454 0.0942622950819672