0 0.716374269005848 0.777 0.0847953216374269 0.136
0 0.3516081871345029 0.808 0.09649122807017543 0.138
0 0.7587719298245614 0.401 0.05116959064327485 0.092
0 0.7807017543859649 0.307 0.054093567251461985 0.088
0 0.679093567251462 0.104 0.08187134502923976 0.106
0 0.8077485380116959 0.154 0.049707602339181284 0.054
0 0.6820175438596491 0.078 0.04532163742690058 0.048
0 0.46271929824561403 0.015 0.05116959064327485 0.03
1 0.4904970760233918 0.979 0.06871345029239766 0.042
1 0.60453216374269 0.885 0.07163742690058479 0.082
1 0.6695906432748538 0.942 0.08187134502923976 0.098
1 0.7054093567251462 0.511 0.07163742690058479 0.072
1 0.6476608187134503 0.31 0.05847953216374269 0.094
1 0.6169590643274854 0.295 0.06140350877192982 0.082
1 0.7054093567251462 0.198 0.05263157894736842 0.094
1 0.7054093567251462 0.081 0.03070175438596491 0.026
1 0.5796783625730995 0.018 0.04239766081871345 0.036
1 0.5694444444444444 0.01 0.04532163742690058 0.02