0 0.011824324324324325 0.4804147465437788 0.02364864864864865 0.1175115207373272
0 0.2905405405405405 0.05069124423963134 0.0777027027027027 0.10138248847926268
0 0.3640202702702703 0.12557603686635946 0.09966216216216216 0.1359447004608295
0 0.41047297297297297 0.06451612903225806 0.11824324324324324 0.12903225806451613
0 0.5160472972972973 0.08986175115207373 0.08783783783783784 0.11290322580645161
0 0.5836148648648649 0.07949308755760369 0.1097972972972973 0.1152073732718894
0 0.53125 0.2764976958525346 0.08445945945945946 0.1313364055299539
0 0.6765202702702703 0.5933179723502304 0.11486486486486487 0.14055299539170507
0 0.8032094594594594 0.9758064516129032 0.09628378378378379 0.04838709677419355
0 0.7271959459459459 0.9746543778801844 0.05912162162162162 0.05069124423963134
1 0.07010135135135136 0.15092165898617513 0.030405405405405407 0.055299539170506916
1 0.12331081081081081 0.029953917050691243 0.060810810810810814 0.059907834101382486
1 0.13851351351351351 0.0956221198156682 0.0625 0.1175115207373272
1 0.4847972972972973 0.37442396313364057 0.09797297297297297 0.08525345622119816
1 0.7271959459459459 0.47465437788018433 0.06587837837837837 0.11290322580645161
1 0.7035472972972973 0.2880184331797235 0.06925675675675676 0.0944700460829493
1 0.6081081081081081 0.27764976958525345 0.07263513513513513 0.08294930875576037
1 0.7010135135135135 0.8559907834101382 0.08614864864864864 0.08525345622119816
1 0.7305743243243243 0.880184331797235 0.07263513513513513 0.11290322580645161
1 0.5726351351351351 0.9285714285714286 0.0777027027027027 0.11981566820276497