0 0.593103448275862 0.8985849056603774 0.10517241379310345 0.12971698113207547
0 0.3439655172413793 0.8313679245283019 0.11724137931034483 0.13443396226415094
0 0.39741379310344827 0.38089622641509435 0.1 0.13679245283018868
0 0.36551724137931035 0.2665094339622642 0.08275862068965517 0.14386792452830188
0 0.7474137931034482 0.22995283018867924 0.10517241379310345 0.14622641509433962
0 0.6310344827586207 0.01768867924528302 0.08275862068965517 0.03537735849056604
0 0.6189655172413793 0.014150943396226415 0.07931034482758621 0.02830188679245283
0 0.2025862068965517 0.14504716981132076 0.08275862068965517 0.08018867924528301
1 0.525 0.8761792452830188 0.08620689655172414 0.12735849056603774
1 0.5801724137931035 0.4988207547169811 0.10344827586206896 0.16037735849056603
1 0.7008620689655173 0.04009433962264151 0.07758620689655173 0.08018867924528301
1 0.6086206896551725 0.012971698113207548 0.04482758620689655 0.025943396226415096
1 0.5155172413793103 0.008254716981132075 0.05517241379310345 0.01650943396226415
1 0.3560344827586207 0.5424528301886793 0.10344827586206896 0.13679245283018868
1 0.3732758620689655 0.04716981132075472 0.07586206896551724 0.06367924528301887
1 0.33706896551724136 0.07311320754716981 0.0706896551724138 0.07075471698113207