0 0.6737012987012987 0.16494845360824742 0.08116883116883117 0.10051546391752578
0 0.512987012987013 0.05412371134020619 0.08116883116883117 0.10824742268041238
0 0.4650974025974026 0.03221649484536082 0.07954545454545454 0.06443298969072164
0 0.33116883116883117 0.029639175257731958 0.08116883116883117 0.059278350515463915
0 0.7686688311688312 0.5747422680412371 0.06818181818181818 0.12886597938144329
0 0.25405844155844154 0.5927835051546392 0.08928571428571429 0.13917525773195877
0 0.26055194805194803 0.8595360824742269 0.09090909090909091 0.1056701030927835
0 0.17694805194805194 0.037371134020618556 0.06168831168831169 0.07474226804123711
0 0.17045454545454544 0.027061855670103094 0.08116883116883117 0.05412371134020619
0 0.20454545454545456 0.027061855670103094 0.08766233766233766 0.05412371134020619
0 0.10795454545454546 0.029639175257731958 0.037337662337662336 0.059278350515463915
0 0.4797077922077922 0.0979381443298969 0.0698051948051948 0.0979381443298969
1 0.7849025974025974 0.33505154639175255 0.06493506493506493 0.10824742268041238
1 0.635551948051948 0.46134020618556704 0.07954545454545454 0.14432989690721648
1 0.650974025974026 0.211340206185567 0.07305194805194805 0.13402061855670103
1 0.4472402597402597 0.2268041237113402 0.08928571428571429 0.12628865979381443
1 0.30194805194805197 0.13659793814432988 0.07954545454545454 0.13659793814432988
1 0.25 0.14561855670103094 0.07142857142857142 0.14432989690721648
1 0.7077922077922078 0.7538659793814433 0.07954545454545454 0.11855670103092783
1 0.12824675324675325 0.6559278350515464 0.09090909090909091 0.15721649484536082
1 0.011363636363636364 0.6855670103092784 0.022727272727272728 0.06701030927835051
1 0.022727272727272728 0.5541237113402062 0.045454545454545456 0.17010309278350516
1 0.03409090909090909 0.25257731958762886 0.037337662337662336 0.0979381443298969
1 0.08766233766233766 0.2538659793814433 0.07792207792207792 0.11597938144329897
1 0.1680194805194805 0.41881443298969073 0.0698051948051948 0.12371134020618557