0 0.22282608695652173 0.523542600896861 0.09161490683229814 0.12556053811659193
0 0.19254658385093168 0.17600896860986548 0.06677018633540373 0.07174887892376682
0 0.26009316770186336 0.11547085201793722 0.055900621118012424 0.04484304932735426
0 0.28493788819875776 0.10089686098654709 0.031055900621118012 0.02914798206278027
0 0.2942546583850932 0.0930493273542601 0.03571428571428571 0.03139013452914798
0 0.5799689440993789 0.008968609865470852 0.03571428571428571 0.017937219730941704
0 0.5590062111801242 0.016816143497757848 0.06521739130434782 0.033632286995515695
0 0.45729813664596275 0.008968609865470852 0.03571428571428571 0.017937219730941704
0 0.514751552795031 0.01233183856502242 0.04503105590062112 0.02466367713004484
0 0.4984472049689441 0.014573991031390135 0.043478260869565216 0.02914798206278027
0 0.562888198757764 0.020179372197309416 0.05745341614906832 0.04035874439461883
1 0.18944099378881987 0.226457399103139 0.09937888198757763 0.1367713004484305
1 0.21040372670807453 0.1468609865470852 0.043478260869565216 0.033632286995515695
1 0.26009316770186336 0.12443946188340807 0.05124223602484472 0.053811659192825115
1 0.32065217391304346 0.08408071748878924 0.052795031055900624 0.053811659192825115
1 0.3703416149068323 0.04147982062780269 0.03571428571428571 0.03139013452914798
1 0.421583850931677 0.017937219730941704 0.05434782608695652 0.03587443946188341
1 0.35248447204968947 0.07174887892376682 0.08695652173913043 0.08968609865470852
1 0.4029503105590062 0.04596412556053812 0.06987577639751552 0.08968609865470852
1 0.46506211180124224 0.010089686098654708 0.04813664596273292 0.020179372197309416
1 0.4968944099378882 0.011210762331838564 0.052795031055900624 0.02242152466367713
1 0.515527950310559 0.008968609865470852 0.043478260869565216 0.017937219730941704