0 0.011443661971830986 0.3 0.022887323943661973 0.12307692307692308
0 0.1073943661971831 0.3 0.07394366197183098 0.09743589743589744
0 0.1892605633802817 0.25 0.05457746478873239 0.07948717948717948
0 0.2632042253521127 0.2205128205128205 0.06514084507042253 0.08717948717948718
0 0.022007042253521125 0.5448717948717948 0.04401408450704225 0.10512820512820513
0 0.014084507042253521 0.6205128205128205 0.028169014084507043 0.09743589743589744
0 0.17517605633802816 0.9141025641025641 0.061619718309859156 0.12564102564102564
0 0.6998239436619719 0.7294871794871794 0.07570422535211267 0.1564102564102564
0 0.6716549295774648 0.7589743589743589 0.07922535211267606 0.14871794871794872
0 0.8265845070422535 0.2064102564102564 0.125 0.16153846153846155
1 0.01936619718309859 0.4371794871794872 0.03873239436619718 0.06923076923076923
1 0.014084507042253521 0.30641025641025643 0.028169014084507043 0.09487179487179487
1 0.014964788732394365 0.8141025641025641 0.02992957746478873 0.07435897435897436
1 0.013204225352112676 0.7576923076923077 0.02640845070422535 0.07435897435897436
1 0.17693661971830985 0.5217948717948718 0.0721830985915493 0.08974358974358974
1 0.2596830985915493 0.5076923076923077 0.07570422535211267 0.08205128205128205
1 0.4295774647887324 0.9782051282051282 0.05985915492957746 0.04358974358974359
1 0.9691901408450704 0.6141025641025641 0.061619718309859156 0.14102564102564102