0 0.009868421052631578 0.7939698492462312 0.019736842105263157 0.05527638190954774
0 0.10444078947368421 0.4296482412060301 0.07236842105263158 0.10050251256281408
0 0.04851973684210526 0.08542713567839195 0.03453947368421053 0.05527638190954774
0 0.13815789473684212 0.08793969849246232 0.05098684210526316 0.08793969849246232
0 0.17351973684210525 0.3178391959798995 0.05756578947368421 0.09547738693467336
0 0.4629934210526316 0.47738693467336685 0.0756578947368421 0.11809045226130653
0 0.5296052631578947 0.10427135678391959 0.0805921052631579 0.10804020100502512
0 0.8297697368421053 0.2952261306532663 0.06578947368421052 0.09547738693467336
0 0.8083881578947368 0.957286432160804 0.09046052631578948 0.08542713567839195
0 0.506578947368421 0.9773869346733668 0.0625 0.04522613065326633
0 0.5649671052631579 0.8077889447236181 0.0805921052631579 0.11557788944723618
0 0.5731907894736842 0.4472361809045226 0.08881578947368421 0.12562814070351758
1 0.02549342105263158 0.3278894472361809 0.03453947368421053 0.0678391959798995
1 0.09539473684210527 0.34045226130653267 0.06743421052631579 0.08542713567839195
1 0.3338815789473684 0.09673366834170855 0.07236842105263158 0.10804020100502512
1 0.3338815789473684 0.21482412060301506 0.06743421052631579 0.07537688442211055
1 0.7993421052631579 0.16457286432160803 0.08223684210526316 0.1407035175879397
1 0.9087171052631579 0.6306532663316583 0.07236842105263158 0.0829145728643216
1 0.9391447368421053 0.5489949748743719 0.07401315789473684 0.10301507537688442
1 0.75 0.7889447236180904 0.09539473684210527 0.11557788944723618
1 0.7549342105263158 0.964824120603015 0.08881578947368421 0.07035175879396985
1 0.35444078947368424 0.7650753768844221 0.08717105263157894 0.10552763819095477
1 0.26480263157894735 0.5791457286432161 0.08552631578947369 0.09547738693467336
1 0.17927631578947367 0.6092964824120602 0.07401315789473684 0.08542713567839195
1 0.01644736842105263 0.6809045226130653 0.03289473684210526 0.08542713567839195
1 0.008223684210526315 0.7223618090452262 0.01644736842105263 0.0829145728643216
1 0.8231907894736842 0.5263819095477387 0.12006578947368421 0.16331658291457288