0 0.3219178082191781 0.13229166666666667 0.06438356164383562 0.10208333333333333
0 0.25616438356164384 0.27291666666666664 0.05342465753424658 0.075
0 0.236986301369863 0.328125 0.05342465753424658 0.08958333333333333
0 0.25205479452054796 0.5947916666666667 0.07808219178082192 0.09375
0 0.5164383561643836 0.7791666666666667 0.07123287671232877 0.12708333333333333
0 0.3424657534246575 0.7760416666666666 0.07260273972602739 0.12708333333333333
0 0.27945205479452057 0.934375 0.07945205479452055 0.13125
0 0.5917808219178082 0.6208333333333333 0.08493150684931507 0.10625
0 0.7164383561643836 0.7885416666666667 0.07534246575342465 0.09375
0 0.7883561643835616 0.8041666666666667 0.0863013698630137 0.125
0 0.7404109589041096 0.53125 0.08356164383561644 0.11875
0 0.513013698630137 0.3302083333333333 0.05342465753424658 0.07916666666666666
0 0.6308219178082192 0.009375 0.03424657534246575 0.01875
1 0.5657534246575342 0.010416666666666666 0.049315068493150684 0.020833333333333332
1 0.523972602739726 0.0125 0.04246575342465753 0.025
1 0.5232876712328767 0.071875 0.052054794520547946 0.1
1 0.5534246575342465 0.10104166666666667 0.049315068493150684 0.07916666666666666
1 0.2958904109589041 0.06979166666666667 0.06712328767123288 0.05416666666666667
1 0.25068493150684934 0.084375 0.06027397260273973 0.05416666666666667
1 0.2924657534246575 0.54375 0.08082191780821918 0.09583333333333334
1 0.2952054794520548 0.8791666666666667 0.0821917808219178 0.11041666666666666
1 0.3458904109589041 0.6354166666666666 0.0589041095890411 0.11458333333333333
1 0.33972602739726027 0.9083333333333333 0.06301369863013699 0.1125
1 0.6315068493150685 0.5520833333333334 0.050684931506849315 0.08541666666666667
1 0.6602739726027397 0.9416666666666667 0.09178082191780822 0.06458333333333334
1 0.7184931506849315 0.2947916666666667 0.06438356164383562 0.08541666666666667