0 0.14958158995815898 0.4754601226993865 0.07322175732217573 0.08895705521472393
0 0.4874476987447699 0.4187116564417178 0.07740585774058577 0.12883435582822086
0 0.32322175732217573 0.0950920245398773 0.07322175732217573 0.08895705521472393
0 0.4581589958158996 0.03067484662576687 0.07531380753138076 0.06134969325153374
0 0.448744769874477 0.08588957055214724 0.08158995815899582 0.08282208588957055
0 0.6610878661087866 0.2714723926380368 0.09205020920502092 0.11349693251533742
0 0.8148535564853556 0.04754601226993865 0.0899581589958159 0.0950920245398773
0 0.8880753138075314 0.013803680981595092 0.08158995815899582 0.027607361963190184
0 0.6851464435146444 0.3895705521472393 0.0794979079497908 0.10736196319018405
0 0.7426778242677824 0.8757668711656442 0.07322175732217573 0.147239263803681
0 0.7552301255230126 0.7484662576687117 0.0794979079497908 0.15644171779141106
1 0.19456066945606695 0.14877300613496933 0.08577405857740586 0.06748466257668712
1 0.23221757322175732 0.48773006134969327 0.07740585774058577 0.08588957055214724
1 0.18828451882845187 0.8358895705521472 0.07531380753138076 0.0950920245398773
1 0.40481171548117156 0.651840490797546 0.08158995815899582 0.08895705521472393
1 0.4874476987447699 0.6257668711656442 0.09623430962343096 0.12269938650306748
1 0.5052301255230126 0.254601226993865 0.1087866108786611 0.10429447852760736
1 0.6600418410041841 0.1441717791411043 0.09623430962343096 0.11349693251533742
1 0.6997907949790795 0.03680981595092025 0.08577405857740586 0.0736196319018405
1 0.9518828451882845 0.2561349693251534 0.0899581589958159 0.15644171779141106
1 0.805439330543933 0.5766871165644172 0.09205020920502092 0.15030674846625766
1 0.6830543933054394 0.9616564417177914 0.08158995815899582 0.06134969325153374