0 0.4158730158730159 0.863013698630137 0.05873015873015873 0.091324200913242
0 0.5261904761904762 0.9509132420091324 0.08412698412698413 0.09817351598173515
0 0.5658730158730159 0.9474885844748858 0.0746031746031746 0.1050228310502283
0 0.7833333333333333 0.5091324200913242 0.06666666666666667 0.091324200913242
0 0.8047619047619048 0.4280821917808219 0.06984126984126984 0.10273972602739725
0 0.5285714285714286 0.02054794520547945 0.06349206349206349 0.0410958904109589
0 0.569047619047619 0.0228310502283105 0.07142857142857142 0.045662100456621
1 0.45396825396825397 0.0273972602739726 0.08571428571428572 0.0547945205479452
1 0.5103174603174603 0.021689497716894976 0.06825396825396825 0.04337899543378995
1 0.5547619047619048 0.019406392694063926 0.06507936507936508 0.03881278538812785
1 0.65 0.07876712328767123 0.09206349206349207 0.1324200913242009
1 0.6912698412698413 0.18835616438356165 0.08888888888888889 0.1324200913242009
1 0.6412698412698413 0.384703196347032 0.1126984126984127 0.1735159817351598
1 0.523015873015873 0.682648401826484 0.08253968253968254 0.1232876712328767
1 0.5682539682539682 0.7340182648401826 0.06825396825396825 0.1050228310502283
1 0.6928571428571428 0.8162100456621004 0.0746031746031746 0.1141552511415525