0 0.7641509433962265 0.6330472103004292 0.09276729559748427 0.10085836909871244
0 0.6918238993710691 0.7446351931330472 0.08490566037735849 0.09012875536480687
0 0.6658805031446541 0.869098712446352 0.03773584905660377 0.08798283261802575
0 0.690251572327044 0.778969957081545 0.0330188679245283 0.05150214592274678
0 0.2248427672955975 0.9163090128755365 0.06446540880503145 0.07725321888412018
0 0.3608490566037736 0.006437768240343348 0.08018867924528301 0.012875536480686695
0 0.7460691823899371 0.04721030042918455 0.07075471698113207 0.023605150214592276
0 0.8121069182389937 0.06330472103004292 0.05660377358490566 0.027896995708154508
0 0.8372641509433962 0.08047210300429185 0.07232704402515723 0.0536480686695279
1 0.6894654088050315 0.05793991416309013 0.059748427672955975 0.06437768240343347
1 0.5833333333333334 0.03648068669527897 0.05660377358490566 0.05793991416309013
1 0.5463836477987422 0.027896995708154508 0.05817610062893082 0.055793991416309016
1 0.5377358490566038 0.011802575107296138 0.059748427672955975 0.023605150214592276
1 0.2555031446540881 0.012875536480686695 0.06761006289308176 0.02575107296137339
1 0.7617924528301887 0.20708154506437768 0.05345911949685535 0.10300429184549356
1 0.7963836477987422 0.36373390557939916 0.07075471698113207 0.09656652360515021
1 0.6273584905660378 0.509656652360515 0.07547169811320754 0.07725321888412018
1 0.5628930817610063 0.7221030042918455 0.06446540880503145 0.09656652360515021
1 0.5338050314465409 0.9055793991416309 0.059748427672955975 0.08583690987124463