0 0.049342105263157895 0.13452914798206278 0.09868421052631579 0.07623318385650224
0 0.09046052631578948 0.3475336322869955 0.05756578947368421 0.12556053811659193
0 0.1225328947368421 0.2163677130044843 0.06414473684210527 0.09641255605381166
0 0.2582236842105263 0.3991031390134529 0.09868421052631579 0.1210762331838565
0 0.009868421052631578 0.2802690582959641 0.019736842105263157 0.10762331838565023
0 0.6603618421052632 0.9260089686098655 0.047697368421052634 0.08295964125560538
0 0.5296052631578947 0.8318385650224215 0.06578947368421052 0.09192825112107623
0 0.7549342105263158 0.25 0.06578947368421052 0.053811659192825115
0 0.9358552631578947 0.8183856502242153 0.06578947368421052 0.07399103139013453
0 0.868421052631579 0.8721973094170403 0.049342105263157895 0.09865470852017937
1 0.009046052631578948 0.547085201793722 0.018092105263157895 0.042600896860986545
1 0.04523026315789474 0.5616591928251121 0.09046052631578948 0.08295964125560538
1 0.2631578947368421 0.1804932735426009 0.05098684210526316 0.09192825112107623
1 0.17598684210526316 0.5437219730941704 0.09375 0.09192825112107623
1 0.3659539473684211 0.1625560538116592 0.06414473684210527 0.07399103139013453
1 0.4654605263157895 0.9360986547085202 0.0625 0.08968609865470852
1 0.71875 0.7903587443946188 0.046052631578947366 0.09865470852017937
1 0.694078947368421 0.9103139013452914 0.03782894736842105 0.09641255605381166
1 0.915296052631579 0.6322869955156951 0.05263157894736842 0.07174887892376682
1 0.7368421052631579 0.4304932735426009 0.06414473684210527 0.10089686098654709