0 0.5130769230769231 0.8643497757847534 0.10153846153846154 0.13901345291479822
0 0.38153846153846155 0.6849775784753364 0.09846153846153846 0.12331838565022421
0 0.17153846153846153 0.17825112107623317 0.09384615384615384 0.12780269058295965
0 0.45384615384615384 0.032511210762331835 0.08615384615384615 0.06502242152466367
0 0.683076923076923 0.20964125560538116 0.0876923076923077 0.1210762331838565
0 0.7753846153846153 0.27802690582959644 0.09538461538461539 0.1367713004484305
0 0.6984615384615385 0.39798206278026904 0.11384615384615385 0.1591928251121076
0 0.8215384615384616 0.7152466367713004 0.07538461538461538 0.08968609865470852
0 0.8207692307692308 0.8116591928251121 0.06923076923076923 0.10089686098654709
0 0.73 0.8464125560538116 0.09230769230769231 0.10762331838565023
1 0.4584615384615385 0.9360986547085202 0.07076923076923076 0.08295964125560538
1 0.6892307692307692 0.6782511210762332 0.08615384615384615 0.13004484304932734
1 0.7576923076923077 0.4977578475336323 0.08307692307692308 0.08968609865470852
1 0.5176923076923077 0.1446188340807175 0.10615384615384615 0.1860986547085202
1 0.6192307692307693 0.016816143497757848 0.08153846153846153 0.033632286995515695
1 0.7184615384615385 0.013452914798206279 0.07384615384615385 0.026905829596412557
1 0.7046153846153846 0.01569506726457399 0.06461538461538462 0.03139013452914798