0 0.766728624535316 0.3972972972972973 0.08736059479553904 0.11891891891891893
0 0.9711895910780669 0.9513513513513514 0.03903345724907063 0.0972972972972973
0 0.949814126394052 0.9472972972972973 0.05204460966542751 0.10540540540540541
0 0.7964684014869888 0.9581081081081081 0.05762081784386617 0.08378378378378379
0 0.4507434944237918 0.977027027027027 0.06691449814126393 0.043243243243243246
0 0.39684014869888473 0.8486486486486486 0.07434944237918216 0.1810810810810811
0 0.03810408921933085 0.35135135135135137 0.0724907063197026 0.1837837837837838
0 0.04553903345724907 0.7256756756756757 0.09107806691449814 0.15405405405405406
0 0.27230483271375466 0.17162162162162162 0.10223048327137546 0.15675675675675677
0 0.32620817843866173 0.06756756756756757 0.06505576208178439 0.13513513513513514
1 0.8726765799256505 0.7621621621621621 0.10223048327137546 0.08648648648648649
1 0.9814126394052045 0.7567567567567568 0.027881040892193308 0.08108108108108109
1 0.7630111524163569 0.8648648648648649 0.08550185873605948 0.13513513513513514
1 0.5687732342007435 0.95 0.07063197026022305 0.1
1 0.10315985130111524 0.9648648648648649 0.05762081784386617 0.032432432432432434
1 0.08550185873605948 0.6851351351351351 0.0724907063197026 0.17567567567567569
1 0.2295539033457249 0.5986486486486486 0.06133828996282528 0.11891891891891893
1 0.024163568773234202 0.04864864864864865 0.02973977695167286 0.0972972972972973