0 0.4176646706586826 0.9050218340611353 0.058383233532934134 0.12008733624454149
0 0.36601796407185627 0.7947598253275109 0.07335329341317365 0.15065502183406113
0 0.8151197604790419 0.6626637554585153 0.09281437125748503 0.11572052401746726
0 0.4086826347305389 0.50764192139738 0.09580838323353294 0.15283842794759825
0 0.3218562874251497 0.48580786026200873 0.11377245508982035 0.14410480349344978
0 0.218562874251497 0.4683406113537118 0.10479041916167664 0.14192139737991266
0 0.3181137724550898 0.11026200873362445 0.10029940119760479 0.12008733624454149
0 0.6586826347305389 0.03056768558951965 0.08083832335329341 0.0611353711790393
0 0.6976047904191617 0.2576419213973799 0.10179640718562874 0.16593886462882096
0 0.6414670658682635 0.314410480349345 0.11077844311377245 0.17903930131004367
1 0.5 0.5 0.8922155688622755 1
1 0.5606287425149701 0.8013100436681223 0.06437125748502993 0.13973799126637554
1 0.5351796407185628 0.6364628820960698 0.07784431137724551 0.14410480349344978
1 0.7462574850299402 0.3962882096069869 0.10479041916167664 0.14192139737991266
1 0.6077844311377245 0.3548034934497817 0.0688622754491018 0.12663755458515283
1 0.45434131736526945 0.0851528384279476 0.1122754491017964 0.1703056768558952
1 0.5920658682634731 0.024017467248908297 0.08233532934131736 0.048034934497816595
1 0.5464071856287425 0.021834061135371178 0.0658682634730539 0.043668122270742356
1 0.2851796407185629 0.1222707423580786 0.10479041916167664 0.11135371179039301
1 0.19311377245508982 0.1648471615720524 0.1062874251497006 0.09606986899563319