0 0.30169753086419754 0.043248945147679324 0.07098765432098765 0.05063291139240506
0 0.5308641975308642 0.014767932489451477 0.06790123456790123 0.029535864978902954
0 0.6049382716049383 0.012658227848101266 0.07407407407407407 0.02531645569620253
0 0.779320987654321 0.19725738396624473 0.06635802469135803 0.07805907172995781
0 0.7862654320987654 0.3048523206751055 0.0787037037037037 0.08860759493670886
0 0.7469135802469136 0.43143459915611815 0.08024691358024691 0.10759493670886076
0 0.779320987654321 0.5928270042194093 0.06481481481481481 0.08860759493670886
0 0.7322530864197531 0.7236286919831224 0.05092592592592592 0.11181434599156118
0 0.7384259259259259 0.8175105485232067 0.041666666666666664 0.07805907172995781
1 0.7770061728395061 0.011603375527426161 0.05709876543209876 0.023206751054852322
1 0.75 0.02109704641350211 0.05555555555555555 0.04219409282700422
1 0.6304012345679012 0.016877637130801686 0.041666666666666664 0.03375527426160337
1 0.5115740740740741 0.028481012658227847 0.06635802469135803 0.056962025316455694
1 0.5933641975308642 0.29852320675105487 0.07098765432098765 0.1371308016877637
1 0.6327160493827161 0.39767932489451474 0.05246913580246913 0.10548523206751055
1 0.5501543209876543 0.459915611814346 0.06172839506172839 0.1160337552742616
1 0.6203703703703703 0.7246835443037974 0.05864197530864197 0.09071729957805907
1 0.6172839506172839 0.8449367088607594 0.05092592592592592 0.09915611814345991
1 0.8148148148148148 0.3860759493670886 0.05555555555555555 0.06118143459915612