0 0.4688449848024316 0.07268722466960352 0.07750759878419453 0.1343612334801762
0 0.4088145896656535 0.06607929515418502 0.09270516717325228 0.12555066079295155
0 0.13221884498480244 0.028634361233480177 0.06990881458966565 0.05726872246696035
0 0.12158054711246201 0.04955947136563876 0.06382978723404255 0.07488986784140969
0 0.0182370820668693 0.5022026431718062 0.0364741641337386 0.09251101321585903
0 0.029635258358662615 0.4460352422907489 0.05927051671732523 0.09911894273127753
0 0.057750759878419454 0.513215859030837 0.07750759878419453 0.11233480176211454
0 0.15881458966565348 0.5671806167400881 0.08206686930091185 0.0947136563876652
0 0.22188449848024316 0.6167400881057269 0.0972644376899696 0.11233480176211454
1 0.6329787234042553 0.19383259911894274 0.06534954407294832 0.1211453744493392
1 0.24316109422492402 0.05726872246696035 0.0486322188449848 0.09251101321585903
1 0.21504559270516718 0.06167400881057269 0.08358662613981763 0.12334801762114538
1 0.1405775075987842 0.10022026431718062 0.0668693009118541 0.07929515418502203
1 0.047872340425531915 0.21145374449339208 0.037993920972644375 0.0947136563876652
1 0.04179331306990881 0.27422907488986786 0.04711246200607903 0.06607929515418502
1 0.1276595744680851 0.2522026431718062 0.06231003039513678 0.07488986784140969
1 0.1595744680851064 0.30176211453744495 0.07142857142857142 0.0881057268722467
1 0.2074468085106383 0.3568281938325991 0.08966565349544073 0.11674008810572688
1 0.29103343465045595 0.3755506607929515 0.0911854103343465 0.11013215859030837