0 0.1883445945945946 0.20935960591133004 0.03547297297297297 0.04187192118226601
0 0.20101351351351351 0.21305418719211822 0.0625 0.0812807881773399
0 0.18496621621621623 0.25492610837438423 0.06587837837837837 0.10344827586206896
0 0.22466216216216217 0.3275862068965517 0.11317567567567567 0.1625615763546798
0 0.3918918918918919 0.9704433497536946 0.125 0.059113300492610835
0 0.7880067567567568 0.8078817733990148 0.0945945945945946 0.10098522167487685
0 0.7111486486486487 0.270935960591133 0.12162162162162163 0.1748768472906404
0 0.5827702702702703 0.019704433497536946 0.06418918918918919 0.03940886699507389
0 0.5785472972972973 0.024630541871921183 0.07939189189189189 0.04926108374384237
0 0.5430743243243243 0.01600985221674877 0.052364864864864864 0.03201970443349754
1 0.28716216216216217 0.11576354679802955 0.0472972972972973 0.054187192118226604
1 0.35050675675675674 0.07389162561576355 0.06925675675675676 0.08866995073891626
1 0.3015202702702703 0.12438423645320197 0.06418918918918919 0.08620689655172414
1 0.4408783783783784 0.3041871921182266 0.09628378378378379 0.14285714285714285
1 0.40202702702702703 0.038177339901477834 0.057432432432432436 0.07635467980295567
1 0.5025337837837838 0.10837438423645321 0.07432432432432433 0.1206896551724138
1 0.7170608108108109 0.11206896551724138 0.05405405405405406 0.08866995073891626