0 0.01097972972972973 0.32682926829268294 0.02195945945945946 0.09268292682926829
0 0.06672297297297297 0.8987804878048781 0.04222972972972973 0.08048780487804878
0 0.059966216216216214 0.9 0.03209459459459459 0.09268292682926829
0 0.04814189189189189 0.7268292682926829 0.05574324324324324 0.14146341463414633
0 0.11064189189189189 0.8560975609756097 0.08952702702702703 0.1
0 0.1858108108108108 0.8426829268292683 0.09797297297297297 0.08780487804878048
0 0.022804054054054054 0.29878048780487804 0.04560810810810811 0.12926829268292683
0 0.016047297297297296 0.2573170731707317 0.03209459459459459 0.10975609756097561
0 0.01097972972972973 0.3353658536585366 0.02195945945945946 0.1
1 0.022804054054054054 0.6426829268292683 0.03547297297297297 0.07804878048780488
1 0.018581081081081082 0.5853658536585366 0.037162162162162164 0.08292682926829269
1 0.018581081081081082 0.5780487804878048 0.037162162162162164 0.07804878048780488
1 0.01097972972972973 0.4841463414634146 0.02195945945945946 0.09024390243902439
1 0.07010135135135136 0.5756097560975609 0.07094594594594594 0.09024390243902439
1 0.13429054054054054 0.5853658536585366 0.09966216216216216 0.13414634146341464
1 0.06672297297297297 0.9073170731707317 0.04222972972972973 0.0951219512195122