0 0.9276923076923077 0.09663865546218488 0.10153846153846154 0.07352941176470588
0 0.9123076923076923 0.21743697478991597 0.06153846153846154 0.0819327731092437
0 0.7415384615384616 0.13760504201680673 0.07230769230769231 0.11134453781512606
0 0.6261538461538462 0.11764705882352941 0.07230769230769231 0.08823529411764706
0 0.36153846153846153 0.21743697478991597 0.06923076923076923 0.03991596638655462
0 0.28923076923076924 0.24579831932773108 0.07384615384615385 0.05042016806722689
0 0.5930769230769231 0.9044117647058824 0.0876923076923077 0.06722689075630252
0 0.28 0.8392857142857143 0.038461538461538464 0.08823529411764706
0 0.023076923076923078 0.5493697478991597 0.046153846153846156 0.06092436974789916
0 0.03076923076923077 0.26260504201680673 0.05692307692307692 0.07142857142857142
1 0.9761538461538461 0.3487394957983193 0.047692307692307694 0.07983193277310924
1 0.9284615384615384 0.5220588235294118 0.06769230769230769 0.09663865546218488
1 0.8753846153846154 0.27310924369747897 0.06 0.0861344537815126
1 0.43923076923076926 0.16701680672268907 0.046153846153846156 0.09663865546218488
1 0.37153846153846154 0.39285714285714285 0.06461538461538462 0.08403361344537816
1 0.22846153846153847 0.45168067226890757 0.06307692307692307 0.09033613445378151
1 0.015384615384615385 0.45483193277310924 0.02923076923076923 0.058823529411764705
1 0.012307692307692308 0.7153361344537815 0.024615384615384615 0.06092436974789916
1 0.4530769230769231 0.8434873949579832 0.055384615384615386 0.0819327731092437
1 0.6115384615384616 0.6523109243697479 0.07230769230769231 0.07773109243697479