0 0.41516516516516516 0.06847826086956521 0.06306306306306306 0.13260869565217392
0 0.4346846846846847 0.01847826086956522 0.04054054054054054 0.03695652173913044
0 0.5690690690690691 0.06630434782608696 0.08858858858858859 0.11739130434782609
0 0.6599099099099099 0.06847826086956521 0.06156156156156156 0.06521739130434782
0 0.7687687687687688 0.09565217391304348 0.06906906906906907 0.041304347826086954
0 0.566066066066066 0.01847826086956522 0.06306306306306306 0.03695652173913044
0 0.4091591591591592 0.009782608695652175 0.05855855855855856 0.01956521739130435
0 0.44144144144144143 0.011956521739130435 0.042042042042042045 0.02391304347826087
0 0.3918918918918919 0.016304347826086956 0.06906906906906907 0.03260869565217391
1 0.4166666666666667 0.006521739130434782 0.046546546546546545 0.013043478260869565
1 0.6073573573573574 0.03695652173913044 0.06006006006006006 0.043478260869565216
1 0.5713213213213213 0.02826086956521739 0.05405405405405406 0.05217391304347826
1 0.6021021021021021 0.04782608695652174 0.046546546546546545 0.06304347826086956
1 0.5645645645645646 0.1608695652173913 0.07657657657657657 0.16956521739130434
1 0.7905405405405406 0.16521739130434782 0.06906906906906907 0.1282608695652174
1 0.7154654654654654 0.08260869565217391 0.046546546546546545 0.04782608695652174
1 0.765015015015015 0.10434782608695652 0.06606606606606606 0.058695652173913045
1 0.7169669669669669 0.08043478260869565 0.052552552552552555 0.043478260869565216