0 0.4059233449477352 0.04292929292929293 0.10104529616724739 0.08585858585858586
0 0.4930313588850174 0.01893939393939394 0.06968641114982578 0.03787878787878788
0 0.6785714285714286 0.14646464646464646 0.13066202090592335 0.16666666666666666
0 0.8266550522648084 0.2058080808080808 0.04878048780487805 0.05555555555555555
0 0.8745644599303136 0.2563131313131313 0.0627177700348432 0.08080808080808081
0 0.8336236933797909 0.21843434343434343 0.06968641114982578 0.07828282828282829
0 0.7961672473867596 0.23863636363636365 0.1132404181184669 0.15404040404040403
0 0.7447735191637631 0.1590909090909091 0.06794425087108014 0.09090909090909091
1 0.47473867595818814 0.013888888888888888 0.047038327526132406 0.027777777777777776
1 0.5818815331010453 0.025252525252525252 0.08013937282229965 0.050505050505050504
1 0.06010452961672474 0.6944444444444444 0.059233449477351915 0.07323232323232323
1 0.6759581881533101 0.09217171717171717 0.0627177700348432 0.07575757575757576
1 0.6480836236933798 0.07575757575757576 0.059233449477351915 0.07828282828282829
1 0.8571428571428571 0.23484848484848486 0.04878048780487805 0.05808080808080808