0 0.3387784090909091 0.9344262295081968 0.06534090909090909 0.05942622950819672
0 0.2649147727272727 0.5153688524590164 0.08522727272727272 0.13729508196721313
0 0.3380681818181818 0.5133196721311475 0.09943181818181818 0.14344262295081966
0 0.35511363636363635 0.042008196721311473 0.11647727272727272 0.08401639344262295
0 0.4453125 0.6413934426229508 0.11647727272727272 0.1557377049180328
0 0.6022727272727273 0.8729508196721312 0.05113636363636364 0.12295081967213115
0 0.578125 0.9528688524590164 0.045454545454545456 0.0942622950819672
1 0.4069602272727273 0.9395491803278688 0.045454545454545456 0.09016393442622951
1 0.4268465909090909 0.9600409836065574 0.048295454545454544 0.06967213114754098
1 0.18892045454545456 0.7950819672131147 0.07102272727272728 0.07991803278688525
1 0.3508522727272727 0.8913934426229508 0.08238636363636363 0.09016393442622951
1 0.5426136363636364 0.4672131147540984 0.08664772727272728 0.1680327868852459
1 0.48295454545454547 0.022540983606557378 0.07954545454545454 0.045081967213114756
1 0.48011363636363635 0.7807377049180327 0.07244318181818182 0.1290983606557377