0 0.1798780487804878 0.28650442477876104 0.07317073170731707 0.1084070796460177
0 0.21341463414634146 0.5829646017699115 0.0701219512195122 0.09955752212389381
0 0.7141768292682927 0.20353982300884957 0.09603658536585366 0.11946902654867257
0 0.9230182926829268 0.6006637168141593 0.09298780487804878 0.09292035398230089
0 0.6577743902439024 0.8628318584070797 0.08231707317073171 0.12168141592920353
0 0.5678353658536586 0.9170353982300885 0.0625 0.11504424778761062
0 0.5685975609756098 0.8097345132743363 0.051829268292682924 0.1172566371681416
0 0.26448170731707316 0.8738938053097345 0.054878048780487805 0.10176991150442478
0 0.19664634146341464 0.7212389380530974 0.07164634146341463 0.12831858407079647
1 0.09451219512195122 0.25995575221238937 0.05030487804878049 0.10398230088495575
1 0.25609756097560976 0.29535398230088494 0.07317073170731707 0.084070796460177
1 0.13338414634146342 0.7953539823008849 0.06859756097560976 0.07964601769911504
1 0.37271341463414637 0.7654867256637168 0.09146341463414634 0.11946902654867257
1 0.45426829268292684 0.8938053097345132 0.06859756097560976 0.09734513274336283
1 0.8033536585365854 0.702433628318584 0.054878048780487805 0.13938053097345132
1 0.9626524390243902 0.17256637168141592 0.04725609756097561 0.1504424778761062
1 0.9474085365853658 0.9325221238938053 0.08079268292682927 0.09734513274336283
1 0.8719512195121951 0.8008849557522124 0.04878048780487805 0.11504424778761062
1 0.8407012195121951 0.9347345132743363 0.04420731707317073 0.13053097345132744