0 0.7201704545454546 0.0125 0.06534090909090909 0.025
0 0.7372159090909091 0.7772727272727272 0.05823863636363636 0.07272727272727272
0 0.23863636363636365 0.35113636363636364 0.07386363636363637 0.10909090909090909
0 0.4119318181818182 0.3477272727272727 0.07954545454545454 0.11363636363636363
0 0.4928977272727273 0.2863636363636364 0.06392045454545454 0.10227272727272728
0 0.5333806818181818 0.020454545454545454 0.078125 0.04090909090909091
0 0.2215909090909091 0.09659090909090909 0.08380681818181818 0.07045454545454545
0 0.4140625 0.20909090909090908 0.07954545454545454 0.14545454545454545
1 0.6427556818181818 0.015909090909090907 0.08096590909090909 0.031818181818181815
1 0.5490056818181818 0.19772727272727272 0.10511363636363637 0.13863636363636364
1 0.7237215909090909 0.5420454545454545 0.078125 0.09318181818181819
1 0.4069602272727273 0.8875 0.07954545454545454 0.10681818181818181
1 0.3231534090909091 0.06136363636363636 0.07954545454545454 0.05909090909090909
1 0.4822443181818182 0.03068181818181818 0.061079545454545456 0.06136363636363636
1 0.4481534090909091 0.0375 0.07528409090909091 0.075
1 0.2677556818181818 0.07954545454545454 0.07954545454545454 0.06363636363636363
1 0.1768465909090909 0.10568181818181818 0.078125 0.06363636363636363