0 0.47345132743362833 0.08476394849785408 0.07374631268436578 0.12446351931330472
0 0.24041297935103245 0.4570815450643777 0.09144542772861357 0.14163090128755365
0 0.46533923303834807 0.45278969957081544 0.0943952802359882 0.14377682403433475
0 0.6629793510324484 0.9334763948497854 0.09292035398230089 0.13304721030042918
0 0.6268436578171092 0.6115879828326181 0.10029498525073746 0.14377682403433475
0 0.6570796460176991 0.8755364806866953 0.08849557522123894 0.13948497854077252
0 0.8539823008849557 0.3830472103004292 0.07227138643067847 0.11158798283261803
0 0.7713864306784661 0.2778969957081545 0.06489675516224189 0.11158798283261803
1 0.5870206489675516 0.2553648068669528 0.07374631268436578 0.12875536480686695
1 0.3532448377581121 0.776824034334764 0.10471976401179942 0.12875536480686695
1 0.44542772861356933 0.40772532188841204 0.07079646017699115 0.12017167381974249
1 0.4085545722713864 0.9474248927038627 0.07669616519174041 0.10515021459227468
1 0.525811209439528 0.9377682403433476 0.11356932153392331 0.12446351931330472
1 0.7588495575221239 0.5815450643776824 0.0752212389380531 0.09012875536480687
1 0.7817109144542773 0.5375536480686696 0.08702064896755163 0.11587982832618025
1 0.7337758112094396 0.4334763948497854 0.08849557522123894 0.12875536480686695