0 0.3723214285714286 0.03756476683937824 0.048214285714285716 0.05699481865284974
0 0.47232142857142856 0.19948186528497408 0.0875 0.08549222797927461
0 0.41160714285714284 0.211139896373057 0.08392857142857142 0.08808290155440414
0 0.31875 0.5453367875647669 0.09821428571428571 0.10621761658031088
0 0.7919642857142857 0.18911917098445596 0.04642857142857143 0.11139896373056994
0 0.7919642857142857 0.28756476683937826 0.06785714285714285 0.14766839378238342
0 0.7946428571428571 0.012953367875647668 0.05357142857142857 0.025906735751295335
0 0.8 0.009067357512953367 0.04285714285714286 0.018134715025906734
1 0.5758928571428571 0.02072538860103627 0.05892857142857143 0.04145077720207254
1 0.6491071428571429 0.012953367875647668 0.044642857142857144 0.025906735751295335
1 0.48125 0.02072538860103627 0.07321428571428572 0.04145077720207254
1 0.31785714285714284 0.483160621761658 0.09285714285714286 0.11917098445595854
1 0.26607142857142857 0.8873056994818653 0.10178571428571428 0.12435233160621761
1 0.5982142857142857 0.33678756476683935 0.07678571428571429 0.15284974093264247
1 0.61875 0.20595854922279794 0.05714285714285714 0.11139896373056994
1 0.6276785714285714 0.04792746113989637 0.06607142857142857 0.09585492227979274