0 0.2755681818181818 0.0932377049180328 0.052556818181818184 0.05122950819672131
0 0.2507102272727273 0.7223360655737705 0.09375 0.125
0 0.6143465909090909 0.7756147540983607 0.07670454545454546 0.11270491803278689
0 0.48579545454545453 0.5307377049180327 0.11931818181818182 0.14754098360655737
0 0.5241477272727273 0.367827868852459 0.09943181818181818 0.13524590163934427
0 0.47798295454545453 0.3442622950819672 0.07528409090909091 0.08401639344262295
0 0.6867897727272727 0.35655737704918034 0.09090909090909091 0.11270491803278689
0 0.5809659090909091 0.03790983606557377 0.045454545454545456 0.07581967213114754
0 0.5930397727272727 0.11065573770491803 0.07102272727272728 0.13524590163934427
0 0.36292613636363635 0.8668032786885246 0.09517045454545454 0.10655737704918032
1 0.23295454545454544 0.1168032786885246 0.0625 0.06352459016393443
1 0.20383522727272727 0.38934426229508196 0.07670454545454546 0.10040983606557377
1 0.3231534090909091 0.5020491803278688 0.08664772727272728 0.11065573770491803
1 0.3728693181818182 0.7950819672131147 0.08238636363636363 0.12704918032786885
1 0.30894886363636365 0.9375 0.09801136363636363 0.125
1 0.6470170454545454 0.5788934426229508 0.09659090909090909 0.12090163934426229
1 0.3536931818181818 0.2530737704918033 0.09943181818181818 0.1413934426229508
1 0.3700284090909091 0.13012295081967212 0.08238636363636363 0.10245901639344263
1 0.4765625 0.20491803278688525 0.07102272727272728 0.11065573770491803
1 0.4318181818181818 0.11987704918032786 0.05823863636363636 0.10860655737704918
1 0.47017045454545453 0.022540983606557378 0.05113636363636364 0.045081967213114756