0 0.6717741935483871 0.19626168224299065 0.07741935483870968 0.14953271028037382
0 0.7814516129032258 0.21495327102803738 0.06290322580645161 0.08177570093457943
0 0.9330645161290323 0.3773364485981308 0.06774193548387097 0.1191588785046729
0 0.9903225806451613 0.6904205607476636 0.01935483870967742 0.10981308411214953
0 0.9951612903225806 0.594626168224299 0.00967741935483871 0.10514018691588785
1 0.975 0.34345794392523366 0.035483870967741936 0.08878504672897196
1 0.9717741935483871 0.35397196261682246 0.04838709677419355 0.1191588785046729
1 0.8483870967741935 0.16121495327102803 0.08870967741935484 0.06775700934579439
1 0.7661290322580645 0.5280373831775701 0.08387096774193549 0.10747663551401869
1 0.8443548387096774 0.4929906542056075 0.05967741935483871 0.08411214953271028
1 0.9129032258064517 0.5455607476635514 0.06612903225806452 0.09813084112149532
1 0.9379032258064516 0.5607476635514018 0.07419354838709677 0.0794392523364486
1 0.8959677419354839 0.697429906542056 0.07258064516129033 0.1191588785046729
1 0.9653225806451613 0.8060747663551402 0.06129032258064516 0.06542056074766354