0 0.2729289940828402 0.7762096774193549 0.047337278106508875 0.0907258064516129
0 0.27218934911242604 0.6743951612903226 0.05029585798816568 0.08870967741935484
0 0.2359467455621302 0.5705645161290323 0.08579881656804733 0.07661290322580645
0 0.23964497041420119 0.023185483870967742 0.05325443786982249 0.046370967741935484
0 0.2514792899408284 0.016129032258064516 0.05029585798816568 0.03225806451612903
0 0.2906804733727811 0.01310483870967742 0.09319526627218935 0.02620967741935484
0 0.3735207100591716 0.01310483870967742 0.07840236686390532 0.02620967741935484
0 0.7107988165680473 0.055443548387096774 0.08431952662721894 0.05443548387096774
0 0.7107988165680473 0.05342741935483871 0.08431952662721894 0.05040322580645161
1 0.5244082840236687 0.019153225806451613 0.057692307692307696 0.038306451612903226
1 0.5192307692307693 0.024193548387096774 0.047337278106508875 0.04838709677419355
1 0.45488165680473375 0.01310483870967742 0.042899408284023666 0.02620967741935484
1 0.4489644970414201 0.05443548387096774 0.06656804733727811 0.10887096774193548
1 0.29289940828402367 0.2086693548387097 0.057692307692307696 0.09879032258064516
1 0.23816568047337278 0.32056451612903225 0.07100591715976332 0.09475806451612903
1 0.35872781065088755 0.6219758064516129 0.06360946745562131 0.08669354838709678
1 0.40754437869822485 0.8377016129032258 0.05917159763313609 0.0907258064516129
1 0.34023668639053256 0.04536290322580645 0.04437869822485207 0.0907258064516129