0 0.2799657534246575 0.036214953271028034 0.11472602739726027 0.07242990654205607
0 0.1695205479452055 0.06658878504672897 0.09931506849315068 0.13317757009345793
0 0.1035958904109589 0.1542056074766355 0.07363013698630137 0.11682242990654206
0 0.336472602739726 0.2488317757009346 0.10102739726027397 0.12383177570093458
0 0.3347602739726027 0.3294392523364486 0.10616438356164383 0.1588785046728972
0 0.5693493150684932 0.2091121495327103 0.08047945205479452 0.1378504672897196
0 0.9914383561643836 0.5186915887850467 0.017123287671232876 0.11682242990654206
1 0.21575342465753425 0.015186915887850467 0.0547945205479452 0.030373831775700934
1 0.4409246575342466 0.054906542056074766 0.07191780821917808 0.10981308411214953
1 0.550513698630137 0.11799065420560748 0.09075342465753425 0.1308411214953271
1 0.7748287671232876 0.338785046728972 0.07534246575342465 0.12383177570093458
1 0.5676369863013698 0.4100467289719626 0.0821917808219178 0.10981308411214953
1 0.1464041095890411 0.1542056074766355 0.08904109589041095 0.1425233644859813
1 0.3424657534246575 0.1647196261682243 0.08904109589041095 0.10981308411214953
1 0.9375 0.7710280373831776 0.05650684931506849 0.08177570093457943
1 0.577054794520548 0.9719626168224299 0.0821917808219178 0.056074766355140186
1 0.3732876712328767 0.927570093457944 0.07705479452054795 0.10514018691588785