0 0.1391941391941392 0.9025 0.045787545787545784 0.1125
0 0.1987179487179487 0.84 0.08791208791208792 0.0975
0 0.21520146520146521 0.29875 0.038461538461538464 0.115
0 0.2490842490842491 0.1775 0.040293040293040296 0.125
0 0.19963369963369965 0.03 0.09523809523809523 0.06
0 0.24725274725274726 0.015 0.05860805860805861 0.03
0 0.608058608058608 0.02875 0.07509157509157509 0.0475
0 0.7646520146520146 0.03875 0.054945054945054944 0.0425
0 0.7921245421245421 0.11375 0.05860805860805861 0.0925
0 0.7866300366300366 0.29875 0.07142857142857142 0.0775
1 0.7902930402930403 0.565 0.07142857142857142 0.0875
1 0.36538461538461536 0.3375 0.07326007326007326 0.11
1 0.3992673992673993 0.16 0.0695970695970696 0.105
1 0.36904761904761907 0.02 0.07142857142857142 0.04
1 0.43315018315018317 0.0075 0.04945054945054945 0.015
1 0.4551282051282051 0.02125 0.05311355311355311 0.0425
1 0.6144688644688645 0.02 0.04212454212454213 0.0275
1 0.6446886446886447 0.1275 0.045787545787545784 0.0725