0 0.8594771241830066 0.058333333333333334 0.09477124183006536 0.11666666666666667
0 0.803921568627451 0.07976190476190476 0.08333333333333333 0.09523809523809523
0 0.7124183006535948 0.15 0.07679738562091504 0.0880952380952381
0 0.6266339869281046 0.16785714285714284 0.09967320261437909 0.11428571428571428
0 0.37826797385620914 0.18214285714285713 0.09803921568627451 0.1619047619047619
0 0.34967320261437906 0.2392857142857143 0.10620915032679738 0.1595238095238095
0 0.11437908496732026 0.25476190476190474 0.1111111111111111 0.15476190476190477
0 0.23202614379084968 0.75 0.14705882352941177 0.18095238095238095
0 0.48937908496732024 0.9583333333333334 0.09967320261437909 0.08333333333333333
0 0.9011437908496732 0.7535714285714286 0.0784313725490196 0.14523809523809525
1 0.9616013071895425 0.319047619047619 0.058823529411764705 0.0880952380952381
1 0.8570261437908496 0.3595238095238095 0.06209150326797386 0.08095238095238096
1 0.8137254901960784 0.4226190476190476 0.08496732026143791 0.09523809523809523
1 0.7377450980392157 0.43452380952380953 0.09803921568627451 0.10714285714285714
1 0.5890522875816994 0.3357142857142857 0.0915032679738562 0.11904761904761904
1 0.2965686274509804 0.6297619047619047 0.12091503267973856 0.11190476190476191
1 0.7148692810457516 0.8714285714285714 0.05555555555555555 0.10476190476190476
1 0.7450980392156863 0.8595238095238096 0.05555555555555555 0.1