0 0.760586319218241 0.44221698113207547 0.10586319218241043 0.14150943396226415
0 0.3526058631921824 0.031839622641509434 0.06351791530944625 0.06367924528301887
0 0.33794788273615634 0.014150943396226415 0.05374592833876222 0.02830188679245283
0 0.3721498371335505 0.008254716981132075 0.06026058631921824 0.01650943396226415
0 0.3737785016286645 0.01061320754716981 0.08957654723127036 0.02122641509433962
0 0.7361563517915309 0.09316037735849056 0.0781758957654723 0.06367924528301887
0 0.5301302931596091 0.02240566037735849 0.06677524429967427 0.04481132075471698
0 0.46661237785016285 0.01061320754716981 0.06351791530944625 0.02122641509433962
1 0.758957654723127 0.14150943396226415 0.09609120521172639 0.08018867924528301
1 0.508957654723127 0.0625 0.0732899022801303 0.125
1 0.5610749185667753 0.0330188679245283 0.03745928338762215 0.06132075471698113
1 0.6832247557003257 0.07429245283018868 0.050488599348534204 0.05660377358490566
1 0.5903908794788274 0.030660377358490566 0.048859934853420196 0.04245283018867924
1 0.5236156351791531 0.00589622641509434 0.03745928338762215 0.01179245283018868
1 0.33713355048859933 0.014150943396226415 0.07166123778501629 0.02830188679245283