0 0.6816901408450704 0.8029045643153527 0.1056338028169014 0.15352697095435686
0 0.5830985915492958 0.8319502074688797 0.10845070422535211 0.14730290456431536
0 0.4732394366197183 0.8744813278008299 0.07605633802816901 0.13070539419087138
0 0.797887323943662 0.17946058091286307 0.06056338028169014 0.08298755186721991
0 0.745774647887324 0.21369294605809128 0.0676056338028169 0.08921161825726141
0 0.31338028169014087 0.8827800829875518 0.08450704225352113 0.1078838174273859
0 0.18028169014084508 0.6452282157676349 0.08450704225352113 0.12448132780082988
0 0.22887323943661972 0.3900414937759336 0.0676056338028169 0.0995850622406639
0 0.14225352112676057 0.6369294605809128 0.09859154929577464 0.12863070539419086
1 0.7535211267605634 0.37655601659751037 0.08028169014084507 0.10995850622406639
1 0.6598591549295775 0.3941908713692946 0.07746478873239436 0.12033195020746888
1 0.4387323943661972 0.8692946058091287 0.07605633802816901 0.12448132780082988
1 0.376056338028169 0.6151452282157677 0.07887323943661972 0.0995850622406639
1 0.302112676056338 0.6690871369294605 0.07746478873239436 0.1037344398340249
1 0.23943661971830985 0.6452282157676349 0.08732394366197183 0.12655601659751037