0 0.99 0.45348837209302323 0.02 0.14534883720930233
0 0.985 0.4375 0.03 0.09011627906976744
0 0.931 0.373546511627907 0.108 0.125
0 0.435 0.22819767441860464 0.132 0.23546511627906977
0 0.195 0.055232558139534885 0.146 0.11046511627906977
0 0.434 0.48546511627906974 0.13 0.18023255813953487
0 0.407 0.3313953488372093 0.142 0.19476744186046513
1 0.992 0.5087209302325582 0.016 0.12209302325581395
1 0.948 0.7165697674418605 0.076 0.12209302325581395
1 0.871 0.6991279069767442 0.11 0.1511627906976744
1 0.747 0.3561046511627907 0.118 0.2238372093023256
1 0.476 0.03924418604651163 0.112 0.07848837209302326
1 0.094 0.12209302325581395 0.094 0.19186046511627908
1 0.079 0.2688953488372093 0.09 0.125