0 0.2617845117845118 0.9505347593582888 0.05723905723905724 0.053475935828877004
0 0.7045454545454546 0.8957219251336899 0.06060606060606061 0.06417112299465241
0 0.29545454545454547 0.017379679144385027 0.10606060606060606 0.034759358288770054
0 0.2255892255892256 0.12433155080213903 0.05387205387205387 0.11764705882352941
0 0.2255892255892256 0.2620320855614973 0.06734006734006734 0.15240641711229946
0 0.37457912457912457 0.34893048128342247 0.0723905723905724 0.12032085561497326
1 0.2904040404040404 0.7286096256684492 0.09932659932659933 0.11229946524064172
1 0.38804713804713803 0.8502673796791443 0.06228956228956229 0.12566844919786097
1 0.7070707070707071 0.6310160427807486 0.08922558922558922 0.11229946524064172
1 0.6599326599326599 0.08288770053475936 0.07912457912457913 0.13903743315508021
1 0.734006734006734 0.034759358288770054 0.08585858585858586 0.029411764705882353
1 0.6043771043771043 0.040106951871657755 0.0723905723905724 0.06684491978609626
1 0.48569023569023567 0.0213903743315508 0.07912457912457913 0.0427807486631016
1 0.4595959595959596 0.045454545454545456 0.11447811447811448 0.09090909090909091
1 0.3207070707070707 0.0213903743315508 0.08249158249158249 0.0427807486631016
1 0.24494949494949494 0.012032085561497326 0.06565656565656566 0.02406417112299465
1 0.43013468013468015 0.0213903743315508 0.06565656565656566 0.0427807486631016