0 0.44461538461538463 0.9821428571428571 0.07384615384615385 0.03571428571428571
0 0.3992307692307692 0.9553571428571429 0.08461538461538462 0.08928571428571429
0 0.2776923076923077 0.7198660714285714 0.09230769230769231 0.125
0 0.1576923076923077 0.4107142857142857 0.10307692307692308 0.14955357142857142
0 0.23384615384615384 0.18526785714285715 0.08615384615384615 0.109375
0 0.7776923076923077 0.6752232142857143 0.06615384615384616 0.125
0 0.6323076923076923 0.90625 0.08461538461538462 0.12053571428571429
1 0.4946153846153846 0.7689732142857143 0.11076923076923077 0.15625
1 0.42846153846153845 0.828125 0.10307692307692308 0.14955357142857142
1 0.3223076923076923 0.6662946428571429 0.10615384615384615 0.14955357142857142
1 0.11307692307692307 0.48549107142857145 0.07538461538461538 0.125
1 0.045384615384615384 0.3515625 0.04 0.0625
1 0.6438461538461538 0.8459821428571429 0.09692307692307692 0.14955357142857142