0 0.9007633587786259 0.52734375 0.07633587786259542 0.12239583333333333
0 0.8625954198473282 0.6015625 0.10305343511450382 0.16927083333333334
0 0.7872137404580153 0.7643229166666666 0.08587786259541985 0.13802083333333334
0 0.5162213740458015 0.9244791666666666 0.13931297709923665 0.15104166666666666
0 0.7595419847328244 0.14192708333333334 0.07633587786259542 0.07291666666666667
1 0.976145038167939 0.3372395833333333 0.04770992366412214 0.0546875
1 0.9732824427480916 0.3567708333333333 0.05343511450381679 0.078125
1 0.7041984732824428 0.7161458333333334 0.12786259541984732 0.1875
1 0.6803435114503816 0.9596354166666666 0.08206106870229007 0.08072916666666667
1 0.5162213740458015 0.9752604166666666 0.10877862595419847 0.049479166666666664
1 0.16698473282442747 0.6640625 0.10114503816793893 0.12760416666666666
1 0.23377862595419846 0.7552083333333334 0.1316793893129771 0.18489583333333334