0 0.2102803738317757 0.3495475113122172 0.09968847352024922 0.12217194570135746
0 0.10514018691588785 0.9705882352941176 0.06697819314641744 0.058823529411764705
0 0.22741433021806853 0.9219457013574661 0.08566978193146417 0.12217194570135746
0 0.27258566978193144 0.9649321266968326 0.06542056074766354 0.07013574660633484
0 0.5506230529595015 0.07239819004524888 0.11993769470404984 0.12669683257918551
0 0.6090342679127726 0.1244343891402715 0.09345794392523364 0.18099547511312217
0 0.7180685358255452 0.057692307692307696 0.1277258566978193 0.11538461538461539
0 0.8185358255451713 0.03619909502262444 0.11059190031152648 0.07239819004524888
0 0.6401869158878505 0.05203619909502263 0.09657320872274143 0.10407239819004525
1 0.2266355140186916 0.6380090497737556 0.08722741433021806 0.10407239819004525
1 0.11214953271028037 0.831447963800905 0.056074766355140186 0.10407239819004525
1 0.21806853582554517 0.9705882352941176 0.0778816199376947 0.058823529411764705
1 0.4485981308411215 0.9253393665158371 0.0794392523364486 0.1085972850678733
1 0.6230529595015576 0.36877828054298645 0.09034267912772585 0.12217194570135746
1 0.7764797507788161 0.39705882352941174 0.11526479750778816 0.11312217194570136
1 0.8956386292834891 0.3257918552036199 0.08255451713395638 0.13122171945701358
1 0.955607476635514 0.29638009049773756 0.06074766355140187 0.11764705882352941
1 0.8411214953271028 0.03167420814479638 0.102803738317757 0.06334841628959276
1 0.9750778816199377 0.3891402714932127 0.04984423676012461 0.09954751131221719