0 0.7944126074498568 0.4730290456431535 0.10601719197707736 0.16804979253112035
0 0.8753581661891118 0.3329875518672199 0.06017191977077364 0.08506224066390042
0 0.9140401146131805 0.4107883817427386 0.04727793696275072 0.0954356846473029
0 0.9090257879656161 0.6109958506224067 0.054441260744985676 0.11203319502074689
0 0.9126074498567335 0.8796680497925311 0.054441260744985676 0.07053941908713693
0 0.9183381088825215 0.9626556016597511 0.027220630372492838 0.07261410788381743
0 0.7593123209169055 0.8744813278008299 0.08166189111747851 0.0912863070539419
0 0.6776504297994269 0.8443983402489627 0.0830945558739255 0.08506224066390042
1 0.7843839541547278 0.29045643153526973 0.06303724928366762 0.1016597510373444
1 0.7406876790830945 0.6234439834024896 0.10028653295128939 0.0975103734439834
1 0.836676217765043 0.6556016597510373 0.08739255014326648 0.09336099585062241
1 0.9606017191977078 0.7365145228215768 0.03008595988538682 0.04564315352697095
1 0.8896848137535817 0.9263485477178424 0.05730659025787966 0.1037344398340249
1 0.8710601719197708 0.7199170124481328 0.05157593123209169 0.0975103734439834
1 0.9455587392550143 0.7064315352697096 0.07306590257879657 0.08298755186721991
1 0.9906876790830945 0.5757261410788381 0.01862464183381089 0.06431535269709543
1 0.9928366762177651 0.4896265560165975 0.014326647564469915 0.0912863070539419