0 0.9852507374631269 0.5160256410256411 0.029498525073746312 0.09615384615384616
0 0.8753687315634219 0.9764957264957265 0.06047197640117994 0.04700854700854701
0 0.8539823008849557 0.967948717948718 0.05014749262536873 0.0641025641025641
0 0.7662241887905604 0.7681623931623932 0.058997050147492625 0.12606837606837606
0 0.700589970501475 0.8675213675213675 0.08112094395280237 0.09829059829059829
0 0.6371681415929203 0.8408119658119658 0.08702064896755163 0.08974358974358974
0 0.8451327433628318 0.405982905982906 0.08112094395280237 0.12179487179487179
0 0.8687315634218289 0.37606837606837606 0.061946902654867256 0.10042735042735043
0 0.9129793510324484 0.4722222222222222 0.07374631268436578 0.10683760683760683
1 0.9387905604719764 0.7831196581196581 0.05309734513274336 0.07905982905982906
1 0.9476401179941003 0.7350427350427351 0.061946902654867256 0.0876068376068376
1 0.8657817109144543 0.6794871794871795 0.06932153392330384 0.0876068376068376
1 0.9085545722713865 0.6121794871794872 0.07227138643067847 0.09829059829059829
1 0.7617994100294986 0.6324786324786325 0.06637168141592921 0.0876068376068376
1 0.7057522123893806 0.6282051282051282 0.09292035398230089 0.1282051282051282
1 0.7676991150442478 0.9401709401709402 0.06784660766961652 0.09829059829059829