0 0.9055374592833876 0.23177083333333334 0.09120521172638436 0.13802083333333334
0 0.6099348534201955 0.4348958333333333 0.08794788273615635 0.140625
0 0.6946254071661238 0.5546875 0.10097719869706841 0.15885416666666666
0 0.6050488599348535 0.6197916666666666 0.08631921824104234 0.15364583333333334
0 0.6938110749185668 0.84375 0.10097719869706841 0.16666666666666666
0 0.991042345276873 0.78515625 0.017915309446254073 0.11197916666666667
0 0.08550488599348534 0.2760416666666667 0.05537459283387622 0.11979166666666667
0 0.014657980456026058 0.3489583333333333 0.029315960912052116 0.11979166666666667
1 0.3949511400651466 0.20572916666666666 0.0732899022801303 0.15625
1 0.21986970684039087 0.203125 0.05374592833876222 0.1171875
1 0.15472312703583063 0.7018229166666666 0.08306188925081433 0.1328125
1 0.6359934853420195 0.3059895833333333 0.09609120521172639 0.17708333333333334
1 0.8534201954397395 0.39453125 0.10423452768729642 0.1484375
1 0.9478827361563518 0.3098958333333333 0.08794788273615635 0.13020833333333334
1 0.9193811074918566 0.5963541666666666 0.0781758957654723 0.203125
1 0.8452768729641694 0.7369791666666666 0.07980456026058631 0.1484375
1 0.9462540716612378 0.8098958333333334 0.08631921824104234 0.11979166666666667