0 0.37745098039215685 0.07700892857142858 0.06302521008403361 0.11160714285714286
0 0.2822128851540616 0.265625 0.07142857142857142 0.11830357142857142
0 0.24369747899159663 0.3158482142857143 0.08263305322128851 0.12723214285714285
0 0.17016806722689076 0.4765625 0.08263305322128851 0.12946428571428573
0 0.6099439775910365 0.044642857142857144 0.06582633053221289 0.08928571428571429
0 0.8235294117647058 0.26339285714285715 0.046218487394957986 0.0625
0 0.5147058823529411 0.7265625 0.08263305322128851 0.13169642857142858
0 0.6694677871148459 0.7879464285714286 0.0938375350140056 0.15178571428571427
0 0.626750700280112 0.9441964285714286 0.07983193277310924 0.11160714285714286
0 0.19677871148459383 0.7087053571428571 0.06442577030812324 0.09598214285714286
0 0.13095238095238096 0.6729910714285714 0.0546218487394958 0.08482142857142858
0 0.11974789915966387 0.6350446428571429 0.06582633053221289 0.11607142857142858
0 0.3011204481792717 0.32142857142857145 0.06022408963585434 0.10044642857142858
1 0.4894957983193277 0.024553571428571428 0.06302521008403361 0.049107142857142856
1 0.5259103641456583 0.18973214285714285 0.08263305322128851 0.12276785714285714
1 0.39705882352941174 0.1171875 0.07563025210084033 0.11383928571428571
1 0.36204481792717086 0.39285714285714285 0.07703081232492998 0.12946428571428573
1 0.2850140056022409 0.5669642857142857 0.0784313725490196 0.12053571428571429
1 0.27871148459383754 0.6372767857142857 0.07983193277310924 0.11383928571428571
1 0.6939775910364145 0.15736607142857142 0.06862745098039216 0.11383928571428571
1 0.5217086834733894 0.9073660714285714 0.0896358543417367 0.13839285714285715
1 0.3074229691876751 0.8638392857142857 0.058823529411764705 0.08705357142857142
1 0.4054621848739496 0.8046875 0.0700280112044818 0.10714285714285714