0 0.45 0.01832460732984293 0.07090909090909091 0.03664921465968586
0 0.16363636363636364 0.08900523560209424 0.06 0.06282722513089005
0 0.3390909090909091 0.05366492146596859 0.09090909090909091 0.06806282722513089
0 0.8209090909090909 0.4214659685863874 0.04909090909090909 0.07591623036649214
0 0.7754545454545455 0.4293193717277487 0.05090909090909091 0.07853403141361257
0 0.8172727272727273 0.887434554973822 0.07272727272727272 0.08638743455497382
0 0.3090909090909091 0.6308900523560209 0.05272727272727273 0.10209424083769633
0 0.3290909090909091 0.7513089005235603 0.04909090909090909 0.09162303664921466
1 0.20727272727272728 0.06806282722513089 0.09818181818181818 0.04450261780104712
1 0.2390909090909091 0.061518324607329845 0.056363636363636366 0.03664921465968586
1 0.21 0.19764397905759162 0.08727272727272728 0.13612565445026178
1 0.48727272727272725 0.5536649214659686 0.07272727272727272 0.12827225130890052
1 0.5136363636363637 0.7290575916230366 0.06181818181818182 0.11780104712041885
1 0.7536363636363637 0.731675392670157 0.08545454545454545 0.10732984293193717
1 0.6 0.49345549738219896 0.07272727272727272 0.12041884816753927
1 0.7927272727272727 0.11518324607329843 0.05090909090909091 0.12303664921465969