0 0.40954415954415957 0.03837209302325582 0.04985754985754986 0.05813953488372093
0 0.28846153846153844 0.05465116279069768 0.038461538461538464 0.04883720930232558
0 0.301994301994302 0.046511627906976744 0.04131054131054131 0.037209302325581395
0 0.2556980056980057 0.05930232558139535 0.038461538461538464 0.046511627906976744
0 0.48148148148148145 0.011627906976744186 0.042735042735042736 0.023255813953488372
0 0.5925925925925926 0.02558139534883721 0.042735042735042736 0.05116279069767442
0 0.23646723646723647 0.34767441860465115 0.05270655270655271 0.07441860465116279
0 0.23575498575498577 0.4197674418604651 0.07264957264957266 0.09302325581395349
0 0.6908831908831908 0.6709302325581395 0.08404558404558404 0.14186046511627906
1 0.26495726495726496 0.7348837209302326 0.0868945868945869 0.10697674418604651
1 0.47364672364672367 0.7697674418604651 0.08404558404558404 0.11395348837209303
1 0.25213675213675213 0.14418604651162792 0.05555555555555555 0.09069767441860466
1 0.24857549857549857 0.06046511627906977 0.037037037037037035 0.044186046511627906
1 0.28561253561253563 0.05 0.042735042735042736 0.03953488372093023
1 0.4309116809116809 0.029069767441860465 0.037037037037037035 0.044186046511627906
1 0.42592592592592593 0.02558139534883721 0.03418803418803419 0.03488372093023256
1 0.4779202279202279 0.01627906976744186 0.04985754985754986 0.03255813953488372
1 0.43874643874643876 0.04302325581395349 0.04700854700854701 0.07674418604651163
1 0.50997150997151 0.15 0.05555555555555555 0.10930232558139535