0 0.881896551724138 0.7429775280898876 0.05172413793103448 0.06460674157303371
0 0.8405172413793104 0.5912921348314607 0.06206896551724138 0.11235955056179775
0 0.16206896551724137 0.35814606741573035 0.1 0.17415730337078653
0 0.15086206896551724 0.25280898876404495 0.09137931034482759 0.12078651685393259
0 0.29051724137931034 0.1404494382022472 0.1 0.11797752808988764
0 0.6008620689655172 0.08286516853932584 0.11206896551724138 0.16573033707865167
1 0.5517241379310345 0.8525280898876404 0.07413793103448275 0.14606741573033707
1 0.5508620689655173 0.6783707865168539 0.07931034482758621 0.1544943820224719
1 0.4698275862068966 0.6053370786516854 0.0706896551724138 0.12359550561797752
1 0.7560344827586207 0.7359550561797753 0.06896551724137931 0.11235955056179775
1 0.7637931034482759 0.29775280898876405 0.05172413793103448 0.10674157303370786
1 0.39655172413793105 0.06601123595505617 0.10862068965517241 0.13202247191011235
1 0.30775862068965515 0.12640449438202248 0.09310344827586207 0.11235955056179775
1 0.23620689655172414 0.1853932584269663 0.09482758620689655 0.11797752808988764
1 0.11293103448275862 0.2710674157303371 0.041379310344827586 0.06741573033707865
1 0.4853448275862069 0.028089887640449437 0.09137931034482759 0.056179775280898875