0 0.8182515337423313 0.17841409691629956 0.0705521472392638 0.09911894273127753
0 0.8642638036809815 0.1211453744493392 0.06134969325153374 0.05726872246696035
0 0.49233128834355827 0.6883259911894273 0.05368098159509203 0.09251101321585903
0 0.6380368098159509 0.8127753303964758 0.03834355828220859 0.07709251101321586
0 0.6265337423312883 0.9273127753303965 0.03834355828220859 0.06828193832599119
0 0.5099693251533742 0.5187224669603524 0.06748466257668712 0.12334801762114538
0 0.3013803680981595 0.6178414096916299 0.0705521472392638 0.08370044052863436
0 0.21932515337423314 0.3590308370044053 0.06441717791411043 0.11674008810572688
0 0.28144171779141103 0.09911894273127753 0.10122699386503067 0.1277533039647577
0 0.2661042944785276 0.01762114537444934 0.06595092024539877 0.03524229074889868
1 0.7469325153374233 0.09251101321585903 0.07668711656441718 0.07488986784140969
1 0.651840490797546 0.6057268722466961 0.07208588957055215 0.1145374449339207
1 0.48466257668711654 0.8182819383259912 0.05061349693251534 0.10352422907488987
1 0.504601226993865 0.9284140969162996 0.05521472392638037 0.0881057268722467
1 0.3535276073619632 0.43392070484581496 0.05521472392638037 0.11013215859030837
1 0.3029141104294479 0.3634361233480176 0.08742331288343558 0.1013215859030837
1 0.227760736196319 0.5870044052863436 0.07975460122699386 0.0881057268722467
1 0.24923312883435583 0.32599118942731276 0.07822085889570553 0.09691629955947137
1 0.276840490797546 0.00881057268722467 0.06288343558282208 0.01762114537444934