0 0.27123552123552125 0.9472222222222222 0.06756756756756757 0.10555555555555556
0 0.4527027027027027 0.8902777777777777 0.08687258687258688 0.1388888888888889
0 0.7799227799227799 0.7888888888888889 0.1138996138996139 0.16111111111111112
0 0.8745173745173745 0.7222222222222222 0.10424710424710425 0.11944444444444445
0 0.7596525096525096 0.35555555555555557 0.0888030888030888 0.12777777777777777
0 0.7075289575289575 0.24722222222222223 0.07915057915057915 0.11944444444444445
0 0.18822393822393824 0.1638888888888889 0.06563706563706563 0.075
1 0.8484555984555985 0.6583333333333333 0.09652509652509653 0.11944444444444445
1 0.5926640926640927 0.029166666666666667 0.10810810810810811 0.058333333333333334
1 0.583976833976834 0.016666666666666666 0.07528957528957529 0.03333333333333333
1 0.3841698841698842 0.04583333333333333 0.0637065637065637 0.06111111111111111