0 0.6926795580110497 0.651 0.09530386740331492 0.134
0 0.6816298342541437 0.145 0.09944751381215469 0.132
0 0.3052486187845304 0.118 0.12569060773480664 0.134
0 0.2430939226519337 0.601 0.0925414364640884 0.146
0 0.43162983425414364 0.893 0.05939226519337017 0.116
0 0.4703038674033149 0.958 0.062154696132596686 0.084
0 0.6167127071823204 0.951 0.062154696132596686 0.074
1 0.7486187845303868 0.848 0.08425414364640885 0.096
1 0.5227900552486188 0.042 0.106353591160221 0.084
1 0.4654696132596685 0.174 0.09530386740331492 0.114
1 0.2562154696132597 0.331 0.11740331491712708 0.134
1 0.5683701657458563 0.794 0.09392265193370165 0.15
1 0.6153314917127072 0.91 0.06906077348066299 0.11