0 0.30198776758409784 0.103125 0.08103975535168195 0.09166666666666666
0 0.6704892966360856 0.028125 0.07492354740061162 0.05625
0 0.676605504587156 0.06875 0.0963302752293578 0.1375
0 0.713302752293578 0.5041666666666667 0.08409785932721713 0.10416666666666667
0 0.7912844036697247 0.45208333333333334 0.08256880733944955 0.09583333333333334
0 0.7691131498470948 0.5958333333333333 0.05045871559633028 0.10416666666666667
0 0.7775229357798165 0.69375 0.053516819571865444 0.09583333333333334
0 0.8195718654434251 0.7822916666666667 0.05198776758409786 0.075
0 0.4074923547400612 0.9770833333333333 0.05657492354740061 0.04583333333333333
0 0.37155963302752293 0.940625 0.06116207951070336 0.10208333333333333
0 0.35397553516819574 0.9 0.0672782874617737 0.09791666666666667
1 0.6116207951070336 0.013541666666666667 0.07951070336391437 0.027083333333333334
1 0.536697247706422 0.015625 0.0672782874617737 0.03125
1 0.6414373088685015 0.25 0.0856269113149847 0.09791666666666667
1 0.7270642201834863 0.225 0.0764525993883792 0.09375
1 0.6490825688073395 0.5864583333333333 0.06880733944954129 0.09791666666666667
1 0.6788990825688074 0.7770833333333333 0.07339449541284404 0.10208333333333333
1 0.4801223241590214 0.8895833333333333 0.07339449541284404 0.09583333333333334
1 0.42048929663608564 0.7927083333333333 0.06574923547400612 0.10625
1 0.3073394495412844 0.690625 0.0764525993883792 0.09791666666666667