0 0.6360887096774194 0.013812154696132596 0.05040322580645161 0.027624309392265192
0 0.32661290322580644 0.08287292817679558 0.08266129032258064 0.0856353591160221
0 0.27923387096774194 0.12845303867403315 0.08669354838709678 0.10220994475138122
0 0.6754032258064516 0.03729281767955801 0.0846774193548387 0.07458563535911603
0 0.6330645161290323 0.011049723756906077 0.04435483870967742 0.022099447513812154
0 0.8044354838709677 0.28314917127071826 0.0846774193548387 0.14917127071823205
0 0.875 0.6146408839779005 0.0907258064516129 0.143646408839779
0 0.5171370967741935 0.9171270718232044 0.12298387096774194 0.16298342541436464
0 0.33568548387096775 0.8121546961325967 0.1431451612903226 0.19060773480662985
1 0.42943548387096775 0.016574585635359115 0.07258064516129033 0.03314917127071823
1 0.6159274193548387 0.026243093922651933 0.08669354838709678 0.052486187845303865
1 0.623991935483871 0.034530386740331494 0.11895161290322581 0.06906077348066299
1 0.45161290322580644 0.14502762430939226 0.10685483870967742 0.143646408839779
1 0.8689516129032258 0.5151933701657458 0.0907258064516129 0.09944751381215469
1 0.7268145161290323 0.7638121546961326 0.07661290322580645 0.12154696132596685
1 0.2973790322580645 0.919889502762431 0.09475806451612903 0.13259668508287292