0 0.4970414201183432 0.9764150943396226 0.05917159763313609 0.04716981132075472
0 0.1878698224852071 0.8030660377358491 0.04437869822485207 0.06367924528301887
0 0.21523668639053253 0.8077830188679245 0.07692307692307693 0.09905660377358491
0 0.3091715976331361 0.847877358490566 0.0695266272189349 0.09198113207547169
0 0.26331360946745563 0.2346698113207547 0.07692307692307693 0.13679245283018868
0 0.2921597633136095 0.1733490566037736 0.07988165680473373 0.13443396226415094
0 0.28328402366863903 0.10849056603773585 0.051775147928994084 0.10141509433962265
0 0.3646449704142012 0.01768867924528302 0.051775147928994084 0.03537735849056604
0 0.3942307692307692 0.01650943396226415 0.042899408284023666 0.0330188679245283
0 0.7514792899408284 0.1580188679245283 0.09763313609467456 0.10613207547169812
0 0.8306213017751479 0.20872641509433962 0.10207100591715976 0.10141509433962265
0 0.852810650887574 0.35377358490566035 0.06360946745562131 0.11556603773584906
0 0.7662721893491125 0.47995283018867924 0.07544378698224852 0.12264150943396226
0 0.7980769230769231 0.4375 0.05473372781065089 0.11556603773584906
1 0.21523668639053253 0.589622641509434 0.07248520710059171 0.12971698113207547
1 0.24334319526627218 0.48702830188679247 0.07988165680473373 0.12735849056603774
1 0.36020710059171596 0.6627358490566038 0.09467455621301775 0.14150943396226415
1 0.5236686390532544 0.9905660377358491 0.04142011834319527 0.018867924528301886
1 0.4208579881656805 0.03891509433962264 0.09319526627218935 0.07783018867924528
1 0.36538461538461536 0.014150943396226415 0.05917159763313609 0.02830188679245283
1 0.36168639053254437 0.018867924528301886 0.057692307692307696 0.03773584905660377
1 0.602810650887574 0.045990566037735846 0.057692307692307696 0.06839622641509434
1 0.4992603550295858 0.030660377358490566 0.06656804733727811 0.06132075471698113
1 0.5377218934911243 0.02830188679245283 0.06360946745562131 0.05660377358490566
1 0.647189349112426 0.08372641509433962 0.05325443786982249 0.07311320754716981
1 0.8683431952662722 0.2346698113207547 0.0695266272189349 0.07783018867924528
1 0.6486686390532544 0.21816037735849056 0.08284023668639054 0.14858490566037735