0 0.7507836990595611 0.0867579908675799 0.047021943573667714 0.04337899543378995
0 0.774294670846395 0.09474885844748858 0.03918495297805643 0.0410958904109589
0 0.7672413793103449 0.12899543378995434 0.05642633228840126 0.08904109589041095
0 0.7405956112852664 0.2271689497716895 0.06269592476489028 0.1095890410958904
0 0.707680250783699 0.3732876712328767 0.0877742946708464 0.1598173515981735
0 0.7249216300940439 0.5148401826484018 0.10815047021943573 0.11187214611872145
0 0.530564263322884 0.02511415525114155 0.06739811912225706 0.0502283105022831
0 0.3440438871473354 0.017123287671232876 0.048589341692789965 0.03424657534246575
0 0.2993730407523511 0.0273972602739726 0.07523510971786834 0.0547945205479452
0 0.43025078369905956 0.22146118721461186 0.11285266457680251 0.14840182648401826
0 0.18573667711598746 0.6255707762557078 0.10815047021943573 0.15753424657534246
1 0.7264890282131662 0.0684931506849315 0.05799373040752351 0.02968036529680365
1 0.6347962382445141 0.05365296803652968 0.048589341692789965 0.0547945205479452
1 0.6504702194357367 0.05707762557077625 0.05172413793103448 0.05251141552511415
1 0.5360501567398119 0.0547945205479452 0.06269592476489028 0.1095890410958904
1 0.518025078369906 0.18036529680365296 0.05799373040752351 0.12100456621004566
1 0.6300940438871473 0.8915525114155252 0.10031347962382445 0.11643835616438356
1 0.23275862068965517 0.386986301369863 0.10188087774294671 0.14383561643835616
1 0.3628526645768025 0.1358447488584475 0.0768025078369906 0.1232876712328767
1 0.45689655172413796 0.0228310502283105 0.0768025078369906 0.045662100456621
1 0.5039184952978056 0.0091324200913242 0.06426332288401254 0.0182648401826484