0 0.5581818181818182 0.9121287128712872 0.08181818181818182 0.14108910891089108
0 0.7363636363636363 0.8787128712871287 0.10181818181818182 0.17574257425742573
0 0.38 0.7599009900990099 0.11818181818181818 0.14356435643564355
0 0.8118181818181818 0.6695544554455446 0.10181818181818182 0.1707920792079208
0 0.8336363636363636 0.27351485148514854 0.06545454545454546 0.1188118811881188
0 0.860909090909091 0.1844059405940594 0.07636363636363637 0.07178217821782178
0 0.3936363636363636 0.01485148514851485 0.06363636363636363 0.0297029702970297
1 0.35454545454545455 0.024752475247524754 0.07636363636363637 0.04950495049504951
1 0.7118181818181818 0.20544554455445543 0.07454545454545454 0.11386138613861387
1 0.7218181818181818 0.10643564356435643 0.06545454545454546 0.06683168316831684
1 0.8181818181818182 0.3725247524752475 0.0890909090909091 0.09158415841584158
1 0.519090909090909 0.7128712871287128 0.10363636363636364 0.1707920792079208
1 0.41818181818181815 0.8873762376237624 0.08181818181818182 0.13613861386138615