0 0.23996913580246915 0.1474056603773585 0.0941358024691358 0.1320754716981132
0 0.19521604938271606 0.6002358490566038 0.09104938271604938 0.11320754716981132
0 0.6157407407407407 0.7629716981132075 0.07098765432098765 0.09905660377358491
0 0.566358024691358 0.8089622641509434 0.08179012345679013 0.07547169811320754
0 0.4868827160493827 0.7641509433962265 0.09722222222222222 0.13443396226415094
0 0.21219135802469136 0.9905660377358491 0.06944444444444445 0.018867924528301886
0 0.2916666666666667 0.9658018867924528 0.07716049382716049 0.06839622641509434
0 0.014660493827160493 0.3867924528301887 0.029320987654320986 0.13679245283018868
1 0.6998456790123457 0.37028301886792453 0.08950617283950617 0.10849056603773585
1 0.6026234567901234 0.29009433962264153 0.06944444444444445 0.08726415094339622
1 0.4529320987654321 0.5742924528301887 0.10339506172839506 0.14150943396226415
1 0.09027777777777778 0.8738207547169812 0.05864197530864197 0.1320754716981132
1 0.17515432098765432 0.48702830188679247 0.0941358024691358 0.10613207547169812