0 0.26808176100628933 0.11802575107296137 0.0660377358490566 0.06437768240343347
0 0.5801886792452831 0.033261802575107295 0.10377358490566038 0.06652360515021459
0 0.6965408805031447 0.07510729613733906 0.11006289308176101 0.15021459227467812
0 0.7971698113207547 0.47317596566523606 0.06918238993710692 0.11802575107296137
0 0.8199685534591195 0.5654506437768241 0.06289308176100629 0.0944206008583691
0 0.4371069182389937 0.7757510729613734 0.09276729559748427 0.14377682403433475
0 0.3915094339622642 0.8133047210300429 0.07232704402515723 0.09656652360515021
0 0.6713836477987422 0.02575107296137339 0.07547169811320754 0.05150214592274678
1 0.6069182389937107 0.018240343347639486 0.0660377358490566 0.03648068669527897
1 0.5408805031446541 0.015021459227467811 0.06289308176100629 0.030042918454935622
1 0.4630503144654088 0.012875536480686695 0.05188679245283019 0.02575107296137339
1 0.6627358490566038 0.31759656652360513 0.0770440251572327 0.10085836909871244
1 0.6894654088050315 0.5032188841201717 0.07232704402515723 0.10085836909871244
1 0.7327044025157232 0.6845493562231759 0.07389937106918239 0.10300429184549356
1 0.7948113207547169 0.8165236051502146 0.055031446540880505 0.06866952789699571
1 0.5220125786163522 0.9120171673819742 0.07075471698113207 0.09012875536480687
1 0.28852201257861637 0.6030042918454935 0.08647798742138364 0.11158798283261803