0 0.038338658146964855 0.436046511627907 0.07667731629392971 0.1
0 0.1733226837060703 0.9662790697674418 0.08146964856230032 0.06744186046511629
0 0.26517571884984026 0.9430232558139535 0.05750798722044728 0.11395348837209303
0 0.18929712460063897 0.29767441860465116 0.08626198083067092 0.09534883720930233
0 0.26437699680511184 0.2569767441860465 0.07188498402555911 0.09767441860465116
0 0.46246006389776356 0.06976744186046512 0.0878594249201278 0.1
0 0.7571884984025559 0.05232558139534884 0.10862619808306709 0.10465116279069768
0 0.6765175718849841 0.031395348837209305 0.10702875399361023 0.06279069767441861
0 0.6781150159744409 0.8674418604651163 0.0878594249201278 0.14186046511627906
1 0.048722044728434506 0.7093023255813954 0.06389776357827476 0.07674418604651163
1 0.06309904153354633 0.9290697674418604 0.03035143769968051 0.10232558139534884
1 0.13817891373801916 0.6930232558139535 0.07667731629392971 0.10232558139534884
1 0.4680511182108626 0.8976744186046511 0.054313099041533544 0.12093023255813953
1 0.26916932907348246 0.5116279069767442 0.07667731629392971 0.07906976744186046
1 0.35942492012779553 0.5034883720930232 0.09105431309904154 0.08837209302325581
1 0.6349840255591054 0.19767441860465115 0.08146964856230032 0.12790697674418605
1 0.9201277955271565 0.30116279069767443 0.09584664536741214 0.10930232558139535
1 0.9289137380191693 0.7662790697674419 0.08306709265175719 0.15348837209302327