0 0.31386292834890966 0.0757918552036199 0.0763239875389408 0.06787330316742081
0 0.205607476635514 0.12217194570135746 0.0763239875389408 0.08144796380090498
0 0.26635514018691586 0.09389140271493213 0.07476635514018691 0.07013574660633484
0 0.27102803738317754 0.8653846153846154 0.10747663551401869 0.17420814479638008
0 0.676791277258567 0.7409502262443439 0.09190031152647975 0.18099547511312217
0 0.7616822429906542 0.6063348416289592 0.10747663551401869 0.1425339366515837
0 0.8419003115264797 0.6843891402714932 0.10124610591900311 0.14027149321266968
0 0.8037383177570093 0.753393665158371 0.06230529595015576 0.11312217194570136
1 0.6954828660436138 0.9377828054298643 0.09345794392523364 0.04524886877828054
1 0.48208722741433024 0.9592760180995475 0.0794392523364486 0.08144796380090498
1 0.2803738317757009 0.3190045248868778 0.08255451713395638 0.1085972850678733
1 0.2336448598130841 0.09049773755656108 0.06386292834890965 0.038461538461538464
1 0.3512461059190031 0.042986425339366516 0.06853582554517133 0.033936651583710405