0 0.20209580838323354 0.8067685589519651 0.07335329341317365 0.11790393013100436
0 0.23952095808383234 0.7194323144104804 0.04491017964071856 0.09170305676855896
0 0.2559880239520958 0.6157205240174672 0.0658682634730539 0.1222707423580786
0 0.3375748502994012 0.29366812227074235 0.1092814371257485 0.14847161572052403
0 0.35254491017964074 0.034934497816593885 0.09730538922155689 0.06986899563318777
0 0.8248502994011976 0.45087336244541487 0.10179640718562874 0.1331877729257642
0 0.6272455089820359 0.9781659388646288 0.08383233532934131 0.043668122270742356
1 0.34880239520958084 0.8700873362445415 0.06437125748502993 0.11353711790393013
1 0.437125748502994 0.75764192139738 0.0718562874251497 0.12008733624454149
1 0.5261976047904192 0.048034934497816595 0.10329341317365269 0.09606986899563319
1 0.7163173652694611 0.7914847161572053 0.061377245508982034 0.07205240174672489
1 0.7043413173652695 0.8220524017467249 0.0748502994011976 0.0851528384279476
1 0.6220059880239521 0.7707423580786026 0.1092814371257485 0.13755458515283842
1 0.5426646706586826 0.9454148471615721 0.08233532934131736 0.1091703056768559
1 0.4214071856287425 0.9508733624454149 0.07035928143712575 0.0982532751091703