0 0.7301324503311258 0.964975845410628 0.08112582781456953 0.033816425120772944
0 0.7235099337748344 0.9166666666666666 0.04966887417218543 0.11352657004830918
0 0.6995033112582781 0.7669082125603864 0.046357615894039736 0.10386473429951691
0 0.7102649006622517 0.6400966183574879 0.061258278145695365 0.13285024154589373
0 0.765728476821192 0.28140096618357485 0.09933774834437085 0.11594202898550725
0 0.7350993377483444 0.22584541062801933 0.09271523178807947 0.13285024154589373
0 0.7847682119205298 0.01932367149758454 0.0728476821192053 0.03864734299516908
0 0.4288079470198676 0.051932367149758456 0.09437086092715231 0.10144927536231885
0 0.19039735099337748 0.2318840579710145 0.09105960264900662 0.13043478260869565
0 0.24503311258278146 0.8780193236714976 0.09105960264900662 0.0893719806763285
1 0.5206953642384106 0.9190821256038647 0.04470198675496689 0.0821256038647343
1 0.4900662251655629 0.8405797101449275 0.048013245033112585 0.11594202898550725
1 0.5016556291390728 0.7282608695652174 0.054635761589403975 0.13285024154589373
1 0.6076158940397351 0.5422705314009661 0.06622516556291391 0.11594202898550725
1 0.4867549668874172 0.06642512077294686 0.04966887417218543 0.13285024154589373
1 0.17798013245033112 0.04710144927536232 0.057947019867549666 0.036231884057971016
1 0.2052980132450331 0.5821256038647343 0.08443708609271523 0.06280193236714976
1 0.20447019867549668 0.6280193236714976 0.08443708609271523 0.06280193236714976