0 0.22874149659863946 0.023255813953488372 0.07993197278911565 0.046511627906976744
0 0.17772108843537415 0.02558139534883721 0.04931972789115646 0.05116279069767442
0 0.22448979591836735 0.03604651162790698 0.08843537414965986 0.07209302325581396
0 0.27040816326530615 0.03255813953488372 0.1054421768707483 0.06511627906976744
0 0.4336734693877551 0.16395348837209303 0.11564625850340136 0.16511627906976745
0 0.3018707482993197 0.40930232558139534 0.11904761904761904 0.15813953488372093
0 0.5841836734693877 0.05813953488372093 0.11734693877551021 0.11627906976744186
0 0.6496598639455783 0.06627906976744186 0.07653061224489796 0.07674418604651163
0 0.8469387755102041 0.35930232558139535 0.0935374149659864 0.13488372093023257
0 0.858843537414966 0.4127906976744186 0.10374149659863946 0.13953488372093023
1 0.4175170068027211 0.7255813953488373 0.08843537414965986 0.12325581395348838
1 0.8239795918367347 0.6674418604651163 0.08843537414965986 0.10930232558139535
1 0.6811224489795918 0.35 0.09183673469387756 0.12558139534883722
1 0.7193877551020408 0.26046511627906976 0.0782312925170068 0.12558139534883722
1 0.7755102040816326 0.21744186046511627 0.08673469387755102 0.13023255813953488
1 0.07738095238095238 0.16046511627906976 0.03741496598639456 0.06279069767441861
1 0.19472789115646258 0.06046511627906977 0.08333333333333333 0.12093023255813953
1 0.4175170068027211 0.0755813953488372 0.0782312925170068 0.13953488372093023
1 0.47874149659863946 0.03837209302325582 0.10034013605442177 0.07674418604651163
1 0.44982993197278914 0.01627906976744186 0.0663265306122449 0.03255813953488372