0 0.43388429752066116 0.014705882352941176 0.05509641873278237 0.029411764705882353
0 0.37052341597796146 0.10294117647058823 0.06060606060606061 0.08823529411764706
0 0.3787878787878788 0.15966386554621848 0.07162534435261708 0.10714285714285714
0 0.7458677685950413 0.4894957983193277 0.05922865013774105 0.10084033613445378
0 0.7775482093663911 0.1323529411764706 0.049586776859504134 0.05042016806722689
0 0.7128099173553719 0.7048319327731093 0.07024793388429752 0.10714285714285714
0 0.6356749311294766 0.6491596638655462 0.09228650137741047 0.11134453781512606
0 0.5654269972451791 0.707983193277311 0.09366391184573003 0.11974789915966387
0 0.4896694214876033 0.6355042016806722 0.06198347107438017 0.10084033613445378
0 0.29338842975206614 0.907563025210084 0.05647382920110193 0.05042016806722689
0 0.36363636363636365 0.6880252100840336 0.06198347107438017 0.09873949579831932
0 0.3484848484848485 0.44012605042016806 0.05509641873278237 0.10294117647058823
0 0.3278236914600551 0.43487394957983194 0.07024793388429752 0.10504201680672269
0 0.17768595041322313 0.7468487394957983 0.081267217630854 0.1134453781512605
1 0.5764462809917356 0.03361344537815126 0.03994490358126722 0.05672268907563025
1 0.42079889807162535 0.01365546218487395 0.05371900826446281 0.0273109243697479
1 0.2699724517906336 0.37815126050420167 0.07162534435261708 0.11764705882352941
1 0.18526170798898073 0.6712184873949579 0.081267217630854 0.12184873949579832
1 0.21212121212121213 0.8665966386554622 0.0743801652892562 0.05672268907563025
1 0.47107438016528924 0.7783613445378151 0.07162534435261708 0.11554621848739496
1 0.48415977961432505 0.9800420168067226 0.08953168044077135 0.03991596638655462
1 0.5833333333333334 0.9411764705882353 0.0743801652892562 0.1134453781512605
1 0.6542699724517906 0.9695378151260504 0.07713498622589532 0.06092436974789916
1 0.6060606060606061 0.5021008403361344 0.06336088154269973 0.10084033613445378
1 0.5984848484848485 0.26260504201680673 0.06887052341597796 0.1134453781512605
1 0.6329201101928374 0.19957983193277312 0.06060606060606061 0.0819327731092437
1 0.6859504132231405 0.15861344537815125 0.06473829201101929 0.09243697478991597
1 0.772038567493113 0.12605042016806722 0.049586776859504134 0.04411764705882353