0 0.37390029325513197 0.019329896907216496 0.05278592375366569 0.03865979381443299
0 0.2998533724340176 0.12886597938144329 0.04252199413489736 0.10824742268041238
0 0.26466275659824046 0.08505154639175258 0.05865102639296188 0.11082474226804123
0 0.25513196480938416 0.5064432989690721 0.05571847507331378 0.11855670103092783
0 0.4479472140762463 0.38144329896907214 0.06744868035190615 0.12371134020618557
0 0.5278592375366569 0.37371134020618557 0.06744868035190615 0.1211340206185567
0 0.5791788856304986 0.49742268041237114 0.04838709677419355 0.1134020618556701
0 0.593108504398827 0.9858247422680413 0.045454545454545456 0.028350515463917526
1 0.4472140762463343 0.9445876288659794 0.06744868035190615 0.09278350515463918
1 0.28152492668621704 0.8505154639175257 0.06158357771260997 0.07474226804123711
1 0.28225806451612906 0.4110824742268041 0.07038123167155426 0.1056701030927835
1 0.2866568914956012 0.011597938144329897 0.06304985337243402 0.023195876288659795
1 0.5190615835777126 0.03350515463917526 0.05278592375366569 0.06701030927835051
1 0.5498533724340176 0.09278350515463918 0.07917888563049853 0.09278350515463918
1 0.592375366568915 0.21262886597938144 0.05278592375366569 0.09020618556701031
1 0.34310850439882695 0.14304123711340205 0.04985337243401759 0.1211340206185567