0 0.4259020618556701 0.9517766497461929 0.05283505154639175 0.09644670050761421
0 0.31958762886597936 0.9720812182741116 0.04639175257731959 0.05583756345177665
0 0.26353092783505155 0.5964467005076142 0.037371134020618556 0.11421319796954314
0 0.5663659793814433 0.7918781725888325 0.04768041237113402 0.09644670050761421
0 0.5676546391752577 0.47081218274111675 0.04639175257731959 0.1116751269035533
0 0.4993556701030928 0.025380710659898477 0.04768041237113402 0.050761421319796954
1 0.5747422680412371 0.9365482233502538 0.05412371134020619 0.10152284263959391
1 0.5489690721649485 0.567258883248731 0.05283505154639175 0.11421319796954314
1 0.4948453608247423 0.43908629441624364 0.04768041237113402 0.1218274111675127
1 0.6404639175257731 0.2880710659898477 0.05412371134020619 0.1116751269035533
1 0.40012886597938147 0.06598984771573604 0.05025773195876289 0.08121827411167512
1 0.3859536082474227 0.5444162436548223 0.05283505154639175 0.12436548223350254
1 0.2847938144329897 0.7258883248730964 0.04768041237113402 0.12436548223350254