0 0.3605769230769231 0.08816425120772947 0.05631868131868132 0.0966183574879227
0 0.3358516483516483 0.16545893719806765 0.04532967032967033 0.07729468599033816
0 0.29876373626373626 0.35144927536231885 0.054945054945054944 0.0893719806763285
0 0.4141483516483517 0.6340579710144928 0.05631868131868132 0.09178743961352658
0 0.4478021978021978 0.5785024154589372 0.07554945054945054 0.09178743961352658
0 0.6002747252747253 0.501207729468599 0.057692307692307696 0.11835748792270531
0 0.6758241758241759 0.5 0.04945054945054945 0.0966183574879227
0 0.7335164835164835 0.37077294685990336 0.042582417582417584 0.10144927536231885
0 0.6881868131868132 0.07246376811594203 0.04395604395604396 0.06280193236714976
1 0.44024725274725274 0.013285024154589372 0.050824175824175824 0.026570048309178744
1 0.5240384615384616 0.23429951690821257 0.054945054945054944 0.0821256038647343
1 0.592032967032967 0.23309178743961353 0.05357142857142857 0.09178743961352658
1 0.5322802197802198 0.042270531400966184 0.04807692307692308 0.08454106280193237
1 0.7019230769230769 0.10265700483091787 0.034340659340659344 0.10869565217391304
1 0.7012362637362637 0.3309178743961353 0.04807692307692308 0.06038647342995169
1 0.3083791208791209 0.9384057971014492 0.0521978021978022 0.043478260869565216
1 0.28296703296703296 0.6751207729468599 0.06456043956043957 0.08454106280193237
1 0.36675824175824173 0.46980676328502413 0.06456043956043957 0.0821256038647343