0 0.38166666666666665 0.35 0.085 0.18529411764705883
0 0.5316666666666666 0.5617647058823529 0.09333333333333334 0.16470588235294117
0 0.77 0.5941176470588235 0.075 0.1411764705882353
0 0.7983333333333333 0.6691176470588235 0.08833333333333333 0.14411764705882352
0 0.8425 0.7573529411764706 0.04666666666666667 0.1
0 0.43 0.6308823529411764 0.07333333333333333 0.1411764705882353
0 0.49666666666666665 0.6352941176470588 0.07666666666666666 0.1411764705882353
1 0.25 0.3264705882352941 0.055 0.12058823529411765
1 0.2525 0.5338235294117647 0.06 0.1264705882352941
1 0.49583333333333335 0.9367647058823529 0.06333333333333334 0.10294117647058823
1 0.565 0.9441176470588235 0.08 0.11176470588235295
1 0.6633333333333333 0.7588235294117647 0.06833333333333333 0.1411764705882353
1 0.7166666666666667 0.23823529411764705 0.06833333333333333 0.10882352941176471
1 0.6525 0.9220588235294118 0.06 0.05588235294117647