0 0.1671875 0.020604395604395604 0.071875 0.04120879120879121
0 0.19765625 0.27884615384615385 0.0796875 0.15934065934065933
0 0.42421875 0.04807692307692308 0.0640625 0.09615384615384616
0 0.53359375 0.08653846153846154 0.0578125 0.10714285714285714
0 0.42578125 0.820054945054945 0.06875 0.12637362637362637
0 0.7140625 0.8543956043956044 0.065625 0.10989010989010989
0 0.759375 0.820054945054945 0.0984375 0.14835164835164835
0 0.9609375 0.5837912087912088 0.078125 0.11263736263736264
1 0.13203125 0.31456043956043955 0.0828125 0.10164835164835165
1 0.37421875 0.0989010989010989 0.0609375 0.13186813186813187
1 0.41953125 0.25824175824175827 0.0671875 0.13736263736263737
1 0.5765625 0.2706043956043956 0.0765625 0.15384615384615385
1 0.73984375 0.2239010989010989 0.0640625 0.14285714285714285
1 0.9765625 0.33516483516483514 0.046875 0.12637362637362637
1 0.91875 0.8928571428571429 0.0671875 0.11813186813186813
1 0.54296875 0.7266483516483516 0.05625 0.10714285714285714
1 0.25625 0.7912087912087912 0.05625 0.0989010989010989