0 0.4906832298136646 0.7363387978142076 0.062111801242236024 0.09562841530054644
0 0.5225155279503105 0.6038251366120219 0.06521739130434782 0.10382513661202186
0 0.5038819875776398 0.5 0.07453416149068323 0.12295081967213115
0 0.7267080745341615 0.5013661202185792 0.05745341614906832 0.09289617486338798
0 0.6172360248447205 0.18989071038251365 0.07453416149068323 0.09289617486338798
0 0.6133540372670807 0.0778688524590164 0.07763975155279502 0.10382513661202186
0 0.5722049689440993 0.12704918032786885 0.06521739130434782 0.10382513661202186
1 0.3827639751552795 0.1912568306010929 0.040372670807453416 0.09289617486338798
1 0.4751552795031056 0.2103825136612022 0.06677018633540373 0.08469945355191257
1 0.8074534161490683 0.056010928961748634 0.05745341614906832 0.09562841530054644
1 0.7709627329192547 0.35792349726775957 0.05124223602484472 0.08196721311475409
1 0.8524844720496895 0.5737704918032787 0.05124223602484472 0.07923497267759563
1 0.7096273291925466 0.6024590163934426 0.049689440993788817 0.07650273224043716
1 0.6739130434782609 0.6898907103825137 0.05124223602484472 0.07923497267759563
1 0.35714285714285715 0.9603825136612022 0.052795031055900624 0.07923497267759563