0 0.23940149625935161 0.7770935960591133 0.06234413965087282 0.10837438423645321
0 0.32356608478802995 0.791871921182266 0.07107231920199501 0.11822660098522167
0 0.45074812967581046 0.479064039408867 0.08229426433915212 0.14039408866995073
0 0.48566084788029923 0.46798029556650245 0.07855361596009976 0.13793103448275862
0 0.3759351620947631 0.39039408866995073 0.06109725685785536 0.11576354679802955
0 0.5037406483790524 0.16133004926108374 0.05361596009975062 0.09852216748768473
0 0.5218204488778054 0.07019704433497537 0.06483790523690773 0.11576354679802955
0 0.7206982543640897 0.5948275862068966 0.0773067331670823 0.1330049261083744
1 0.3029925187032419 0.9864532019704434 0.0798004987531172 0.027093596059113302
1 0.256857855361596 0.5110837438423645 0.06982543640897755 0.10837438423645321
1 0.27805486284289277 0.7032019704433498 0.06483790523690773 0.1354679802955665
1 0.5112219451371571 0.2561576354679803 0.05610972568578554 0.12561576354679804
1 0.614713216957606 0.25492610837438423 0.06483790523690773 0.12561576354679804
1 0.6377805486284289 0.0332512315270936 0.06359102244389027 0.0665024630541872
1 0.8790523690773068 0.31527093596059114 0.06483790523690773 0.15024630541871922
1 0.543640897755611 0.7746305418719212 0.07356608478802992 0.10591133004926108
1 0.6571072319201995 0.5012315270935961 0.06483790523690773 0.1477832512315271