0 0.8145161290322581 0.7205882352941176 0.05583126550868486 0.10294117647058823
0 0.45161290322580644 0.3627450980392157 0.062034739454094295 0.14705882352941177
0 0.38957816377171217 0.2769607843137255 0.05955334987593052 0.10784313725490197
0 0.30955334987593053 0.5686274509803921 0.07320099255583126 0.12009803921568628
0 0.3529776674937965 0.7536764705882353 0.062034739454094295 0.12990196078431374
0 0.39950372208436724 0.8321078431372549 0.06451612903225806 0.125
0 0.6004962779156328 0.8002450980392157 0.062034739454094295 0.0857843137254902
0 0.20781637717121587 0.7708333333333334 0.0707196029776675 0.11274509803921569
1 0.8939205955334988 0.5808823529411765 0.04838709677419355 0.09803921568627451
1 0.6315136476426799 0.08333333333333333 0.04714640198511166 0.09068627450980392
1 0.4813895781637717 0.5735294117647058 0.05955334987593052 0.13725490196078433
1 0.38647642679900746 0.5049019607843137 0.07692307692307693 0.09803921568627451
1 0.5558312655086849 0.6862745098039216 0.06575682382133995 0.13725490196078433
1 0.40508684863523575 0.8933823529411765 0.05583126550868486 0.10049019607843138
1 0.31017369727047145 0.9019607843137255 0.07196029776674938 0.12990196078431374
1 0.48759305210918114 0.6556372549019608 0.06575682382133995 0.10294117647058823
1 0.6389578163771712 0.5073529411764706 0.028535980148883373 0.012254901960784314
1 0.4838709677419355 0.24877450980392157 0.062034739454094295 0.0784313725490196