0 0.312874251497006 0.599112426035503 0.0748502994011976 0.15976331360946747
0 0.47979041916167664 0.522189349112426 0.08083832335329341 0.1893491124260355
0 0.48278443113772457 0.029585798816568046 0.06437125748502993 0.05917159763313609
0 0.6279940119760479 0.28106508875739644 0.07934131736526946 0.1804733727810651
0 0.6931137724550899 0.5502958579881657 0.07035928143712575 0.15384615384615385
0 0.42065868263473055 0.9304733727810651 0.059880239520958084 0.12130177514792899
0 0.34281437125748504 0.14497041420118342 0.0718562874251497 0.12721893491124261
1 0.5950598802395209 0.9674556213017751 0.07035928143712575 0.0650887573964497
1 0.36676646706586824 0.6997041420118343 0.09281437125748503 0.16272189349112426
1 0.37574850299401197 0.28106508875739644 0.07634730538922156 0.16568047337278108
1 0.39221556886227543 0.026627218934911243 0.04790419161676647 0.05325443786982249
1 0.6601796407185628 0.15236686390532544 0.059880239520958084 0.11834319526627218
1 0.7410179640718563 0.22337278106508876 0.0748502994011976 0.12130177514792899
1 0.6467065868263473 0.7307692307692307 0.08383233532934131 0.17159763313609466