0 0.38341968911917096 0.8864795918367347 0.05829015544041451 0.15816326530612246
0 0.508419689119171 0.6377551020408163 0.04922279792746114 0.10714285714285714
0 0.5764248704663213 0.7538265306122449 0.06606217616580311 0.13010204081632654
0 0.6819948186528497 0.43239795918367346 0.05181347150259067 0.13520408163265307
0 0.7156735751295337 0.36096938775510207 0.06217616580310881 0.11989795918367346
0 0.7202072538860104 0.11352040816326531 0.04015544041450777 0.0663265306122449
0 0.6049222797927462 0.16581632653061223 0.046632124352331605 0.1377551020408163
0 0.5259067357512953 0.5471938775510204 0.05310880829015544 0.15816326530612246
1 0.5317357512953368 0.9668367346938775 0.042746113989637305 0.0663265306122449
1 0.6262953367875648 0.45408163265306123 0.06735751295336788 0.10459183673469388
1 0.3490932642487047 0.48341836734693877 0.05310880829015544 0.14540816326530612
1 0.48639896373056996 0.18622448979591838 0.07901554404145078 0.12244897959183673
1 0.4216321243523316 0.05739795918367347 0.05569948186528497 0.11479591836734694
1 0.7474093264248705 0.14158163265306123 0.06347150259067358 0.09948979591836735
1 0.6120466321243523 0.2193877551020408 0.05829015544041451 0.10459183673469388
1 0.6152849740932642 0.08290816326530612 0.04015544041450777 0.09693877551020408