0 0.35777126099706746 0.5554123711340206 0.06158357771260997 0.1056701030927835
0 0.42302052785923755 0.38788659793814434 0.07038123167155426 0.1134020618556701
0 0.3658357771260997 0.41494845360824745 0.07038123167155426 0.11597938144329897
0 0.43914956011730205 0.3492268041237113 0.0747800586510264 0.1134020618556701
0 0.49780058651026393 0.01675257731958763 0.04838709677419355 0.03350515463917526
0 0.5 0.14432989690721648 0.07917888563049853 0.11855670103092783
0 0.6011730205278593 0.061855670103092786 0.05865102639296188 0.09536082474226804
0 0.6231671554252199 0.04768041237113402 0.06744868035190615 0.09536082474226804
0 0.6092375366568915 0.02577319587628866 0.05718475073313783 0.05154639175257732
0 0.5373900293255132 0.4072164948453608 0.002932551319648094 0.005154639175257732
1 0.4435483870967742 0.7242268041237113 0.060117302052785926 0.10051546391752578
1 0.3379765395894428 0.7551546391752577 0.045454545454545456 0.10051546391752578
1 0.31451612903225806 0.1404639175257732 0.05571847507331378 0.10309278350515463
1 0.36070381231671556 0.07989690721649484 0.054252199413489736 0.06701030927835051
1 0.40762463343108507 0.04381443298969072 0.05571847507331378 0.06701030927835051
1 0.5021994134897361 0.015463917525773196 0.051319648093841645 0.030927835051546393
1 0.5505865102639296 0.01804123711340206 0.06304985337243402 0.03608247422680412
1 0.5901759530791789 0.015463917525773196 0.051319648093841645 0.030927835051546393
1 0.6979472140762464 0.35695876288659795 0.06304985337243402 0.10824742268041238