0 0.922566371681416 0.597953216374269 0.05752212389380531 0.12280701754385964
0 0.7116519174041298 0.4152046783625731 0.06342182890855458 0.11695906432748537
0 0.9085545722713865 0.7514619883040936 0.07079646017699115 0.0935672514619883
0 0.6179941002949852 0.672514619883041 0.07227138643067847 0.12573099415204678
0 0.5973451327433629 0.5570175438596491 0.07374631268436578 0.14912280701754385
0 0.5088495575221239 0.9576023391812866 0.061946902654867256 0.0847953216374269
0 0.2013274336283186 0.42543859649122806 0.04129793510324484 0.1286549707602339
0 0.5184365781710915 0.2631578947368421 0.06047197640117994 0.09941520467836257
0 0.5317109144542773 0.15204678362573099 0.03982300884955752 0.09649122807017543
1 0.6423303834808259 0.9736842105263158 0.08702064896755163 0.05263157894736842
1 0.27949852507374634 0.8888888888888888 0.07079646017699115 0.14035087719298245
1 0.37684365781710916 0.47368421052631576 0.05604719764011799 0.12573099415204678
1 0.3274336283185841 0.20321637426900585 0.05752212389380531 0.14035087719298245
1 0.3864306784660767 0.1023391812865497 0.045722713864306784 0.09064327485380116
1 0.549410029498525 0.3304093567251462 0.05014749262536873 0.10818713450292397
1 0.8974926253687315 0.48391812865497075 0.05014749262536873 0.1111111111111111
1 0.7286135693215339 0.5394736842105263 0.05604719764011799 0.14327485380116958