0 0.9263803680981595 0.17575757575757575 0.07975460122699386 0.14545454545454545
0 0.9746932515337423 0.5863636363636363 0.05061349693251534 0.13636363636363635
0 0.7783742331288344 0.6424242424242425 0.0736196319018405 0.14545454545454545
0 0.7093558282208589 0.6121212121212121 0.08282208588957055 0.14242424242424243
0 0.9056748466257669 0.30606060606060603 0.06748466257668712 0.1303030303030303
0 0.6886503067484663 0.11969696969696969 0.0736196319018405 0.14242424242424243
0 0.8013803680981595 0.3924242424242424 0.07208588957055215 0.13333333333333333
0 0.6280674846625767 0.8621212121212121 0.08282208588957055 0.1484848484848485
0 0.5958588957055214 0.3878787878787879 0.08742331288343558 0.15454545454545454
1 0.5023006134969326 0.17727272727272728 0.06134969325153374 0.12727272727272726
1 0.4570552147239264 0.9287878787878788 0.06901840490797546 0.14242424242424243
1 0.8726993865030674 0.656060606060606 0.07208588957055215 0.12424242424242424
1 0.8312883435582822 0.7803030303030303 0.07975460122699386 0.10303030303030303
1 0.8006134969325154 0.4803030303030303 0.07975460122699386 0.14545454545454545
1 0.8550613496932515 0.5393939393939394 0.08742331288343558 0.1393939393939394
1 0.6633435582822086 0.19090909090909092 0.07515337423312883 0.14242424242424243
1 0.8274539877300614 0.26515151515151514 0.09049079754601227 0.1393939393939394
1 0.7952453987730062 0.10757575757575757 0.06748466257668712 0.12424242424242424
1 0.9808282208588958 0.3560606060606061 0.03834355828220859 0.10606060606060606
1 0.9930981595092024 0.3090909090909091 0.004601226993865031 0.015151515151515152