0 0.363314447592068 0.4116915422885572 0.0453257790368272 0.09950248756218906
0 0.40793201133144474 0.43283582089552236 0.053824362606232294 0.08706467661691543
0 0.7160056657223796 0.9017412935323383 0.043909348441926344 0.08955223880597014
0 0.6827195467422096 0.8258706467661692 0.03824362606232295 0.10199004975124377
0 0.7195467422096318 0.8669154228855721 0.046742209631728045 0.10199004975124377
0 0.6458923512747875 0.5435323383084577 0.05240793201133145 0.11940298507462686
1 0.7082152974504249 0.5621890547263682 0.0764872521246459 0.0945273631840796
1 0.5382436260623229 0.8432835820895522 0.060906515580736544 0.10199004975124377
1 0.4086402266288952 0.7475124378109452 0.05807365439093484 0.07462686567164178
1 0.3356940509915014 0.24875621890547264 0.043909348441926344 0.07462686567164178
1 0.6246458923512748 0.8731343283582089 0.06515580736543909 0.08706467661691543