0 0.6622562674094707 0.08823529411764706 0.06824512534818941 0.07107843137254902
0 0.536908077994429 0.7340686274509803 0.06267409470752089 0.12990196078431374
0 0.4979108635097493 0.7156862745098039 0.05988857938718663 0.125
0 0.4275766016713092 0.45465686274509803 0.06267409470752089 0.10784313725490197
0 0.6991643454038997 0.6004901960784313 0.0766016713091922 0.12745098039215685
0 0.66991643454039 0.9509803921568627 0.052924791086350974 0.09803921568627451
0 0.6323119777158774 0.9154411764705882 0.055710306406685235 0.10784313725490197
0 0.6316155988857939 0.6274509803921569 0.06267409470752089 0.11029411764705882
1 0.697075208913649 0.19362745098039216 0.06685236768802229 0.10784313725490197
1 0.7486072423398329 0.2659313725490196 0.06128133704735376 0.08823529411764706
1 0.6894150417827298 0.6544117647058824 0.06963788300835655 0.09313725490196079
1 0.5236768802228412 0.3946078431372549 0.06824512534818941 0.11029411764705882
1 0.39623955431754876 0.8431372549019608 0.04317548746518106 0.08823529411764706
1 0.3850974930362117 0.7328431372549019 0.06824512534818941 0.09803921568627451