0 0.358695652173913 0.18055555555555555 0.04603580562659847 0.12626262626262627
0 0.5338874680306905 0.039141414141414144 0.054987212276214836 0.07828282828282829
0 0.6777493606138107 0.10606060606060606 0.0639386189258312 0.08585858585858586
0 0.4750639386189258 0.8800505050505051 0.07033248081841433 0.14898989898989898
0 0.4686700767263427 0.4659090909090909 0.07672634271099744 0.1590909090909091
0 0.5639386189258312 0.8737373737373737 0.06905370843989769 0.1590909090909091
0 0.6924552429667519 0.4532828282828283 0.061381074168797956 0.1414141414141414
1 0.5345268542199488 0.5707070707070707 0.08056265984654731 0.1414141414141414
1 0.6067774936061381 0.5593434343434344 0.07544757033248081 0.14393939393939395
1 0.6381074168797954 0.8295454545454546 0.0639386189258312 0.11616161616161616
1 0.612531969309463 0.9659090909090909 0.06905370843989769 0.06818181818181818
1 0.4782608695652174 0.06944444444444445 0.058823529411764705 0.1388888888888889
1 0.44948849104859334 0.016414141414141416 0.04219948849104859 0.03282828282828283
1 0.690537084398977 0.1148989898989899 0.056265984654731455 0.08333333333333333
1 0.3567774936061381 0.07323232323232323 0.058823529411764705 0.13131313131313133