0 0.6876590330788804 0.1670854271356784 0.05216284987277354 0.08793969849246232
0 0.6055979643765903 0.2022613065326633 0.07124681933842239 0.14321608040201006
0 0.6622137404580153 0.32160804020100503 0.07633587786259542 0.15829145728643215
0 0.5992366412213741 0.7801507537688442 0.07633587786259542 0.15829145728643215
0 0.4720101781170484 0.4623115577889447 0.07506361323155217 0.14321608040201006
0 0.4395674300254453 0.7399497487437185 0.002544529262086514 0.007537688442211055
1 0.2430025445292621 0.585427135678392 0.07251908396946564 0.15577889447236182
1 0.38549618320610685 0.3957286432160804 0.06743002544529263 0.1507537688442211
1 0.5407124681933843 0.5 0.08015267175572519 0.1507537688442211
1 0.5865139949109415 0.5942211055276382 0.07251908396946564 0.135678391959799
1 0.7010178117048346 0.4610552763819096 0.07251908396946564 0.13316582914572864
1 0.7468193384223919 0.3027638190954774 0.07124681933842239 0.135678391959799