0 0.71171875 0.5288461538461539 0.0515625 0.06868131868131869
0 0.66171875 0.5989010989010989 0.0578125 0.10714285714285714
0 0.2796875 0.5274725274725275 0.0515625 0.1043956043956044
0 0.28125 0.07967032967032966 0.0578125 0.07692307692307693
0 0.29296875 0.03983516483516483 0.0703125 0.07967032967032966
0 0.478125 0.0260989010989011 0.05 0.0521978021978022
0 0.553125 0.023351648351648352 0.05 0.046703296703296704
0 0.6046875 0.020604395604395604 0.071875 0.038461538461538464
0 0.57109375 0.23626373626373626 0.0640625 0.12912087912087913
1 0.36328125 0.8543956043956044 0.0546875 0.08791208791208792
1 0.29921875 0.41483516483516486 0.0625 0.07417582417582418
1 0.42421875 0.0260989010989011 0.0390625 0.0521978021978022
1 0.3015625 0.027472527472527472 0.0375 0.054945054945054944
1 0.490625 0.016483516483516484 0.0625 0.03296703296703297
1 0.5359375 0.07967032967032966 0.0578125 0.07692307692307693
1 0.621875 0.027472527472527472 0.046875 0.04945054945054945
1 0.6203125 0.31456043956043955 0.05625 0.07967032967032966
1 0.71484375 0.8076923076923077 0.053125 0.08241758241758242