0 0.7469512195121951 0.8101604278074866 0.06402439024390244 0.10427807486631016
0 0.3475609756097561 0.7901069518716578 0.057926829268292686 0.10695187165775401
0 0.34527439024390244 0.37967914438502676 0.07317073170731707 0.13101604278074866
0 0.5746951219512195 0.10026737967914438 0.06859756097560976 0.13101604278074866
0 0.5785060975609756 0.03609625668449198 0.07469512195121951 0.07219251336898395
0 0.5228658536585366 0.020053475935828877 0.04878048780487805 0.040106951871657755
0 0.30640243902439024 0.13636363636363635 0.056402439024390245 0.08288770053475936
1 0.6714939024390244 0.37967914438502676 0.0625 0.09893048128342247
1 0.28734756097560976 0.14171122994652408 0.042682926829268296 0.058823529411764705
1 0.3544207317073171 0.15508021390374332 0.07164634146341463 0.10695187165775401
1 0.4009146341463415 0.05481283422459893 0.05030487804878049 0.0748663101604278
1 0.38490853658536583 0.07219251336898395 0.04420731707317073 0.0748663101604278
1 0.5602134146341463 0.01871657754010695 0.056402439024390245 0.0374331550802139