0 0.8525641025641025 0.3241935483870968 0.07326007326007326 0.14838709677419354
0 0.8406593406593407 0.037096774193548385 0.08424908424908426 0.07419354838709677
0 0.37545787545787546 0.10967741935483871 0.08058608058608059 0.14193548387096774
0 0.11446886446886446 0.267741935483871 0.0641025641025641 0.08064516129032258
0 0.13003663003663005 0.2903225806451613 0.08241758241758242 0.11935483870967742
0 0.35805860805860806 0.22903225806451613 0.08608058608058608 0.16774193548387098
0 0.01098901098901099 0.532258064516129 0.02197802197802198 0.10967741935483871
0 0.5009157509157509 0.6919354838709677 0.08974358974358974 0.15483870967741936
1 0.8205128205128205 0.07903225806451612 0.1282051282051282 0.15806451612903225
1 0.6666666666666666 0.041935483870967745 0.08791208791208792 0.08387096774193549
1 0.597985347985348 0.03387096774193549 0.07142857142857142 0.06774193548387097
1 0.3269230769230769 0.13709677419354838 0.07142857142857142 0.12258064516129032
1 0.13553113553113552 0.36451612903225805 0.09706959706959707 0.16774193548387098
1 0.011904761904761904 0.4 0.023809523809523808 0.08387096774193549
1 0.23076923076923078 0.8112903225806452 0.08241758241758242 0.15483870967741936
1 0.29853479853479853 0.8161290322580645 0.07509157509157509 0.14516129032258066