0 0.8337912087912088 0.8668478260869565 0.07142857142857142 0.11956521739130435
0 0.8351648351648352 0.7635869565217391 0.07554945054945054 0.14945652173913043
0 0.7273351648351648 0.4592391304347826 0.09615384615384616 0.15489130434782608
0 0.7081043956043956 0.5896739130434783 0.08241758241758242 0.1331521739130435
0 0.46565934065934067 0.36684782608695654 0.09203296703296704 0.14945652173913043
0 0.5563186813186813 0.8247282608695652 0.07554945054945054 0.14402173913043478
0 0.19848901098901098 0.5896739130434783 0.09203296703296704 0.19293478260869565
0 0.48145604395604397 0.28532608695652173 0.06043956043956044 0.09782608695652174
0 0.2767857142857143 0.024456521739130436 0.06456043956043957 0.04891304347826087
1 0.6929945054945055 0.9619565217391305 0.10302197802197802 0.07608695652173914
1 0.6964285714285714 0.7785326086956522 0.09615384615384616 0.16576086956521738
1 0.6112637362637363 0.8274456521739131 0.07417582417582418 0.14402173913043478
1 0.4320054945054945 0.5529891304347826 0.08791208791208792 0.18478260869565216
1 0.5631868131868132 0.5692934782608695 0.09615384615384616 0.16576086956521738
1 0.625 0.3220108695652174 0.07692307692307693 0.14130434782608695
1 0.5473901098901099 0.11277173913043478 0.0673076923076923 0.10869565217391304
1 0.4835164835164835 0.021739130434782608 0.06043956043956044 0.043478260869565216
1 0.17376373626373626 0.1358695652173913 0.09615384615384616 0.14130434782608695
1 0.38255494505494503 0.748641304347826 0.08516483516483517 0.16847826086956522