0 0.39106583072100315 0.5108695652173914 0.07836990595611286 0.14596273291925466
0 0.3542319749216301 0.7748447204968945 0.07836990595611286 0.13664596273291926
0 0.30877742946708464 0.5574534161490683 0.07993730407523511 0.11490683229813664
0 0.03761755485893417 0.7701863354037267 0.0438871473354232 0.08074534161490683
0 0.05172413793103448 0.8571428571428571 0.054858934169279 0.10869565217391304
0 0.05799373040752351 0.9409937888198758 0.047021943573667714 0.09006211180124224
0 0.05172413793103448 0.953416149068323 0.03134796238244514 0.08385093167701864
1 0.1974921630094044 0.6739130434782609 0.061128526645768025 0.12111801242236025
1 0.3072100313479624 0.7158385093167702 0.07210031347962383 0.11490683229813664
1 0.21551724137931033 0.9767080745341615 0.0768025078369906 0.046583850931677016
1 0.17711598746081506 0.9611801242236024 0.06269592476489028 0.07763975155279502
1 0.19043887147335423 0.8307453416149069 0.06739811912225706 0.14285714285714285
1 0.14733542319749215 0.7018633540372671 0.06269592476489028 0.11801242236024845