0 0.7298270893371758 0.2436548223350254 0.06340057636887608 0.09898477157360407
0 0.7824207492795389 0.3032994923857868 0.06772334293948126 0.1218274111675127
0 0.8804034582132565 0.6967005076142132 0.059077809798270896 0.09390862944162437
0 0.7600864553314121 0.8629441624365483 0.05187319884726225 0.09644670050761421
0 0.7348703170028819 0.800761421319797 0.06195965417867435 0.09390862944162437
0 0.38472622478386165 0.8121827411167513 0.059077809798270896 0.116751269035533
0 0.5244956772334294 0.3083756345177665 0.05763688760806916 0.10406091370558376
0 0.5756484149855908 0.31852791878172587 0.07348703170028818 0.13451776649746192
1 0.5381844380403458 0.1713197969543147 0.053314121037463975 0.09644670050761421
1 0.7593659942363112 0.35152284263959394 0.06340057636887608 0.1116751269035533
1 0.9430835734870316 0.4593908629441624 0.05763688760806916 0.10913705583756345
1 0.8674351585014409 0.46446700507614214 0.06628242074927954 0.09390862944162437
1 0.9048991354466859 0.8350253807106599 0.059077809798270896 0.11421319796954314
1 0.5972622478386167 0.8197969543147208 0.07060518731988473 0.11421319796954314
1 0.5634005763688761 0.6091370558375635 0.06195965417867435 0.08375634517766498
1 0.2723342939481268 0.7271573604060914 0.059077809798270896 0.09137055837563451