0 0.6465087281795511 0.6724137931034483 0.06608478802992519 0.14285714285714285
0 0.6159600997506235 0.3263546798029557 0.04738154613466334 0.10344827586206896
0 0.39900249376558605 0.0812807881773399 0.07605985037406483 0.1206896551724138
0 0.435785536159601 0.4039408866995074 0.06234413965087282 0.13054187192118227
0 0.3397755610972569 0.5012315270935961 0.09226932668329177 0.1625615763546798
0 0.6259351620947631 0.27955665024630544 0.046134663341645885 0.10098522167487685
1 0.364713216957606 0.7278325123152709 0.06982543640897755 0.15763546798029557
1 0.594139650872818 0.7463054187192119 0.08104738154613467 0.13793103448275862
1 0.5810473815461347 0.5923645320197044 0.06109725685785536 0.15517241379310345
1 0.5542394014962594 0.03571428571428571 0.0685785536159601 0.07142857142857142
1 0.5062344139650873 0.25 0.07231920199501247 0.12807881773399016
1 0.286783042394015 0.18226600985221675 0.07481296758104738 0.12807881773399016
1 0.6115960099750624 0.0480295566502463 0.05860349127182045 0.0960591133004926