0 0.683282208588957 0.7484848484848485 0.07822085889570553 0.1606060606060606
0 0.7078220858895705 0.21666666666666667 0.06288343558282208 0.11212121212121212
0 0.4946319018404908 0.37272727272727274 0.07668711656441718 0.15454545454545454
0 0.44171779141104295 0.1893939393939394 0.08128834355828221 0.1696969696969697
0 0.4233128834355828 0.03636363636363636 0.06748466257668712 0.07272727272727272
0 0.6510736196319018 0.8818181818181818 0.06595092024539877 0.14242424242424243
1 0.5084355828220859 0.025757575757575757 0.05674846625766871 0.051515151515151514
1 0.5628834355828221 0.048484848484848485 0.06134969325153374 0.09696969696969697
1 0.5858895705521472 0.14696969696969697 0.0736196319018405 0.15454545454545454
1 0.3535276073619632 0.7757575757575758 0.08128834355828221 0.16363636363636364
1 0.7753067484662577 0.45454545454545453 0.09202453987730061 0.19090909090909092