0 0.27103559870550165 0.6732954545454546 0.07605177993527508 0.11647727272727272
0 0.2758899676375405 0.22869318181818182 0.06957928802588997 0.11079545454545454
0 0.1941747572815534 0.2002840909090909 0.05016181229773463 0.1590909090909091
0 0.3567961165048544 0.06818181818181818 0.05339805825242718 0.07102272727272728
0 0.4110032362459547 0.04261363636363636 0.06634304207119741 0.0625
0 0.48381877022653724 0.026988636363636364 0.08090614886731391 0.05397727272727273
0 0.5032362459546925 0.30823863636363635 0.07605177993527508 0.1278409090909091
0 0.6343042071197411 0.6477272727272727 0.06472491909385113 0.13636363636363635
0 0.6868932038834952 0.5525568181818182 0.06310679611650485 0.09659090909090909
1 0.23948220064724918 0.5696022727272727 0.05016181229773463 0.08806818181818182
1 0.30906148867313915 0.08380681818181818 0.05016181229773463 0.06818181818181818
1 0.18770226537216828 0.12926136363636365 0.043689320388349516 0.07386363636363637
1 0.3859223300970874 0.12215909090909091 0.06472491909385113 0.09090909090909091
1 0.4538834951456311 0.17045454545454544 0.06310679611650485 0.10511363636363637
1 0.5097087378640777 0.02556818181818182 0.04854368932038835 0.05113636363636364
1 0.5525889967637541 0.37073863636363635 0.05825242718446602 0.10227272727272728
1 0.7160194174757282 0.8068181818181818 0.05825242718446602 0.09090909090909091