0 0.8117088607594937 0.2918994413407821 0.08386075949367089 0.13687150837988826
0 0.7618670886075949 0.18994413407821228 0.09018987341772151 0.12011173184357542
0 0.6257911392405063 0.12849162011173185 0.06962025316455696 0.12569832402234637
0 0.32674050632911394 0.32821229050279327 0.08386075949367089 0.1452513966480447
0 0.08227848101265822 0.14106145251396648 0.07753164556962025 0.13687150837988826
0 0.7246835443037974 0.7681564245810056 0.06962025316455696 0.1340782122905028
0 0.7856012658227848 0.7486033519553073 0.08702531645569621 0.13966480446927373
0 0.8061708860759493 0.6578212290502793 0.08860759493670886 0.12849162011173185
1 0.5957278481012658 0.2877094972067039 0.07753164556962025 0.15921787709497207
1 0.4208860759493671 0.04748603351955307 0.0759493670886076 0.09497206703910614
1 0.185126582278481 0.0335195530726257 0.07911392405063292 0.0670391061452514
1 0.0949367088607595 0.4231843575418994 0.09335443037974683 0.13966480446927373
1 0.5363924050632911 0.7206703910614525 0.06487341772151899 0.1424581005586592
1 0.6890822784810127 0.9608938547486033 0.06487341772151899 0.0782122905027933
1 0.8188291139240507 0.9357541899441341 0.06329113924050633 0.08379888268156424
1 0.4699367088607595 0.9273743016759777 0.08386075949367089 0.13128491620111732
1 0.6068037974683544 0.4022346368715084 0.060126582278481014 0.11452513966480447