0 0.4948630136986301 0.9172297297297297 0.07876712328767123 0.16554054054054054
0 0.3886986301369863 0.09121621621621621 0.06506849315068493 0.11486486486486487
0 0.3321917808219178 0.09966216216216216 0.04280821917808219 0.05067567567567568
0 0.3236301369863014 0.11317567567567567 0.05136986301369863 0.06756756756756757
0 0.2654109589041096 0.14358108108108109 0.053082191780821915 0.05405405405405406
0 0.2731164383561644 0.14358108108108109 0.06335616438356165 0.07094594594594594
0 0.2071917808219178 0.18412162162162163 0.05821917808219178 0.060810810810810814
1 0.6027397260273972 0.7128378378378378 0.07363013698630137 0.16891891891891891
1 0.3655821917808219 0.09121621621621621 0.0547945205479452 0.08108108108108109
1 0.3613013698630137 0.08108108108108109 0.05821917808219178 0.06418918918918919
1 0.24743150684931506 0.16722972972972974 0.06164383561643835 0.08108108108108109
1 0.20804794520547945 0.1891891891891892 0.05136986301369863 0.06756756756756757