0 0.4675572519083969 0.3693467336683417 0.06870229007633588 0.1407035175879397
0 0.49363867684478374 0.5540201005025126 0.062340966921119595 0.11557788944723618
0 0.4618320610687023 0.45979899497487436 0.062340966921119595 0.1306532663316583
0 0.22646310432569974 0.5904522613065326 0.043256997455470736 0.10804020100502512
0 0.8136132315521628 0.5213567839195979 0.06615776081424936 0.12060301507537688
0 0.7977099236641222 0.9045226130653267 0.09287531806615776 0.17839195979899497
1 0.7926208651399491 0.5917085427135679 0.07633587786259542 0.12311557788944724
1 0.6513994910941476 0.38567839195979897 0.05089058524173028 0.10552763819095477
1 0.6564885496183206 0.4937185929648241 0.06870229007633588 0.1507537688442211
1 0.700381679389313 0.9874371859296482 0.07506361323155217 0.02512562814070352
1 0.2964376590330789 0.5402010050251256 0.061068702290076333 0.13819095477386933
1 0.37786259541984735 0.7525125628140703 0.06870229007633588 0.15829145728643215
1 0.3479643765903308 0.13944723618090452 0.058524173027989825 0.13316582914572864
1 0.4389312977099237 0.0414572864321608 0.058524173027989825 0.0829145728643216
1 0.4153944020356234 0.02763819095477387 0.05725190839694656 0.05527638190954774