0 0.26835664335664333 0.8395061728395061 0.07342657342657342 0.12654320987654322
0 0.2875874125874126 0.44598765432098764 0.06293706293706294 0.1111111111111111
0 0.3111888111888112 0.3873456790123457 0.07517482517482517 0.12654320987654322
0 0.6101398601398601 0.9212962962962963 0.07692307692307693 0.1388888888888889
0 0.7613636363636364 0.2006172839506173 0.08391608391608392 0.1697530864197531
0 0.513986013986014 0.07407407407407407 0.08041958041958042 0.14814814814814814
1 0.7578671328671329 0.5941358024691358 0.050699300699300696 0.10185185185185185
1 0.6547202797202797 0.49228395061728397 0.08566433566433566 0.12654320987654322
1 0.2692307692307692 0.7222222222222222 0.06118881118881119 0.1111111111111111
1 0.47115384615384615 0.2515432098765432 0.07342657342657342 0.11419753086419752
1 0.49475524475524474 0.015432098765432098 0.055944055944055944 0.030864197530864196
1 0.5611888111888111 0.033950617283950615 0.06643356643356643 0.06790123456790123
1 0.6267482517482518 0.06327160493827161 0.06118881118881119 0.06481481481481481