0 0.43920765027322406 0.8617788461538461 0.04781420765027322 0.11778846153846154
0 0.5887978142076503 0.3425480769230769 0.05327868852459016 0.12980769230769232
0 0.29713114754098363 0.4206730769230769 0.056010928961748634 0.0889423076923077
0 0.29098360655737704 0.29927884615384615 0.050546448087431695 0.11538461538461539
0 0.3046448087431694 0.03485576923076923 0.0546448087431694 0.06971153846153846
0 0.4726775956284153 0.019230769230769232 0.05737704918032787 0.038461538461538464
0 0.5669398907103825 0.027644230769230768 0.060109289617486336 0.04567307692307692
0 0.5812841530054644 0.03245192307692308 0.06147540983606557 0.04807692307692308
0 0.6734972677595629 0.5612980769230769 0.05191256830601093 0.08653846153846154
1 0.6612021857923497 0.7584134615384616 0.05191256830601093 0.0889423076923077
1 0.5956284153005464 0.06971153846153846 0.045081967213114756 0.0985576923076923
1 0.4993169398907104 0.0889423076923077 0.056010928961748634 0.08413461538461539
1 0.430327868852459 0.23076923076923078 0.04234972677595628 0.09375
1 0.3599726775956284 0.025240384615384616 0.04781420765027322 0.05048076923076923
1 0.3135245901639344 0.01201923076923077 0.045081967213114756 0.02403846153846154
1 0.36475409836065575 0.01201923076923077 0.05191256830601093 0.02403846153846154
1 0.46379781420765026 0.015625 0.045081967213114756 0.03125