0 0.5324427480916031 0.6293969849246231 0.06997455470737914 0.14321608040201006
0 0.44720101781170485 0.3417085427135678 0.05979643765903308 0.1457286432160804
0 0.4217557251908397 0.7185929648241206 0.058524173027989825 0.14321608040201006
0 0.3880407124681934 0.7763819095477387 0.0737913486005089 0.11809045226130653
0 0.2595419847328244 0.5615577889447236 0.06615776081424936 0.12060301507537688
0 0.37213740458015265 0.032663316582914576 0.0648854961832061 0.06532663316582915
1 0.21119592875318066 0.8052763819095478 0.054707379134860054 0.10552763819095477
1 0.31170483460559795 0.41457286432160806 0.0648854961832061 0.1306532663316583
1 0.3479643765903308 0.49748743718592964 0.054707379134860054 0.12814070351758794
1 0.6380407124681934 0.4899497487437186 0.05597964376590331 0.11557788944723618
1 0.44720101781170485 0.871859296482412 0.05597964376590331 0.1407035175879397
1 0.455470737913486 0.9484924623115578 0.058524173027989825 0.10301507537688442
1 0.45038167938931295 0.018844221105527637 0.05343511450381679 0.03768844221105527