0 0.14933993399339934 0.16339869281045752 0.07425742574257425 0.14052287581699346
0 0.09653465346534654 0.31862745098039214 0.07755775577557755 0.14705882352941177
0 0.2995049504950495 0.4852941176470588 0.09405940594059406 0.17320261437908496
0 0.4438943894389439 0.5049019607843137 0.09075907590759076 0.17647058823529413
0 0.4174917491749175 0.7761437908496732 0.08415841584158416 0.16339869281045752
0 0.48432343234323433 0.7647058823529411 0.09075907590759076 0.17973856209150327
1 0.3184818481848185 0.3333333333333333 0.10066006600660066 0.19281045751633988
1 0.05198019801980198 0.5294117647058824 0.09405940594059406 0.1568627450980392
1 0.15594059405940594 0.44607843137254904 0.0924092409240924 0.17320261437908496
1 0.3118811881188119 0.8513071895424836 0.08250825082508251 0.10784313725490197
1 0.25165016501650167 0.7630718954248366 0.08250825082508251 0.12745098039215685
1 0.6188118811881188 0.9787581699346405 0.09570957095709572 0.042483660130718956
1 0.4513201320132013 0.39215686274509803 0.07260726072607261 0.12091503267973856