0 0.49663072776280326 0.23803191489361702 0.0646900269541779 0.11170212765957446
0 0.09433962264150944 0.5079787234042553 0.0660377358490566 0.09840425531914894
0 0.10377358490566038 0.7194148936170213 0.06199460916442048 0.1196808510638298
0 0.6583557951482479 0.6156914893617021 0.05525606469002695 0.11702127659574468
0 0.626010781671159 0.7446808510638298 0.05660377358490566 0.1196808510638298
0 0.7857142857142857 0.7606382978723404 0.05660377358490566 0.09308510638297872
0 0.36455525606469 0.8058510638297872 0.0646900269541779 0.11702127659574468
1 0.660377358490566 0.34441489361702127 0.05390835579514825 0.10638297872340426
1 0.32412398921832886 0.034574468085106384 0.057951482479784364 0.06914893617021277
1 0.1280323450134771 0.22340425531914893 0.08490566037735849 0.10904255319148937
1 0.03369272237196765 0.5757978723404256 0.04851752021563342 0.1196808510638298
1 0.4474393530997305 0.6821808510638298 0.057951482479784364 0.12234042553191489
1 0.48180592991913745 0.5664893617021277 0.06199460916442048 0.15425531914893617
1 0.4925876010781671 0.35771276595744683 0.06199460916442048 0.13297872340425532
1 0.5754716981132075 0.8776595744680851 0.05929919137466307 0.14361702127659576
1 0.660377358490566 0.901595744680851 0.06199460916442048 0.1276595744680851