0 0.38247863247863245 0.5550847457627118 0.05698005698005698 0.14689265536723164
0 0.6253561253561254 0.942090395480226 0.04843304843304843 0.11581920903954802
0 0.698005698005698 0.5042372881355932 0.05413105413105413 0.14689265536723164
0 0.6339031339031339 0.10451977401129943 0.07122507122507123 0.12994350282485875
1 0.27492877492877493 0.2514124293785311 0.03276353276353276 0.11299435028248588
1 0.344017094017094 0.18361581920903955 0.0754985754985755 0.12994350282485875
1 0.6538461538461539 0.03954802259887006 0.05413105413105413 0.062146892655367235
1 0.6894586894586895 0.942090395480226 0.05128205128205128 0.11581920903954802
1 0.6103988603988604 0.5805084745762712 0.06267806267806268 0.12146892655367232
1 0.5512820512820513 0.7019774011299436 0.05128205128205128 0.12146892655367232
1 0.49715099715099714 0.748587570621469 0.06267806267806268 0.1327683615819209
1 0.3839031339031339 0.96045197740113 0.06125356125356125 0.06497175141242938