0 0.7479166666666667 0.385989010989011 0.06805555555555555 0.14560439560439561
0 0.4701388888888889 0.7115384615384616 0.05555555555555555 0.11813186813186813
0 0.4 0.48214285714285715 0.059722222222222225 0.12362637362637363
0 0.3819444444444444 0.5975274725274725 0.05416666666666667 0.11263736263736264
1 0.4888888888888889 0.9725274725274725 0.058333333333333334 0.054945054945054944
1 0.45625 0.9807692307692307 0.05694444444444444 0.038461538461538464
1 0.40069444444444446 0.9271978021978022 0.06111111111111111 0.0989010989010989
1 0.34305555555555556 0.8928571428571429 0.04722222222222222 0.06043956043956044
1 0.3527777777777778 0.8310439560439561 0.06527777777777778 0.13186813186813187
1 0.425 0.7362637362637363 0.058333333333333334 0.1043956043956044
1 0.6930555555555555 0.657967032967033 0.0763888888888889 0.14285714285714285