0 0.543918918918919 0.5154761904761904 0.0445945945945946 0.09523809523809523
0 0.4972972972972973 0.5107142857142857 0.04864864864864865 0.09285714285714286
0 0.40945945945945944 0.5190476190476191 0.060810810810810814 0.10714285714285714
0 0.5614864864864865 0.9916666666666667 0.0472972972972973 0.016666666666666666
0 0.6641891891891892 0.861904761904762 0.07027027027027027 0.09523809523809523
0 0.6804054054054054 0.8238095238095238 0.062162162162162166 0.1
1 0.3472972972972973 0.24642857142857144 0.04054054054054054 0.0761904761904762
1 0.5175675675675676 0.8547619047619047 0.06351351351351352 0.09523809523809523
1 0.7033783783783784 0.5178571428571429 0.05810810810810811 0.0880952380952381
1 0.6581081081081082 0.6642857142857143 0.051351351351351354 0.1
1 0.44797297297297295 0.8238095238095238 0.060810810810810814 0.09285714285714286
1 0.3878378378378378 0.7761904761904762 0.04594594594594595 0.08571428571428572