0 0.7142857142857143 0.17564102564102563 0.04956268221574344 0.1
0 0.7004373177842566 0.0858974358974359 0.0597667638483965 0.10512820512820513
0 0.7354227405247813 0.017948717948717947 0.04518950437317784 0.035897435897435895
0 0.5983965014577259 0.16923076923076924 0.05830903790087463 0.11282051282051282
0 0.46282798833819244 0.028205128205128206 0.0597667638483965 0.05641025641025641
0 0.4803206997084548 0.3435897435897436 0.06268221574344024 0.11025641025641025
0 0.41180758017492713 0.36666666666666664 0.04956268221574344 0.10512820512820513
0 0.36005830903790087 0.5012820512820513 0.04664723032069971 0.08205128205128205
1 0.3236151603498542 0.6794871794871795 0.03498542274052478 0.08717948717948718
1 0.40597667638483964 0.0858974358974359 0.04081632653061224 0.07948717948717948
1 0.45626822157434405 0.03076923076923077 0.052478134110787174 0.05897435897435897
1 0.5291545189504373 0.08974358974358974 0.05830903790087463 0.07179487179487179
1 0.5495626822157434 0.01282051282051282 0.052478134110787174 0.02564102564102564
1 0.6107871720116618 0.010256410256410256 0.05539358600583091 0.020512820512820513
1 0.6647230320699709 0.010256410256410256 0.061224489795918366 0.020512820512820513
1 0.7142857142857143 0.010256410256410256 0.05539358600583091 0.020512820512820513
1 0.7325072886297376 0.49615384615384617 0.04956268221574344 0.07692307692307693