0 0.32628398791540786 0.12648809523809523 0.054380664652567974 0.09226190476190477
0 0.5354984894259819 0.026785714285714284 0.06797583081570997 0.05357142857142857
0 0.6087613293051359 0.33779761904761907 0.08610271903323263 0.17559523809523808
0 0.6593655589123867 0.49107142857142855 0.08006042296072508 0.18452380952380953
0 0.311178247734139 0.8616071428571429 0.04229607250755287 0.10416666666666667
1 0.3066465256797583 0.38839285714285715 0.0770392749244713 0.14285714285714285
1 0.3338368580060423 0.2425595238095238 0.08610271903323263 0.1488095238095238
1 0.42900302114803623 0.10119047619047619 0.09063444108761329 0.14583333333333334
1 0.6193353474320241 0.29464285714285715 0.09969788519637462 0.17857142857142858
1 0.5755287009063444 0.8452380952380952 0.07854984894259819 0.13988095238095238
1 0.702416918429003 0.8616071428571429 0.07854984894259819 0.09523809523809523
1 0.5664652567975831 0.028273809523809524 0.0634441087613293 0.05654761904761905