0 0.5728155339805825 0.8096590909090909 0.07766990291262135 0.09943181818181818
0 0.6148867313915858 0.5610795454545454 0.07281553398058252 0.11931818181818182
0 0.6593851132686084 0.6420454545454546 0.07119741100323625 0.13920454545454544
0 0.7564724919093851 0.3366477272727273 0.09223300970873786 0.1278409090909091
0 0.7880258899676376 0.24289772727272727 0.0744336569579288 0.11363636363636363
0 0.8503236245954693 0.26420454545454547 0.0825242718446602 0.13068181818181818
1 0.39805825242718446 0.9545454545454546 0.05016181229773463 0.048295454545454544
1 0.7443365695792881 0.8792613636363636 0.06310679611650485 0.07954545454545454
1 0.7928802588996764 0.8167613636363636 0.06634304207119741 0.08806818181818182
1 0.8632686084142395 0.6647727272727273 0.05016181229773463 0.09943181818181818
1 0.9563106796116505 0.4772727272727273 0.06310679611650485 0.09659090909090909
1 0.5881877022653722 0.18039772727272727 0.07281553398058252 0.09090909090909091