0 0.7411032028469751 0.4078125 0.06405693950177936 0.084375
0 0.6619217081850534 0.3109375 0.05516014234875445 0.115625
0 0.24733096085409254 0.421875 0.06405693950177936 0.11875
0 0.25533807829181493 0.9109375 0.05338078291814947 0.090625
0 0.25444839857651247 0.9734375 0.07651245551601424 0.040625
0 0.541814946619217 0.7359375 0.06227758007117438 0.146875
1 0.2597864768683274 0.0375 0.05338078291814947 0.075
1 0.2402135231316726 0.5140625 0.0498220640569395 0.08125
1 0.4386120996441281 0.959375 0.060498220640569395 0.08125
1 0.5213523131672598 0.9375 0.07473309608540925 0.103125
1 0.5987544483985765 0.6421875 0.0711743772241993 0.11875
1 0.7313167259786477 0.1140625 0.05693950177935943 0.090625