0 0.2005420054200542 0.4050802139037433 0.0948509485094851 0.17914438502673796
0 0.5345528455284553 0.3342245989304813 0.0989159891598916 0.17379679144385027
0 0.8035230352303523 0.6042780748663101 0.06504065040650407 0.11497326203208556
0 0.6836043360433605 0.6096256684491979 0.08536585365853659 0.15508021390374332
0 0.6436314363143631 0.7807486631016043 0.06639566395663957 0.13101604278074866
0 0.5535230352303523 0.8155080213903744 0.06775067750677506 0.12299465240641712
0 0.3333333333333333 0.6978609625668449 0.07994579945799458 0.14705882352941177
0 0.7506775067750677 0.9171122994652406 0.07588075880758807 0.1443850267379679
1 0.5989159891598916 0.9612299465240641 0.06504065040650407 0.07754010695187166
1 0.5196476964769647 0.9117647058823529 0.07181571815718157 0.15508021390374332
1 0.40311653116531165 0.5828877005347594 0.07994579945799458 0.17379679144385027
1 0.48577235772357724 0.5748663101604278 0.06639566395663957 0.12299465240641712
1 0.5291327913279132 0.48663101604278075 0.06368563685636856 0.13368983957219252
1 0.6869918699186992 0.44786096256684493 0.07452574525745258 0.1497326203208556
1 0.4173441734417344 0.05614973262032086 0.06775067750677506 0.11229946524064172
1 0.4329268292682927 0.03609625668449198 0.07181571815718157 0.07219251336898395
1 0.05894308943089431 0.30080213903743314 0.06910569105691057 0.1443850267379679