0 0.6196319018404908 0.7862903225806451 0.05828220858895705 0.11827956989247312
0 0.5958588957055214 0.7701612903225806 0.07515337423312883 0.13709677419354838
0 0.5697852760736196 0.33198924731182794 0.0705521472392638 0.12903225806451613
0 0.6050613496932515 0.05913978494623656 0.05214723926380368 0.07258064516129033
0 0.5674846625766872 0.026881720430107527 0.049079754601226995 0.053763440860215055
0 0.5069018404907976 0.01881720430107527 0.05368098159509203 0.03763440860215054
1 0.24309815950920247 0.48655913978494625 0.0736196319018405 0.11559139784946236
1 0.37883435582822084 0.24865591397849462 0.05521472392638037 0.12634408602150538
1 0.5291411042944786 0.04032258064516129 0.06441717791411043 0.08064516129032258
1 0.35429447852760737 0.01881720430107527 0.046012269938650305 0.03763440860215054
1 0.5682515337423313 0.14112903225806453 0.06901840490797546 0.09946236559139784
1 0.6510736196319018 0.08870967741935484 0.04447852760736196 0.06182795698924731
1 0.5437116564417178 0.4650537634408602 0.06595092024539877 0.10215053763440861
1 0.5383435582822086 0.9798387096774194 0.05828220858895705 0.04032258064516129