0 0.650390625 0.27319587628865977 0.0546875 0.12628865979381443
0 0.5716145833333334 0.31056701030927836 0.049479166666666664 0.12628865979381443
0 0.66015625 0.42396907216494845 0.049479166666666664 0.13144329896907217
0 0.51171875 0.3389175257731959 0.05859375 0.13402061855670103
0 0.4186197916666667 0.6481958762886598 0.057291666666666664 0.14175257731958762
0 0.3606770833333333 0.7422680412371134 0.0546875 0.1211340206185567
0 0.5755208333333334 0.9355670103092784 0.041666666666666664 0.1056701030927835
0 0.5501302083333334 0.7847938144329897 0.055989583333333336 0.14175257731958762
0 0.6061197916666666 0.779639175257732 0.059895833333333336 0.12371134020618557
1 0.365234375 0.9381443298969072 0.06901041666666667 0.12371134020618557
1 0.3385416666666667 0.34536082474226804 0.07421875 0.13659793814432988
1 0.4231770833333333 0.30541237113402064 0.08333333333333333 0.12628865979381443
1 0.4134114583333333 0.7384020618556701 0.055989583333333336 0.14175257731958762
1 0.427734375 0.8917525773195877 0.059895833333333336 0.15979381443298968
1 0.4869791666666667 0.5322164948453608 0.06901041666666667 0.15721649484536082
1 0.6100260416666666 0.5644329896907216 0.0546875 0.10824742268041238
1 0.6588541666666666 0.7873711340206185 0.0546875 0.12628865979381443
1 0.5475260416666666 0.028350515463917526 0.05859375 0.05670103092783505
1 0.6946614583333334 0.3118556701030928 0.048177083333333336 0.13144329896907217