0 0.763840830449827 0.10616438356164383 0.06228373702422145 0.136986301369863
0 0.42301038062283736 0.05650684931506849 0.07093425605536333 0.1095890410958904
0 0.020761245674740483 0.6797945205479452 0.039792387543252594 0.1541095890410959
0 0.2681660899653979 0.7825342465753424 0.09688581314878893 0.11986301369863013
0 0.7941176470588235 0.5102739726027398 0.08823529411764706 0.1267123287671233
0 0.6323529411764706 0.2551369863013699 0.0726643598615917 0.11986301369863013
0 0.6193771626297578 0.5051369863013698 0.0986159169550173 0.11643835616438356
0 0.5294117647058824 0.6763698630136986 0.07785467128027682 0.1404109589041096
0 0.27941176470588236 0.03595890410958904 0.06228373702422145 0.06164383561643835
1 0.6634948096885813 0.7534246575342466 0.07439446366782007 0.136986301369863
1 0.2958477508650519 0.5856164383561644 0.06920415224913495 0.16095890410958905
1 0.5346020761245674 0.7876712328767124 0.06228373702422145 0.1232876712328767
1 0.40743944636678203 0.3116438356164384 0.0657439446366782 0.16095890410958905
1 0.39705882352941174 0.4657534246575342 0.0657439446366782 0.1267123287671233
1 0.5804498269896193 0.06678082191780822 0.07439446366782007 0.13356164383561644
1 0.10640138408304499 0.04280821917808219 0.0657439446366782 0.06164383561643835
1 0.2742214532871972 0.2962328767123288 0.0986159169550173 0.09931506849315068