0 0.4541139240506329 0.4125 0.07753164556962025 0.184375
0 0.4295886075949367 0.04375 0.04430379746835443 0.075
0 0.439873417721519 0.05 0.056962025316455694 0.1
0 0.48813291139240506 0.01875 0.05221518987341772 0.0375
0 0.4833860759493671 0.0265625 0.06487341772151899 0.053125
0 0.5427215189873418 0.021875 0.060126582278481014 0.04375
1 0.4161392405063291 0.134375 0.061708860759493674 0.128125
1 0.4050632911392405 0.0703125 0.060126582278481014 0.096875
1 0.5150316455696202 0.0484375 0.07436708860759493 0.096875
1 0.5450949367088608 0.0296875 0.058544303797468354 0.059375
1 0.6170886075949367 0.0203125 0.04746835443037975 0.040625
1 0.6368670886075949 0.01875 0.023734177215189875 0.0375