0 0.35847457627118645 0.46726190476190477 0.061016949152542375 0.11904761904761904
0 0.31186440677966104 0.5282738095238095 0.0711864406779661 0.125
0 0.24915254237288137 0.09970238095238096 0.06440677966101695 0.13392857142857142
0 0.17966101694915254 0.18303571428571427 0.07288135593220339 0.13095238095238096
0 0.05 0.8020833333333334 0.06440677966101695 0.11607142857142858
0 0.02457627118644068 0.7202380952380952 0.03898305084745763 0.1130952380952381
0 0.3169491525423729 0.7589285714285714 0.07288135593220339 0.12202380952380952
0 0.5050847457627119 0.9360119047619048 0.08135593220338982 0.09523809523809523
0 0.561864406779661 0.9434523809523809 0.0576271186440678 0.10714285714285714
1 0.735593220338983 0.9032738095238095 0.05423728813559322 0.10119047619047619
1 0.4398305084745763 0.6964285714285714 0.08644067796610169 0.07738095238095238
1 0.45847457627118643 0.16220238095238096 0.04406779661016949 0.125
1 0.21694915254237288 0.4211309523809524 0.06949152542372881 0.0625
1 0.08559322033898305 0.43452380952380953 0.05423728813559322 0.11904761904761904
1 0.1059322033898305 0.5491071428571429 0.08644067796610169 0.0744047619047619
1 0.18728813559322033 0.6160714285714286 0.08813559322033898 0.08630952380952381
1 0.13305084745762713 0.8005952380952381 0.0576271186440678 0.08630952380952381