0 0.46506211180124224 0.3825136612021858 0.07763975155279502 0.1284153005464481
0 0.4697204968944099 0.48633879781420764 0.07919254658385093 0.13114754098360656
0 0.20652173913043478 0.4713114754098361 0.04192546583850932 0.11202185792349727
0 0.19254658385093168 0.5396174863387978 0.052795031055900624 0.1366120218579235
0 0.5636645962732919 0.5218579234972678 0.07608695652173914 0.15300546448087432
1 0.3004658385093168 0.1762295081967213 0.07298136645962733 0.1284153005464481
1 0.28726708074534163 0.35655737704918034 0.06366459627329192 0.1366120218579235
1 0.25 0.5341530054644809 0.06366459627329192 0.1092896174863388
1 0.391304347826087 0.9467213114754098 0.04192546583850932 0.05191256830601093
1 0.484472049689441 0.8019125683060109 0.06366459627329192 0.1092896174863388
1 0.43478260869565216 0.7363387978142076 0.06832298136645963 0.1092896174863388
1 0.7290372670807453 0.33879781420765026 0.055900621118012424 0.10109289617486339