0 0.392515923566879 0.6839622641509434 0.06210191082802548 0.1509433962264151
0 0.3765923566878981 0.49056603773584906 0.07006369426751592 0.13836477987421383
0 0.553343949044586 0.025157232704402517 0.06210191082802548 0.050314465408805034
0 0.5254777070063694 0.6147798742138365 0.07006369426751592 0.14465408805031446
1 0.6536624203821656 0.16981132075471697 0.07643312101910828 0.16981132075471697
1 0.49044585987261147 0.6981132075471698 0.06847133757961783 0.1509433962264151
1 0.6624203821656051 0.789308176100629 0.0732484076433121 0.15723270440251572
1 0.49044585987261147 0.9182389937106918 0.06528662420382166 0.1320754716981132
1 0.5143312101910829 0.9685534591194969 0.06687898089171974 0.06289308176100629
1 0.5788216560509554 0.9009433962264151 0.07802547770700637 0.1540880503144654
1 0.6480891719745223 0.8694968553459119 0.06847133757961783 0.11949685534591195
1 0.803343949044586 0.7059748427672956 0.06847133757961783 0.1320754716981132