0 0.03892733564013841 0.21746575342465754 0.04844290657439446 0.11986301369863013
0 0.02249134948096886 0.3578767123287671 0.04498269896193772 0.1267123287671233
0 0.18079584775086505 0.3116438356164384 0.08304498269896193 0.136986301369863
0 0.1842560553633218 0.1678082191780822 0.09688581314878893 0.1678082191780822
0 0.5207612456747405 0.476027397260274 0.09688581314878893 0.1815068493150685
0 0.6885813148788927 0.976027397260274 0.11764705882352941 0.04794520547945205
0 0.8209342560553633 0.3321917808219178 0.09169550173010381 0.1506849315068493
0 0.2292387543252595 0.7928082191780822 0.0986159169550173 0.16095890410958905
0 0.5069204152249135 0.3527397260273973 0.08823529411764706 0.11986301369863013
0 0.5242214532871973 0.02910958904109589 0.05190311418685121 0.05821917808219178
1 0.04238754325259515 0.7123287671232876 0.08304498269896193 0.08561643835616438
1 0.1254325259515571 0.541095890410959 0.10034602076124567 0.1678082191780822
1 0.18598615916955016 0.7106164383561644 0.10899653979238755 0.1541095890410959
1 0.44896193771626297 0.708904109589041 0.11591695501730104 0.2089041095890411
1 0.41695501730103807 0.9383561643835616 0.07958477508650519 0.10616438356164383
1 0.8685121107266436 0.7363013698630136 0.11764705882352941 0.15753424657534246
1 0.3685121107266436 0.1558219178082192 0.09688581314878893 0.1506849315068493
1 0.5337370242214533 0.08904109589041095 0.09342560553633218 0.13013698630136986
1 0.6721453287197232 0.1232876712328767 0.07785467128027682 0.11301369863013698
1 0.33391003460207613 0.5376712328767124 0.11418685121107267 0.1541095890410959