0 0.37037037037037035 0.09437086092715231 0.06228956228956229 0.09602649006622517
0 0.4292929292929293 0.26986754966887416 0.07912457912457913 0.16225165562913907
0 0.2996632996632997 0.6903973509933775 0.0707070707070707 0.1456953642384106
0 0.43434343434343436 0.5529801324503312 0.06734006734006734 0.1490066225165563
0 0.5412457912457912 0.3890728476821192 0.08922558922558922 0.18874172185430463
0 0.6978114478114478 0.19039735099337748 0.05387205387205387 0.152317880794702
0 0.6515151515151515 0.08940397350993377 0.08417508417508418 0.17880794701986755
0 0.5202020202020202 0.018211920529801324 0.06397306397306397 0.03642384105960265
0 0.563973063973064 0.016556291390728478 0.06060606060606061 0.033112582781456956
1 0.32323232323232326 0.9188741721854304 0.05387205387205387 0.1390728476821192
1 0.5033670033670034 0.7897350993377483 0.07912457912457913 0.17218543046357615
1 0.4048821548821549 0.8443708609271523 0.08249158249158249 0.15562913907284767
1 0.34764309764309764 0.1076158940397351 0.06734006734006734 0.09933774834437085
1 0.4898989898989899 0.054635761589403975 0.08080808080808081 0.10927152317880795
1 0.7575757575757576 0.5562913907284768 0.06060606060606061 0.152317880794702
1 0.6127946127946128 0.026490066225165563 0.06734006734006734 0.052980132450331126
1 0.4772727272727273 0.03642384105960265 0.06902356902356903 0.0728476821192053
1 0.648989898989899 0.023178807947019868 0.04208754208754209 0.046357615894039736
1 0.30723905723905726 0.6208609271523179 0.0723905723905724 0.1390728476821192