0 0.6233333333333333 0.06907894736842106 0.051666666666666666 0.08223684210526316
0 0.5691666666666667 0.05263157894736842 0.06666666666666667 0.09210526315789473
0 0.5225 0.03618421052631579 0.07166666666666667 0.07236842105263158
0 0.5183333333333333 0.03125 0.06666666666666667 0.0625
0 0.44583333333333336 0.024671052631578948 0.075 0.049342105263157895
0 0.30833333333333335 0.018092105263157895 0.04 0.03618421052631579
0 0.6133333333333333 0.6677631578947368 0.07 0.14144736842105263
0 0.64 0.5361842105263158 0.065 0.13157894736842105
0 0.5016666666666667 0.4654605263157895 0.07 0.14802631578947367
1 0.25666666666666665 0.6447368421052632 0.065 0.16447368421052633
1 0.5525 0.3881578947368421 0.056666666666666664 0.13157894736842105
1 0.43166666666666664 0.1069078947368421 0.06833333333333333 0.15789473684210525
1 0.6116666666666667 0.20065789473684212 0.06166666666666667 0.11513157894736842
1 0.6266666666666667 0.10197368421052631 0.07 0.14144736842105263
1 0.5425 0.12006578947368421 0.08666666666666667 0.14144736842105263
1 0.4708333333333333 0.046052631578947366 0.07166666666666667 0.09210526315789473
1 0.35083333333333333 0.019736842105263157 0.06166666666666667 0.039473684210526314
1 0.2991666666666667 0.04111842105263158 0.03833333333333333 0.08223684210526316
1 0.38916666666666666 0.018092105263157895 0.058333333333333334 0.03618421052631579