0 0.5541310541310541 0.5625 0.06837606837606838 0.1325
0 0.6239316239316239 0.61875 0.06837606837606838 0.12
0 0.75997150997151 0.515 0.07264957264957266 0.1225
0 0.7898860398860399 0.5725 0.06695156695156695 0.1075
0 0.5235042735042735 0.61875 0.07407407407407407 0.13
0 0.43304843304843305 0.63875 0.0754985754985755 0.1325
1 0.6502849002849003 0.2575 0.0754985754985755 0.1275
1 0.5933048433048433 0.82625 0.06695156695156695 0.115
1 0.5377492877492878 0.87 0.06267806267806268 0.1125
1 0.2799145299145299 0.53375 0.0584045584045584 0.1025
1 0.6787749287749287 0.3975 0.0641025641025641 0.125