0 0.5310773480662984 0.030054644808743168 0.04834254143646409 0.060109289617486336
0 0.6029005524861878 0.05327868852459016 0.04143646408839779 0.0546448087431694
0 0.7665745856353591 0.1325136612021858 0.05386740331491713 0.06830601092896176
0 0.6857734806629834 0.27459016393442626 0.06629834254143646 0.1448087431693989
0 0.5490331491712708 0.5150273224043715 0.07458563535911603 0.13114754098360656
0 0.48964088397790057 0.4412568306010929 0.058011049723756904 0.12568306010928962
0 0.5973756906077348 0.08879781420765027 0.06353591160220995 0.13114754098360656
0 0.7120165745856354 0.796448087431694 0.03729281767955801 0.11748633879781421
1 0.4882596685082873 0.3128415300546448 0.06629834254143646 0.12568306010928962
1 0.5158839779005525 0.16666666666666666 0.06629834254143646 0.1448087431693989
1 0.6284530386740331 0.07650273224043716 0.0649171270718232 0.08469945355191257
1 0.699585635359116 0.11202185792349727 0.058011049723756904 0.08743169398907104
1 0.7817679558011049 0.17349726775956284 0.04281767955801105 0.12295081967213115
1 0.755524861878453 0.44672131147540983 0.034530386740331494 0.13934426229508196
1 0.7002762430939227 0.5040983606557377 0.06767955801104972 0.15300546448087432
1 0.6346685082872928 0.1762295081967213 0.06906077348066299 0.13934426229508196