0 0.5759493670886076 0.95625 0.04556962025316456 0.065
0 0.5 0.95 0.060759493670886074 0.1
0 0.4272151898734177 0.80375 0.05949367088607595 0.145
0 0.33354430379746836 0.46875 0.07215189873417721 0.13
0 0.47341772151898737 0.61 0.07215189873417721 0.125
0 0.4835443037974684 0.50875 0.06582278481012659 0.1325
0 0.55 0.18375 0.06582278481012659 0.1275
0 0.5360759493670886 0.01625 0.05189873417721519 0.0325
1 0.6436708860759494 0.70125 0.05569620253164557 0.1125
1 0.6088607594936709 0.75 0.05569620253164557 0.135
1 0.5993670886075949 0.59875 0.05822784810126582 0.135
1 0.38354430379746834 0.8475 0.07215189873417721 0.11
1 0.5556962025316455 0.055 0.06455696202531645 0.11
1 0.5841772151898734 0.01875 0.049367088607594936 0.0375
1 0.6316455696202532 0.04875 0.05443037974683544 0.095