0 0.5904825737265416 0.03439153439153439 0.06032171581769437 0.06613756613756613
0 0.5254691689008043 0.04894179894179894 0.049597855227882036 0.09788359788359788
0 0.435656836461126 0.06349206349206349 0.05093833780160858 0.12698412698412698
0 0.3800268096514745 0.18783068783068782 0.05093833780160858 0.10582010582010581
0 0.42292225201072386 0.023809523809523808 0.04691689008042895 0.047619047619047616
0 0.32439678284182305 0.6071428571428571 0.04825737265415549 0.1402116402116402
0 0.38136729222520105 0.9497354497354498 0.05361930294906166 0.09523809523809523
1 0.5663538873994638 0.7235449735449735 0.036193029490616625 0.15608465608465608
1 0.7117962466487936 0.8346560846560847 0.04155495978552279 0.10052910052910052
1 0.6105898123324397 0.14417989417989419 0.04691689008042895 0.11375661375661375
1 0.5067024128686327 0.3915343915343915 0.058981233243967826 0.10846560846560846
1 0.4517426273458445 0.41798941798941797 0.05630026809651475 0.08994708994708994
1 0.396112600536193 0.5396825396825397 0.06836461126005362 0.1111111111111111
1 0.3297587131367292 0.18915343915343916 0.054959785522788206 0.1111111111111111
1 0.3351206434316354 0.026455026455026454 0.05630026809651475 0.05291005291005291