0 0.6923631123919308 0.5177664974619289 0.04755043227665706 0.09390862944162437
0 0.659942363112392 0.45685279187817257 0.05187319884726225 0.1116751269035533
0 0.40129682997118155 0.8439086294416244 0.06484149855907781 0.12944162436548223
0 0.29322766570605185 0.3299492385786802 0.06772334293948126 0.12436548223350254
0 0.26512968299711814 0.14974619289340102 0.06340057636887608 0.1116751269035533
0 0.5165706051873199 0.23477157360406092 0.069164265129683 0.11928934010152284
0 0.38976945244956773 0.05964467005076142 0.05043227665706052 0.06345177664974619
0 0.3047550432276657 0.10025380710659898 0.05475504322766571 0.06091370558375635
1 0.707492795389049 0.8058375634517766 0.04899135446685879 0.07614213197969544
1 0.5309798270893372 0.4593908629441624 0.053314121037463975 0.13451776649746192
1 0.2831412103746398 0.6281725888324873 0.069164265129683 0.1065989847715736
1 0.3090778097982709 0.09771573604060914 0.06195965417867435 0.06091370558375635
1 0.2413544668587896 0.12944162436548223 0.053314121037463975 0.050761421319796954
1 0.3695965417867435 0.07741116751269035 0.056195965417867436 0.08121827411167512
1 0.43804034582132567 0.09390862944162437 0.05763688760806916 0.09390862944162437
1 0.4762247838616715 0.015228426395939087 0.053314121037463975 0.030456852791878174
1 0.21181556195965417 0.19923857868020303 0.06340057636887608 0.08629441624365482