0 0.8900273224043715 0.783816425120773 0.06693989071038252 0.09420289855072464
0 0.7404371584699454 0.4830917874396135 0.04644808743169399 0.0748792270531401
0 0.6407103825136612 0.3828502415458937 0.0546448087431694 0.06521739130434782
0 0.5580601092896175 0.4359903381642512 0.0546448087431694 0.07729468599033816
0 0.4883879781420765 0.40942028985507245 0.0778688524590164 0.10144927536231885
0 0.7281420765027322 0.785024154589372 0.07513661202185792 0.09420289855072464
0 0.18101092896174864 0.47342995169082125 0.04234972677595628 0.10144927536231885
0 0.17349726775956284 0.5833333333333334 0.06420765027322405 0.10144927536231885
0 0.11748633879781421 0.5555555555555556 0.05191256830601093 0.07971014492753623
1 0.47540983606557374 0.7101449275362319 0.07650273224043716 0.0748792270531401
1 0.5853825136612022 0.572463768115942 0.060109289617486336 0.06763285024154589
1 0.3531420765027322 0.6835748792270532 0.06420765027322405 0.07729468599033816
1 0.06284153005464481 0.8659420289855072 0.06284153005464481 0.0748792270531401
1 0.19398907103825136 0.3115942028985507 0.06284153005464481 0.07729468599033816
1 0.3551912568306011 0.4359903381642512 0.04371584699453552 0.09178743961352658
1 0.8183060109289617 0.7294685990338164 0.06830601092896176 0.07004830917874397
1 0.8442622950819673 0.47342995169082125 0.06557377049180328 0.08695652173913043
1 0.5040983606557377 0.8973429951690821 0.04918032786885246 0.11835748792270531