0 0.4661602209944751 0.025735294117647058 0.052486187845303865 0.051470588235294115
0 0.5310773480662984 0.023284313725490197 0.062154696132596686 0.04656862745098039
0 0.6823204419889503 0.07107843137254902 0.049723756906077346 0.10294117647058823
0 0.6850828729281768 0.9693627450980392 0.05110497237569061 0.031862745098039214
0 0.6160220994475138 0.9203431372549019 0.04696132596685083 0.10049019607843138
0 0.5697513812154696 0.9473039215686274 0.055248618784530384 0.09313725490196079
0 0.5013812154696132 0.9656862745098039 0.04143646408839779 0.06862745098039216
1 0.5276243093922652 0.6776960784313726 0.06077348066298342 0.0857843137254902
1 0.46408839779005523 0.7316176470588235 0.04419889502762431 0.10294117647058823
1 0.6581491712707183 0.696078431372549 0.058011049723756904 0.09803921568627451
1 0.6574585635359116 0.44485294117647056 0.058011049723756904 0.11029411764705882
1 0.6029005524861878 0.0784313725490196 0.058011049723756904 0.13725490196078433
1 0.5227900552486188 0.012254901960784314 0.05939226519337017 0.024509803921568627
1 0.31077348066298344 0.18995098039215685 0.049723756906077346 0.0857843137254902