0 0.4112595419847328 0.4090909090909091 0.07633587786259542 0.15734265734265734
0 0.5267175572519084 0.05419580419580419 0.07633587786259542 0.10839160839160839
0 0.3349236641221374 0.10139860139860139 0.07061068702290077 0.0944055944055944
0 0.2748091603053435 0.13111888111888112 0.06679389312977099 0.09090909090909091
0 0.26717557251908397 0.13286713286713286 0.06870229007633588 0.08741258741258741
0 0.20419847328244276 0.3146853146853147 0.05343511450381679 0.15384615384615385
0 0.5066793893129771 0.015734265734265736 0.07061068702290077 0.03146853146853147
1 0.45896946564885494 0.8986013986013986 0.07251908396946564 0.14685314685314685
1 0.5276717557251909 0.4125874125874126 0.07824427480916031 0.15734265734265734
1 0.22041984732824427 0.3723776223776224 0.0648854961832061 0.14335664335664336
1 0.1784351145038168 0.1660839160839161 0.03244274809160305 0.04895104895104895
1 0.366412213740458 0.08216783216783216 0.06297709923664122 0.08741258741258741
1 0.5133587786259542 0.03146853146853147 0.05725190839694656 0.06293706293706294