0 0.25274725274725274 0.37012987012987014 0.0641025641025641 0.1396103896103896
0 0.4258241758241758 0.25811688311688313 0.07142857142857142 0.12987012987012986
0 0.32875457875457875 0.6964285714285714 0.06776556776556776 0.16883116883116883
0 0.5906593406593407 0.9724025974025974 0.08241758241758242 0.05519480519480519
0 0.46794871794871795 0.14285714285714285 0.056776556776556776 0.1525974025974026
0 0.4945054945054945 0.017857142857142856 0.07326007326007326 0.03571428571428571
0 0.4734432234432234 0.012987012987012988 0.056776556776556776 0.025974025974025976
1 0.31776556776556775 0.00974025974025974 0.04945054945054945 0.01948051948051948
1 0.6593406593406593 0.045454545454545456 0.05860805860805861 0.04220779220779221
1 0.6007326007326007 0.43506493506493504 0.07142857142857142 0.1525974025974026
1 0.6446886446886447 0.5016233766233766 0.09157509157509157 0.11038961038961038
1 0.5512820512820513 0.7126623376623377 0.07142857142857142 0.2012987012987013
1 0.3965201465201465 0.6542207792207793 0.07875457875457875 0.12012987012987013
1 0.25 0.7516233766233766 0.07509157509157509 0.10714285714285714