0 0.45254237288135596 0.058734939759036146 0.07796610169491526 0.11746987951807229
0 0.39322033898305087 0.4578313253012048 0.0711864406779661 0.13253012048192772
0 0.4728813559322034 0.6024096385542169 0.08644067796610169 0.1566265060240964
0 0.7330508474576272 0.4623493975903614 0.07796610169491526 0.14457831325301204
0 0.6406779661016949 0.08433734939759036 0.05423728813559322 0.07228915662650602
0 0.747457627118644 0.16415662650602408 0.04915254237288136 0.07228915662650602
0 0.6127118644067797 0.06325301204819277 0.05084745762711865 0.06626506024096386
1 0.6271186440677966 0.09337349397590361 0.06610169491525424 0.10542168674698796
1 0.45847457627118643 0.018072289156626505 0.04915254237288136 0.03614457831325301
1 0.5932203389830508 0.5105421686746988 0.07457627118644068 0.1536144578313253
1 0.6830508474576271 0.7259036144578314 0.09661016949152543 0.1716867469879518
1 0.7728813559322034 0.18373493975903615 0.0576271186440678 0.08132530120481928
1 0.7127118644067797 0.14759036144578314 0.0711864406779661 0.09939759036144578
1 0.5796610169491525 0.046686746987951805 0.04745762711864407 0.07530120481927711
1 0.2788135593220339 0.5813253012048193 0.06271186440677966 0.12349397590361445