0 0.5029154518950437 0.9055851063829787 0.04956268221574344 0.09574468085106383
0 0.36151603498542273 0.6928191489361702 0.05393586005830904 0.10372340425531915
0 0.29081632653061223 0.699468085106383 0.06705539358600583 0.125
0 0.45043731778425655 0.5319148936170213 0.0597667638483965 0.10638297872340426
0 0.6319241982507289 0.5172872340425532 0.0597667638483965 0.11170212765957446
0 0.6326530612244898 0.5757978723404256 0.05102040816326531 0.09308510638297872
0 0.6137026239067055 0.7952127659574468 0.056851311953352766 0.10638297872340426
1 0.39212827988338195 0.9840425531914894 0.04664723032069971 0.031914893617021274
1 0.45991253644314867 0.961436170212766 0.0597667638483965 0.07712765957446809
1 0.4067055393586006 0.5930851063829787 0.056851311953352766 0.10904255319148937
1 0.532798833819242 0.8125 0.06851311953352769 0.13297872340425532
1 0.5102040816326531 0.538563829787234 0.05539358600583091 0.11436170212765957
1 0.5451895043731778 0.28058510638297873 0.05102040816326531 0.08776595744680851
1 0.706997084548105 0.8497340425531915 0.052478134110787174 0.08776595744680851