0 0.3495639534883721 0.7954545454545454 0.06976744186046512 0.1443850267379679
0 0.5741279069767442 0.7165775401069518 0.055232558139534885 0.11229946524064172
0 0.5472383720930233 0.5868983957219251 0.07412790697674419 0.14705882352941177
0 0.407703488372093 0.13903743315508021 0.07412790697674419 0.1443850267379679
0 0.5770348837209303 0.10026737967914438 0.0625 0.13903743315508021
0 0.5704941860465116 0.03877005347593583 0.04796511627906977 0.07754010695187166
0 0.5232558139534884 0.022727272727272728 0.061046511627906974 0.045454545454545456
1 0.559593023255814 0.9438502673796791 0.061046511627906974 0.11229946524064172
1 0.6293604651162791 0.356951871657754 0.07267441860465117 0.1497326203208556
1 0.2747093023255814 0.3582887700534759 0.08430232558139535 0.1657754010695187
1 0.4498546511627907 0.017379679144385027 0.04796511627906977 0.034759358288770054
1 0.6947674418604651 0.1483957219251337 0.04941860465116279 0.08021390374331551