0 0.36276223776223776 0.0673076923076923 0.07517482517482517 0.08974358974358974
0 0.5655594405594405 0.02564102564102564 0.05419580419580419 0.05128205128205128
0 0.5428321678321678 0.1875 0.057692307692307696 0.1346153846153846
0 0.6136363636363636 0.296474358974359 0.07517482517482517 0.14423076923076922
0 0.4318181818181818 0.41025641025641024 0.06993006993006994 0.1794871794871795
0 0.375 0.4198717948717949 0.08566433566433566 0.16346153846153846
1 0.2062937062937063 0.09134615384615384 0.02972027972027972 0.04807692307692308
1 0.2298951048951049 0.38782051282051283 0.04020979020979021 0.17307692307692307
1 0.2631118881118881 0.7564102564102564 0.04895104895104895 0.18269230769230768
1 0.541083916083916 0.8125 0.07342657342657342 0.14423076923076922
1 0.5646853146853147 0.5881410256410257 0.07342657342657342 0.15384615384615385
1 0.6206293706293706 0.019230769230769232 0.055944055944055944 0.038461538461538464
1 0.6573426573426573 0.017628205128205128 0.03496503496503497 0.035256410256410256
1 0.5314685314685315 0.9391025641025641 0.08041958041958042 0.12179487179487179