0 0.4324817518248175 0.19333333333333333 0.060218978102189784 0.14
0 0.229014598540146 0.815 0.06569343065693431 0.13666666666666666
0 0.2728102189781022 0.8783333333333333 0.05291970802919708 0.12333333333333334
0 0.33211678832116787 0.8733333333333333 0.072992700729927 0.13666666666666666
0 0.479014598540146 0.6533333333333333 0.07116788321167883 0.13333333333333333
0 0.6268248175182481 0.5616666666666666 0.07846715328467153 0.14666666666666667
0 0.6779197080291971 0.6183333333333333 0.06204379562043796 0.14
1 0.29744525547445255 0.44333333333333336 0.07664233576642336 0.13
1 0.27007299270072993 0.09833333333333333 0.02737226277372263 0.11
1 0.22262773722627738 0.8716666666666667 0.05656934306569343 0.10666666666666667
1 0.5885036496350365 0.9833333333333333 0.060218978102189784 0.03333333333333333
1 0.6377737226277372 0.9866666666666667 0.060218978102189784 0.02666666666666667