0 0.6989164086687306 0.7937853107344632 0.05727554179566564 0.11299435028248588
0 0.6207430340557275 0.4364406779661017 0.06191950464396285 0.13559322033898305
0 0.6006191950464397 0.635593220338983 0.058823529411764705 0.12146892655367232
0 0.32507739938080493 0.6751412429378532 0.05417956656346749 0.11016949152542373
0 0.27631578947368424 0.5635593220338984 0.07430340557275542 0.1440677966101695
0 0.20278637770897834 0.17796610169491525 0.05417956656346749 0.1384180790960452
0 0.20975232198142416 0.12994350282485875 0.06037151702786378 0.07627118644067797
0 0.5 0.02401129943502825 0.05572755417956656 0.0480225988700565
0 0.5510835913312694 0.01694915254237288 0.058823529411764705 0.03389830508474576
1 0.3877708978328173 0.9915254237288136 0.05417956656346749 0.01694915254237288
1 0.2886996904024768 0.8813559322033898 0.05417956656346749 0.08192090395480225
1 0.651702786377709 0.8022598870056498 0.06346749226006192 0.11016949152542373
1 0.576625386996904 0.2556497175141243 0.07430340557275542 0.1327683615819209
1 0.6687306501547987 0.01694915254237288 0.05263157894736842 0.03389830508474576
1 0.3715170278637771 0.0635593220338983 0.03869969040247678 0.059322033898305086
1 0.3397832817337461 0.08050847457627118 0.05263157894736842 0.07344632768361582
1 0.31965944272445823 0.08192090395480225 0.06037151702786378 0.06497175141242938