0 0.2422360248447205 0.6357142857142857 0.09472049689440994 0.1657142857142857
0 0.2484472049689441 0.9771428571428571 0.07763975155279502 0.045714285714285714
0 0.45419254658385094 0.73 0.07298136645962733 0.12285714285714286
0 0.5333850931677019 0.7614285714285715 0.08385093167701864 0.15142857142857144
0 0.4782608695652174 0.4657142857142857 0.09627329192546584 0.15714285714285714
0 0.45108695652173914 0.38571428571428573 0.09316770186335403 0.17142857142857143
0 0.7220496894409938 0.07714285714285714 0.07919254658385093 0.1457142857142857
1 0.042701863354037264 0.5142857142857142 0.08540372670807453 0.15428571428571428
1 0.3361801242236025 0.1442857142857143 0.09316770186335403 0.1457142857142857
1 0.5139751552795031 0.06142857142857143 0.09627329192546584 0.12285714285714286
1 0.6909937888198758 0.3842857142857143 0.08229813664596274 0.14857142857142858
1 0.6187888198757764 0.5385714285714286 0.08540372670807453 0.15142857142857144
1 0.38198757763975155 0.9571428571428572 0.07763975155279502 0.08571428571428572
1 0.7445652173913043 0.29285714285714287 0.09627329192546584 0.17142857142857143