0 0.634417808219178 0.5314465408805031 0.07876712328767123 0.14150943396226415
0 0.6335616438356164 0.4229559748427673 0.07876712328767123 0.14779874213836477
0 0.2842465753424658 0.4119496855345912 0.08904109589041095 0.16666666666666666
0 0.2842465753424658 0.559748427672956 0.0839041095890411 0.15723270440251572
0 0.285958904109589 0.20440251572327045 0.06678082191780822 0.11006289308176101
0 0.3758561643835616 0.08176100628930817 0.06506849315068493 0.10377358490566038
0 0.2654109589041096 0.2610062893081761 0.0821917808219178 0.1509433962264151
1 0.2662671232876712 0.6588050314465409 0.08732876712328767 0.16352201257861634
1 0.16866438356164384 0.35062893081761004 0.07363013698630137 0.11949685534591195
1 0.19006849315068494 0.3191823899371069 0.06678082191780822 0.1069182389937107
1 0.2482876712328767 0.2531446540880503 0.06335616438356165 0.11006289308176101
1 0.4058219178082192 0.2893081761006289 0.09075342465753425 0.16666666666666666
1 0.4571917808219178 0.7547169811320755 0.0839041095890411 0.1509433962264151
1 0.6095890410958904 0.8946540880503144 0.09246575342465753 0.16981132075471697
1 0.521404109589041 0.13364779874213836 0.08732876712328767 0.16352201257861634