0 0.5378989361702128 0.012971698113207548 0.041223404255319146 0.025943396226415096
0 0.5545212765957447 0.04009433962264151 0.04920212765957447 0.06367924528301887
0 0.598404255319149 0.6933962264150944 0.041223404255319146 0.09198113207547169
0 0.644281914893617 0.6910377358490566 0.0425531914893617 0.09669811320754718
0 0.35970744680851063 0.44457547169811323 0.047872340425531915 0.09905660377358491
0 0.4933510638297872 0.031839622641509434 0.05053191489361702 0.06367924528301887
0 0.31117021276595747 0.7971698113207547 0.05319148936170213 0.13443396226415094
1 0.7074468085106383 0.8832547169811321 0.03324468085106383 0.08490566037735849
1 0.5718085106382979 0.42806603773584906 0.03590425531914894 0.09433962264150944
1 0.5638297872340425 0.2417452830188679 0.04920212765957447 0.09433962264150944
1 0.5159574468085106 0.32193396226415094 0.05053191489361702 0.08962264150943396
1 0.4228723404255319 0.036556603773584904 0.031914893617021274 0.06132075471698113
1 0.45478723404255317 0.2346698113207547 0.04521276595744681 0.11320754716981132
1 0.29521276595744683 0.42924528301886794 0.06648936170212766 0.08962264150943396