0 0.7781593406593407 0.5315533980582524 0.059065934065934064 0.11407766990291263
0 0.7685439560439561 0.6419902912621359 0.061813186813186816 0.10436893203883495
0 0.4539835164835165 0.2609223300970874 0.07142857142857142 0.11650485436893204
0 0.12843406593406592 0.4368932038834951 0.09752747252747253 0.13349514563106796
0 0.18337912087912087 0.6237864077669902 0.0673076923076923 0.11407766990291263
0 0.23008241758241757 0.6407766990291263 0.08516483516483517 0.13349514563106796
0 0.7156593406593407 0.9769417475728155 0.07417582417582418 0.04611650485436893
0 0.7348901098901099 0.9150485436893204 0.08241758241758242 0.1262135922330097
1 0.657967032967033 0.4575242718446602 0.0673076923076923 0.11893203883495146
1 0.5872252747252747 0.404126213592233 0.059065934065934064 0.09951456310679611
1 0.15521978021978022 0.2099514563106796 0.07967032967032966 0.1407766990291262
1 0.04326923076923077 0.4344660194174757 0.0782967032967033 0.1529126213592233
1 0.41346153846153844 0.8216019417475728 0.08516483516483517 0.14320388349514562
1 0.5721153846153846 0.9162621359223301 0.09752747252747253 0.1529126213592233
1 0.6998626373626373 0.6529126213592233 0.08928571428571429 0.14320388349514562
1 0.6236263736263736 0.5521844660194175 0.0782967032967033 0.15048543689320387