0 0.17269736842105263 0.6867469879518072 0.09210526315789473 0.16265060240963855
0 0.20230263157894737 0.9156626506024096 0.08223684210526316 0.13855421686746988
0 0.45148026315789475 0.7620481927710844 0.08223684210526316 0.15060240963855423
0 0.39473684210526316 0.06927710843373494 0.07894736842105263 0.12048192771084337
0 0.6381578947368421 0.030120481927710843 0.07236842105263158 0.060240963855421686
0 0.8026315789473685 0.16265060240963855 0.06414473684210527 0.11746987951807229
0 0.7886513157894737 0.2213855421686747 0.06414473684210527 0.1144578313253012
1 0.011513157894736841 0.6596385542168675 0.023026315789473683 0.10240963855421686
1 0.3149671052631579 0.911144578313253 0.08717105263157894 0.14156626506024098
1 0.4342105263157895 0.9774096385542169 0.05921052631578947 0.045180722891566265
1 0.6776315789473685 0.5225903614457831 0.06907894736842106 0.12650602409638553
1 0.75 0.03162650602409638 0.08881578947368421 0.06325301204819277
1 0.8083881578947368 0.02710843373493976 0.047697368421052634 0.05421686746987952
1 0.6217105263157895 0.03313253012048193 0.06907894736842106 0.06626506024096386