0 0.39473684210526316 0.062146892655367235 0.043343653250773995 0.06779661016949153
0 0.369969040247678 0.07203389830508475 0.04179566563467492 0.05649717514124294
0 0.34674922600619196 0.09180790960451977 0.047987616099071206 0.06779661016949153
0 0.2515479876160991 0.617231638418079 0.05417956656346749 0.1271186440677966
0 0.30340557275541796 0.5268361581920904 0.058823529411764705 0.11016949152542373
0 0.3219814241486068 0.192090395480226 0.06346749226006192 0.10451977401129943
0 0.4326625386996904 0.5466101694915254 0.07120743034055728 0.12146892655367232
0 0.4535603715170279 0.1426553672316384 0.07739938080495357 0.1271186440677966
0 0.5626934984520123 0.2598870056497175 0.06037151702786378 0.10451977401129943
0 0.5812693498452013 0.3375706214689266 0.0696594427244582 0.11299435028248588
1 0.5325077399380805 0.015536723163841809 0.03715170278637771 0.031073446327683617
1 0.5185758513931888 0.014124293785310734 0.043343653250773995 0.02824858757062147
1 0.21207430340557276 0.1765536723163842 0.03560371517027864 0.059322033898305086
1 0.228328173374613 0.1694915254237288 0.04489164086687306 0.07062146892655367
1 0.1996904024767802 0.24152542372881355 0.05417956656346749 0.1016949152542373
1 0.2647058823529412 0.18361581920903955 0.058823529411764705 0.10451977401129943
1 0.37074303405572756 0.5508474576271186 0.06346749226006192 0.12994350282485875
1 0.3939628482972136 0.211864406779661 0.06346749226006192 0.11299435028248588
1 0.4806501547987616 0.4632768361581921 0.05263157894736842 0.10451977401129943
1 0.6052631578947368 0.6186440677966102 0.06037151702786378 0.10734463276836158