0 0.43566775244299677 0.6040462427745664 0.08143322475570032 0.14739884393063585
0 0.44218241042345274 0.3063583815028902 0.06514657980456026 0.1329479768786127
0 0.4210097719869707 0.05057803468208093 0.07003257328990228 0.10115606936416185
0 0.6091205211726385 0.15028901734104047 0.06840390879478828 0.14739884393063585
0 0.7817589576547231 0.14739884393063585 0.07003257328990228 0.08670520231213873
0 0.5496742671009772 0.9667630057803468 0.06351791530944625 0.06647398843930635
1 0.31677524429967424 0.8005780346820809 0.06514657980456026 0.12138728323699421
1 0.36237785016286644 0.5809248554913294 0.06840390879478828 0.13005780346820808
1 0.38355048859934854 0.02023121387283237 0.06677524429967427 0.04046242774566474
1 0.44788273615635177 0.1430635838150289 0.06026058631921824 0.1329479768786127
1 0.6376221498371335 0.2586705202312139 0.0732899022801303 0.11560693641618497
1 0.6693811074918566 0.680635838150289 0.06351791530944625 0.1416184971098266