0 0.5354889589905363 0.8687150837988827 0.06624605678233439 0.15363128491620112
0 0.43217665615141954 0.6913407821229051 0.06624605678233439 0.09776536312849161
0 0.5236593059936908 0.29329608938547486 0.06782334384858044 0.13966480446927373
0 0.6735015772870663 0.30726256983240224 0.0583596214511041 0.16759776536312848
0 0.7902208201892744 0.2611731843575419 0.03627760252365931 0.12569832402234637
0 0.7247634069400631 0.8254189944134078 0.07570977917981073 0.13128491620111732
0 0.32413249211356465 0.7192737430167597 0.05362776025236593 0.08659217877094973
1 0.34936908517350157 0.8393854748603352 0.050473186119873815 0.11173184357541899
1 0.4692429022082019 0.35893854748603354 0.06309148264984227 0.12569832402234637
1 0.5654574132492114 0.03212290502793296 0.05362776025236593 0.05307262569832402
1 0.7941640378548895 0.09217877094972067 0.04889589905362776 0.05865921787709497