0 0.26993865030674846 0.4945652173913043 0.09355828220858896 0.15760869565217392
0 0.526840490797546 0.9809782608695652 0.05368098159509203 0.03804347826086957
0 0.3834355828220859 0.014945652173913044 0.046012269938650305 0.029891304347826088
0 0.3834355828220859 0.020380434782608696 0.06134969325153374 0.04076086956521739
1 0.61579754601227 0.7676630434782609 0.06288343558282208 0.12228260869565218
1 0.3941717791411043 0.8247282608695652 0.06748466257668712 0.14945652173913043
1 0.23006134969325154 0.6807065217391305 0.0598159509202454 0.11684782608695653
1 0.3013803680981595 0.2758152173913043 0.0736196319018405 0.10869565217391304
1 0.46855828220858897 0.14402173913043478 0.07822085889570553 0.11141304347826086
1 0.48619631901840493 0.019021739130434784 0.05521472392638037 0.03804347826086957
1 0.5797546012269938 0.028532608695652172 0.05214723926380368 0.043478260869565216