0 0.5628378378378378 0.34210526315789475 0.041891891891891894 0.09569377990430622
0 0.5912162162162162 0.5287081339712919 0.04864864864864865 0.12440191387559808
0 0.46013513513513515 0.02751196172248804 0.043243243243243246 0.05263157894736842
0 0.3972972972972973 0.5322966507177034 0.05810810810810811 0.1076555023923445
0 0.3837837837837838 0.6734449760765551 0.041891891891891894 0.11004784688995216
0 0.3304054054054054 0.6339712918660287 0.043243243243243246 0.06220095693779904
0 0.677027027027027 0.5885167464114832 0.05675675675675676 0.09569377990430622
1 0.6101351351351352 0.019138755980861243 0.033783783783783786 0.03827751196172249
1 0.6371621621621621 0.02033492822966507 0.05 0.04066985645933014
1 0.6932432432432433 0.25 0.05675675675675676 0.09090909090909091
1 0.4581081081081081 0.22488038277511962 0.05810810810810811 0.09330143540669857
1 0.3689189189189189 0.2751196172248804 0.043243243243243246 0.10047846889952153
1 0.49594594594594593 0.6124401913875598 0.03918918918918919 0.11244019138755981
1 0.6851351351351351 0.6722488038277512 0.07297297297297298 0.07894736842105263
1 0.49527027027027026 0.8696172248803827 0.052702702702702706 0.08133971291866028
1 0.28040540540540543 0.8145933014354066 0.03918918918918919 0.06698564593301436