0 0.2694805194805195 0.5991379310344828 0.08279220779220779 0.14655172413793102
0 0.37743506493506496 0.9741379310344828 0.08603896103896104 0.05172413793103448
0 0.37662337662337664 0.3994252873563218 0.06168831168831169 0.11781609195402298
0 0.42857142857142855 0.3031609195402299 0.07305194805194805 0.11781609195402298
0 0.6582792207792207 0.22413793103448276 0.07792207792207792 0.11781609195402298
0 0.9001623376623377 0.5876436781609196 0.08766233766233766 0.13505747126436782
0 0.7743506493506493 0.7902298850574713 0.10227272727272728 0.1724137931034483
1 0.9618506493506493 0.6522988505747126 0.0698051948051948 0.11206896551724138
1 0.8563311688311688 0.3232758620689655 0.0698051948051948 0.10057471264367816
1 0.8319805194805194 0.23706896551724138 0.07142857142857142 0.11494252873563218
1 0.6233766233766234 0.2614942528735632 0.0698051948051948 0.1206896551724138
1 0.5771103896103896 0.4454022988505747 0.07954545454545454 0.13218390804597702
1 0.20292207792207792 0.3879310344827586 0.0698051948051948 0.11206896551724138
1 0.43506493506493504 0.8045977011494253 0.08928571428571429 0.1724137931034483
1 0.5949675324675324 0.8979885057471264 0.08116883116883117 0.14367816091954022