0 0.6953924914675768 0.5651515151515152 0.07849829351535836 0.12424242424242424
0 0.6953924914675768 0.6696969696969697 0.10238907849829351 0.15454545454545454
0 0.7431740614334471 0.6 0.05802047781569966 0.10303030303030303
0 0.49146757679180886 0.9818181818181818 0.07508532423208192 0.03636363636363636
0 0.21331058020477817 0.7696969696969697 0.08873720136518772 0.1303030303030303
0 0.08447098976109214 0.1409090909090909 0.09215017064846416 0.1484848484848485
1 0.6501706484641638 0.9424242424242424 0.10238907849829351 0.11515151515151516
1 0.7235494880546075 0.8939393939393939 0.08020477815699659 0.13333333333333333
1 0.5349829351535836 0.3984848484848485 0.08361774744027303 0.16363636363636364
1 0.4308873720136519 0.946969696969697 0.07679180887372014 0.10606060606060606
1 0.10494880546075085 0.5257575757575758 0.12116040955631399 0.16363636363636364