0 0.02575107296137339 0.48091603053435117 0.05150214592274678 0.0916030534351145
0 0.1427038626609442 0.7862595419847328 0.08798283261802575 0.15648854961832062
0 0.43776824034334766 0.5858778625954199 0.10944206008583691 0.19083969465648856
0 0.5139484978540773 0.8053435114503816 0.11373390557939914 0.1946564885496183
0 0.45064377682403434 0.4179389312977099 0.11373390557939914 0.1984732824427481
0 0.44313304721030045 0.03625954198473282 0.07939914163090128 0.07251908396946564
0 0.3315450643776824 0.23091603053435114 0.10300429184549356 0.17938931297709923
0 0.2296137339055794 0.2480916030534351 0.0815450643776824 0.1183206106870229
1 0.05150214592274678 0.7824427480916031 0.07939914163090128 0.13740458015267176
1 0.0890557939914163 0.46564885496183206 0.10085836909871244 0.1717557251908397
1 0.0740343347639485 0.42366412213740456 0.06223175965665236 0.09541984732824428
1 0.1405579399141631 0.3816793893129771 0.0815450643776824 0.1450381679389313
1 0.2854077253218884 0.18129770992366412 0.07081545064377683 0.10687022900763359
1 0.18454935622317598 0.5229007633587787 0.10300429184549356 0.19083969465648856
1 0.194206008583691 0.6927480916030534 0.11802575107296137 0.21374045801526717
1 0.26394849785407726 0.950381679389313 0.11587982832618025 0.09923664122137404