0 0.5675925925925925 0.009868421052631578 0.05740740740740741 0.019736842105263157
0 0.5990740740740741 0.011513157894736841 0.05740740740740741 0.023026315789473683
0 0.5731481481481482 0.02138157894736842 0.06851851851851852 0.04276315789473684
0 0.6287037037037037 0.019736842105263157 0.06851851851851852 0.039473684210526314
0 0.30833333333333335 0.3059210526315789 0.07407407407407407 0.125
0 0.2601851851851852 0.13815789473684212 0.06666666666666667 0.12171052631578948
0 0.27870370370370373 0.6365131578947368 0.06851851851851852 0.12828947368421054
0 0.2611111111111111 0.08881578947368421 0.053703703703703705 0.05592105263157895
1 0.2601851851851852 0.09375 0.05555555555555555 0.06907894736842106
1 0.34629629629629627 0.07894736842105263 0.07407407407407407 0.09539473684210527
1 0.29814814814814816 0.3980263157894737 0.07962962962962963 0.15460526315789475
1 0.4074074074074074 0.8026315789473685 0.07777777777777778 0.13815789473684212
1 0.4064814814814815 0.06085526315789474 0.07592592592592592 0.09868421052631579
1 0.674074074074074 0.22532894736842105 0.08888888888888889 0.14802631578947367
1 0.43425925925925923 0.04276315789473684 0.07222222222222222 0.07894736842105263
1 0.4009259259259259 0.03782894736842105 0.05925925925925926 0.046052631578947366