0 0.30478395061728397 0.9849726775956285 0.08487654320987655 0.030054644808743168
0 0.13348765432098766 0.98224043715847 0.08487654320987655 0.03551912568306011
0 0.26080246913580246 0.5792349726775956 0.06635802469135803 0.15027322404371585
0 0.43209876543209874 0.3729508196721312 0.05709876543209876 0.10382513661202186
0 0.5231481481481481 0.412568306010929 0.06018518518518518 0.11475409836065574
0 0.6867283950617284 0.4453551912568306 0.07407407407407407 0.11748633879781421
0 0.8479938271604939 0.7868852459016393 0.08179012345679013 0.1284153005464481
0 0.6875 0.8866120218579235 0.06327160493827161 0.10109289617486339
1 0.10493827160493827 0.7486338797814208 0.06635802469135803 0.09836065573770492
1 0.10108024691358025 0.6789617486338798 0.06790123456790123 0.09562841530054644
1 0.2824074074074074 0.5122950819672131 0.06790123456790123 0.1366120218579235
1 0.3611111111111111 0.5983606557377049 0.06790123456790123 0.10382513661202186
1 0.6766975308641975 0.19808743169398907 0.07716049382716049 0.10109289617486339
1 0.5802469135802469 0.7896174863387978 0.07716049382716049 0.13114754098360656
1 0.4837962962962963 0.9521857923497268 0.0787037037037037 0.09562841530054644