0 0.1595744680851064 0.1972972972972973 0.0851063829787234 0.12702702702702703
0 0.581306990881459 0.33918918918918917 0.07142857142857142 0.12432432432432433
0 0.7879939209726444 0.5027027027027027 0.07750759878419453 0.14054054054054055
0 0.9232522796352584 0.6837837837837838 0.08054711246200608 0.13513513513513514
0 0.8996960486322189 0.522972972972973 0.0790273556231003 0.13243243243243244
0 0.7621580547112462 0.8905405405405405 0.0851063829787234 0.14324324324324325
0 0.5797872340425532 0.9081081081081082 0.10030395136778116 0.15405405405405406
0 0.45896656534954405 0.8581081081081081 0.08358662613981763 0.15945945945945947
1 0.31155015197568386 0.14324324324324325 0.0668693009118541 0.12432432432432433
1 0.0858662613981763 0.4337837837837838 0.07446808510638298 0.11891891891891893
1 0.2553191489361702 0.7189189189189189 0.07750759878419453 0.13783783783783785
1 0.4338905775075988 0.1864864864864865 0.06990881458966565 0.10810810810810811
1 0.5501519756838906 0.7040540540540541 0.0911854103343465 0.14594594594594595
1 0.8130699088145896 0.9851351351351352 0.07598784194528875 0.02972972972972973
1 0.7226443768996961 0.1972972972972973 0.07446808510638298 0.11081081081081082
1 0.8214285714285714 0.24864864864864866 0.0790273556231003 0.12702702702702703
1 0.9202127659574468 0.372972972972973 0.06534954407294832 0.10810810810810811