0 0.4463276836158192 0.3475 0.05649717514124294 0.085
0 0.7951977401129944 0.80125 0.0635593220338983 0.0775
0 0.6871468926553672 0.9175 0.07062146892655367 0.085
0 0.6313559322033898 0.92125 0.06073446327683616 0.1125
0 0.23587570621468926 0.8475 0.06638418079096045 0.1075
0 0.026836158192090395 0.695 0.05367231638418079 0.095
0 0.1483050847457627 0.58125 0.07909604519774012 0.105
0 0.21610169491525424 0.61875 0.06497175141242938 0.095
1 0.16454802259887005 0.33 0.06073446327683616 0.0925
1 0.6242937853107344 0.40375 0.0480225988700565 0.095
1 0.78954802259887 0.5425 0.059322033898305086 0.0775
1 0.8305084745762712 0.8875 0.04943502824858757 0.0725
1 0.4152542372881356 0.88625 0.06638418079096045 0.1375
1 0.031073446327683617 0.78625 0.062146892655367235 0.0975
1 0.2401129943502825 0.7175 0.05649717514124294 0.0925
1 0.054378531073446326 0.5775 0.05790960451977401 0.1025