0 0.5608638743455497 0.35300925925925924 0.06675392670157068 0.08101851851851852
0 0.3658376963350785 0.3263888888888889 0.056282722513089 0.07407407407407407
0 0.39725130890052357 0.4525462962962963 0.056282722513089 0.08333333333333333
0 0.149869109947644 0.6979166666666666 0.060209424083769635 0.07175925925925926
0 0.2964659685863874 0.8159722222222222 0.056282722513089 0.10185185185185185
0 0.3416230366492147 0.8333333333333334 0.060209424083769635 0.10648148148148148
0 0.6910994764397905 0.8587962962962963 0.06413612565445026 0.09953703703703703
1 0.5824607329842932 0.1886574074074074 0.04319371727748691 0.0763888888888889
1 0.4018324607329843 0.35648148148148145 0.061518324607329845 0.08796296296296297
1 0.23102094240837695 0.3368055555555556 0.0549738219895288 0.06944444444444445
1 0.24803664921465968 0.43287037037037035 0.06282722513089005 0.10185185185185185
1 0.20680628272251309 0.4930555555555556 0.06282722513089005 0.08101851851851852
1 0.16361256544502617 0.7511574074074074 0.05759162303664921 0.0787037037037037
1 0.5451570680628273 0.8495370370370371 0.0693717277486911 0.11805555555555555
1 0.8972513089005235 0.8368055555555556 0.056282722513089 0.10185185185185185