0 0.6731366459627329 0.5837912087912088 0.06677018633540373 0.11813186813186813
0 0.6708074534161491 0.5288461538461539 0.06055900621118013 0.10989010989010989
0 0.41459627329192544 0.7307692307692307 0.06987577639751552 0.11813186813186813
0 0.6366459627329193 0.7747252747252747 0.08385093167701864 0.14285714285714285
0 0.7445652173913043 0.8804945054945055 0.07763975155279502 0.1346153846153846
0 0.11801242236024845 0.570054945054945 0.08850931677018634 0.14835164835164835
0 0.020186335403726708 0.4010989010989011 0.040372670807453416 0.12087912087912088
0 0.5108695652173914 0.2032967032967033 0.06677018633540373 0.12362637362637363
1 0.6281055900621118 0.646978021978022 0.07919254658385093 0.12637362637362637
1 0.8346273291925466 0.7541208791208791 0.06677018633540373 0.11538461538461539
1 0.5194099378881988 0.35027472527472525 0.06987577639751552 0.12912087912087913
1 0.43478260869565216 0.0260989010989011 0.059006211180124224 0.0521978021978022
1 0.12888198757763975 0.12087912087912088 0.09937888198757763 0.16758241758241757
1 0.010869565217391304 0.29532967032967034 0.021739130434782608 0.09065934065934066