0 0.35148514851485146 0.18128654970760233 0.06105610561056106 0.10526315789473684
0 0.36468646864686466 0.11257309941520467 0.054455445544554455 0.0847953216374269
0 0.19636963696369636 0.43128654970760233 0.07425742574257425 0.11988304093567251
0 0.29042904290429045 0.5160818713450293 0.07095709570957096 0.1111111111111111
0 0.3704620462046205 0.8157894736842105 0.06930693069306931 0.1286549707602339
0 0.05363036303630363 0.5365497076023392 0.07755775577557755 0.13450292397660818
0 0.0627062706270627 0.43859649122807015 0.07425742574257425 0.12280701754385964
1 0.21617161716171618 0.059941520467836254 0.06105610561056106 0.09649122807017543
1 0.5107260726072608 0.23538011695906433 0.066006600660066 0.13450292397660818
1 0.2863036303630363 0.260233918128655 0.06765676567656766 0.1111111111111111
1 0.26485148514851486 0.1286549707602339 0.07425742574257425 0.12573099415204678
1 0.14603960396039603 0.2134502923976608 0.0594059405940594 0.09941520467836257
1 0.20132013201320131 0.672514619883041 0.07590759075907591 0.12573099415204678
1 0.5346534653465347 0.9122807017543859 0.07425742574257425 0.12280701754385964