0 0.08662613981762918 0.8416666666666667 0.05623100303951368 0.09444444444444444
0 0.07750759878419453 0.7625 0.05167173252279635 0.09166666666666666
0 0.16869300911854104 0.8555555555555555 0.06231003039513678 0.09444444444444444
0 0.35030395136778114 0.875 0.0547112462006079 0.10833333333333334
0 0.5638297872340425 0.9180555555555555 0.0668693009118541 0.11388888888888889
0 0.4209726443768997 0.7375 0.06990881458966565 0.125
0 0.3768996960486322 0.4708333333333333 0.05927051671732523 0.1
0 0.34498480243161095 0.3347222222222222 0.0547112462006079 0.1
0 0.3829787234042553 0.35555555555555557 0.057750759878419454 0.10555555555555556
1 0.5478723404255319 0.25416666666666665 0.05623100303951368 0.10833333333333334
1 0.4247720364741641 0.4236111111111111 0.05623100303951368 0.09166666666666666
1 0.2196048632218845 0.6055555555555555 0.057750759878419454 0.1
1 0.18541033434650456 0.4638888888888889 0.04559270516717325 0.08888888888888889
1 0.08966565349544073 0.4875 0.05319148936170213 0.07222222222222222
1 0.3161094224924012 0.9541666666666667 0.05319148936170213 0.08888888888888889
1 0.5509118541033434 0.8166666666666667 0.0668693009118541 0.11388888888888889
1 0.3639817629179331 0.9777777777777777 0.05623100303951368 0.044444444444444446