0 0.3795289855072464 0.03870967741935484 0.07427536231884058 0.07741935483870968
0 0.43568840579710144 0.020967741935483872 0.06340579710144928 0.041935483870967745
0 0.41938405797101447 0.02903225806451613 0.07427536231884058 0.05806451612903226
0 0.5815217391304348 0.05967741935483871 0.06884057971014493 0.1064516129032258
0 0.7255434782608695 0.15 0.05434782608695652 0.08387096774193549
0 0.7463768115942029 0.16774193548387098 0.059782608695652176 0.0935483870967742
0 0.7182971014492754 0.13064516129032258 0.04528985507246377 0.05806451612903226
1 0.5480072463768116 0.025806451612903226 0.041666666666666664 0.05161290322580645
1 0.5815217391304348 0.05161290322580645 0.04891304347826087 0.08064516129032258
1 0.48188405797101447 0.020967741935483872 0.06159420289855073 0.041935483870967745
1 0.41757246376811596 0.01935483870967742 0.06340579710144928 0.03870967741935484
1 0.5561594202898551 0.08870967741935484 0.07065217391304347 0.13548387096774195
1 0.34148550724637683 0.31129032258064515 0.08514492753623189 0.14838709677419354
1 0.7101449275362319 0.4629032258064516 0.07789855072463768 0.14838709677419354