0 0.6998175182481752 0.14123376623376624 0.04562043795620438 0.09415584415584416
0 0.6295620437956204 0.21428571428571427 0.05656934306569343 0.12337662337662338
0 0.6359489051094891 0.2905844155844156 0.06751824817518248 0.1266233766233766
0 0.7162408759124088 0.6282467532467533 0.06751824817518248 0.14935064935064934
0 0.7116788321167883 0.9107142857142857 0.04562043795620438 0.06168831168831169
0 0.270985401459854 0.3392857142857143 0.08211678832116788 0.14935064935064934
1 0.3375912408759124 0.7467532467532467 0.06569343065693431 0.12987012987012986
1 0.5036496350364964 0.9090909090909091 0.07116788321167883 0.1525974025974026
1 0.583029197080292 0.9626623376623377 0.05291970802919708 0.05194805194805195
1 0.7427007299270073 0.9107142857142857 0.05474452554744526 0.045454545454545456
1 0.4908759124087591 0.29707792207792205 0.07116788321167883 0.14285714285714285
1 0.541970802919708 0.021103896103896104 0.08759124087591241 0.04220779220779221
1 0.7025547445255474 0.01461038961038961 0.04744525547445255 0.02922077922077922