0 0.2900763358778626 0.8846153846153846 0.07061068702290077 0.15034965034965034
0 0.5553435114503816 0.8933566433566433 0.05916030534351145 0.11538461538461539
0 0.5734732824427481 0.7674825174825175 0.07633587786259542 0.13986013986013987
0 0.6583969465648855 0.06818181818181818 0.07633587786259542 0.12937062937062938
0 0.5124045801526718 0.015734265734265736 0.06679389312977099 0.03146853146853147
0 0.6211832061068703 0.008741258741258742 0.05534351145038168 0.017482517482517484
0 0.6307251908396947 0.02097902097902098 0.06297709923664122 0.04195804195804196
1 0.30916030534351147 0.043706293706293704 0.061068702290076333 0.04195804195804196
1 0.7290076335877863 0.015734265734265736 0.04198473282442748 0.03146853146853147
1 0.6679389312977099 0.479020979020979 0.06297709923664122 0.14335664335664336
1 0.31583969465648853 0.3758741258741259 0.07824427480916031 0.12937062937062938
1 0.3969465648854962 0.5174825174825175 0.08206106870229007 0.16783216783216784
1 0.6965648854961832 0.8706293706293706 0.06870229007633588 0.14685314685314685