0 0.489344262295082 0.18604651162790697 0.07377049180327869 0.11337209302325581
0 0.6901639344262295 0.26453488372093026 0.07540983606557378 0.11046511627906977
0 0.5606557377049181 0.3183139534883721 0.08032786885245902 0.11627906976744186
0 0.5852459016393443 0.42441860465116277 0.07540983606557378 0.12209302325581395
0 0.5401639344262295 0.684593023255814 0.07868852459016394 0.11337209302325581
0 0.6081967213114754 0.7369186046511628 0.08360655737704918 0.11918604651162791
0 0.5352459016393443 0.8633720930232558 0.09344262295081968 0.12790697674418605
0 0.8049180327868852 0.934593023255814 0.07868852459016394 0.1308139534883721
0 0.8483606557377049 0.9229651162790697 0.07377049180327869 0.10465116279069768
1 0.8754098360655738 0.6380813953488372 0.08852459016393442 0.11337209302325581
1 0.8204918032786885 0.6526162790697675 0.08196721311475409 0.12209302325581395
1 0.7647540983606558 0.6627906976744186 0.07540983606557378 0.11918604651162791
1 0.739344262295082 0.8822674418604651 0.07377049180327869 0.13953488372093023
1 0.7114754098360656 0.5857558139534884 0.07540983606557378 0.125
1 0.7647540983606558 0.5101744186046512 0.07704918032786885 0.125
1 0.7491803278688525 0.3997093023255814 0.06229508196721312 0.10755813953488372
1 0.8262295081967214 0.375 0.06721311475409836 0.11627906976744186
1 0.6368852459016393 0.251453488372093 0.06721311475409836 0.10174418604651163