0 0.5275537634408602 0.44285714285714284 0.07258064516129033 0.11428571428571428
0 0.37836021505376344 0.2642857142857143 0.04704301075268817 0.0761904761904762
0 0.2157258064516129 0.6166666666666667 0.06586021505376344 0.10238095238095238
0 0.1875 0.5595238095238095 0.06854838709677419 0.10238095238095238
0 0.3487903225806452 0.7511904761904762 0.07258064516129033 0.10714285714285714
0 0.8299731182795699 0.6047619047619047 0.06854838709677419 0.09285714285714286
0 0.7452956989247311 0.3333333333333333 0.06586021505376344 0.09761904761904762
1 0.8239247311827957 0.5488095238095239 0.08198924731182795 0.09523809523809523
1 0.657258064516129 0.7130952380952381 0.07258064516129033 0.1380952380952381
1 0.5383064516129032 0.7595238095238095 0.07661290322580645 0.1380952380952381
1 0.14583333333333334 0.919047619047619 0.06989247311827956 0.10714285714285714
1 0.05779569892473118 0.794047619047619 0.06451612903225806 0.12142857142857143
1 0.4173387096774194 0.4738095238095238 0.07258064516129033 0.09285714285714286
1 0.6216397849462365 0.2916666666666667 0.06182795698924731 0.10952380952380952
1 0.3024193548387097 0.25 0.06048387096774194 0.09761904761904762