0 0.35 0.05621301775147929 0.041666666666666664 0.05621301775147929
0 0.31333333333333335 0.07396449704142012 0.055 0.07692307692307693
0 0.32416666666666666 0.10650887573964497 0.06833333333333333 0.11834319526627218
0 0.38333333333333336 0.9585798816568047 0.056666666666666664 0.08284023668639054
0 0.6633333333333333 0.1834319526627219 0.051666666666666666 0.11834319526627218
0 0.6166666666666667 0.12130177514792899 0.06833333333333333 0.12130177514792899
1 0.32416666666666666 0.6346153846153846 0.07333333333333333 0.14201183431952663
1 0.3975 0.47485207100591714 0.08666666666666667 0.1301775147928994
1 0.67 0.492603550295858 0.06833333333333333 0.10650887573964497
1 0.6383333333333333 0.013313609467455622 0.05 0.026627218934911243
1 0.5141666666666667 0.02514792899408284 0.051666666666666666 0.05029585798816568
1 0.485 0.034023668639053255 0.05333333333333334 0.06804733727810651