0 0.125 0.2718579234972678 0.07035928143712575 0.1284153005464481
0 0.4184131736526946 0.1830601092896175 0.0688622754491018 0.11202185792349727
0 0.4865269461077844 0.2677595628415301 0.06437125748502993 0.1092896174863388
0 0.5875748502994012 0.4166666666666667 0.0688622754491018 0.11475409836065574
0 0.26497005988023953 0.07103825136612021 0.0688622754491018 0.11475409836065574
0 0.33083832335329344 0.610655737704918 0.07934131736526946 0.14207650273224043
0 0.3218562874251497 0.7868852459016393 0.07934131736526946 0.1284153005464481
0 0.10778443113772455 0.5396174863387978 0.0718562874251497 0.12568306010928962
0 0.38547904191616766 0.5942622950819673 0.07784431137724551 0.14207650273224043
0 0.7163173652694611 0.8483606557377049 0.0718562874251497 0.1366120218579235
1 0.21107784431137724 0.09836065573770492 0.05538922155688623 0.08743169398907104
1 0.30988023952095806 0.09972677595628415 0.05538922155688623 0.09289617486338798
1 0.2597305389221557 0.3592896174863388 0.07035928143712575 0.08469945355191257
1 0.4221556886227545 0.4426229508196721 0.06437125748502993 0.12021857923497267
1 0.6452095808383234 0.33879781420765026 0.06287425149700598 0.11202185792349727
1 0.5501497005988024 0.8797814207650273 0.06437125748502993 0.11202185792349727
1 0.4431137724550898 0.8674863387978142 0.07035928143712575 0.10382513661202186
1 0.1407185628742515 0.662568306010929 0.06437125748502993 0.1092896174863388
1 0.2694610778443114 0.6502732240437158 0.0658682634730539 0.11475409836065574
1 0.14520958083832336 0.3989071038251366 0.07035928143712575 0.11475409836065574