0 0.5249244712990937 0.7219251336898396 0.0634441087613293 0.12299465240641712
0 0.5891238670694864 0.2713903743315508 0.061933534743202415 0.10695187165775401
0 0.3648036253776435 0.07085561497326204 0.05740181268882175 0.07219251336898395
0 0.2590634441087613 0.12433155080213903 0.0755287009063444 0.09090909090909091
1 0.6110271903323263 0.6002673796791443 0.05740181268882175 0.10695187165775401
1 0.6412386706948641 0.7219251336898396 0.04682779456193353 0.08823529411764706
1 0.5845921450151057 0.7245989304812834 0.05740181268882175 0.11229946524064172
1 0.4811178247734139 0.839572192513369 0.05740181268882175 0.11764705882352941
1 0.40558912386706947 0.8302139037433155 0.061933534743202415 0.11764705882352941
1 0.3338368580060423 0.893048128342246 0.05891238670694864 0.11764705882352941
1 0.277190332326284 0.39037433155080214 0.0755287009063444 0.12834224598930483
1 0.3466767371601209 0.1537433155080214 0.06646525679758308 0.10160427807486631