0 0.7479050279329609 0.7227722772277227 0.06005586592178771 0.10643564356435643
0 0.7786312849162011 0.46163366336633666 0.055865921787709494 0.09653465346534654
0 0.38756983240223464 0.297029702970297 0.06005586592178771 0.10643564356435643
0 0.43226256983240224 0.6089108910891089 0.08379888268156424 0.14356435643564355
0 0.348463687150838 0.38985148514851486 0.08100558659217877 0.10148514851485149
0 0.30027932960893855 0.7648514851485149 0.07541899441340782 0.12871287128712872
0 0.055167597765363126 0.6361386138613861 0.09776536312849161 0.13861386138613863
1 0.3973463687150838 0.10272277227722772 0.05726256983240224 0.10148514851485149
1 0.05027932960893855 0.3118811881188119 0.08659217877094973 0.13366336633663367
1 0.35195530726256985 0.6844059405940595 0.08379888268156424 0.12376237623762376
1 0.5146648044692738 0.8650990099009901 0.06983240223463687 0.10891089108910891
1 0.5893854748603352 0.7982673267326733 0.06005586592178771 0.11138613861386139
1 0.6208100558659218 0.4900990099009901 0.061452513966480445 0.10891089108910891
1 0.5600558659217877 0.40222772277227725 0.05865921787709497 0.11138613861386139
1 0.6655027932960894 0.41707920792079206 0.06284916201117319 0.11138613861386139