0 0.38553113553113555 0.9659090909090909 0.1043956043956044 0.06818181818181818
0 0.32967032967032966 0.32954545454545453 0.11538461538461539 0.1590909090909091
0 0.5421245421245421 0.5665584415584416 0.10073260073260074 0.16883116883116883
0 0.6254578754578755 0.5324675324675324 0.08608058608058608 0.14285714285714285
0 0.5036630036630036 0.027597402597402596 0.09157509157509157 0.05519480519480519
0 0.24633699633699635 0.22564935064935066 0.10073260073260074 0.18506493506493507
1 0.5384615384615384 0.18993506493506493 0.09706959706959707 0.15584415584415584
1 0.3717948717948718 0.18506493506493507 0.09157509157509157 0.1590909090909091
1 0.3727106227106227 0.8701298701298701 0.08241758241758242 0.16558441558441558
1 0.24633699633699635 0.650974025974026 0.054945054945054944 0.1331168831168831
1 0.43131868131868134 0.05844155844155844 0.07509157509157509 0.11688311688311688
1 0.63003663003663 0.01948051948051948 0.05860805860805861 0.03896103896103896