0 0.5872905027932961 0.7908415841584159 0.051675977653631286 0.11386138613861387
0 0.3233240223463687 0.17945544554455445 0.04888268156424581 0.13613861386138615
0 0.41480446927374304 0.08663366336633663 0.04888268156424581 0.11138613861386139
0 0.4127094972067039 0.024752475247524754 0.06284916201117319 0.04950495049504951
1 0.5684357541899442 0.8403465346534653 0.05446927374301676 0.0891089108910891
1 0.6208100558659218 0.5061881188118812 0.06284916201117319 0.08415841584158416
1 0.29329608938547486 0.7834158415841584 0.061452513966480445 0.09653465346534654
1 0.47695530726256985 0.8638613861386139 0.05307262569832402 0.09158415841584158
1 0.32472067039106145 0.5556930693069307 0.06983240223463687 0.12128712871287128
1 0.39385474860335196 0.43564356435643564 0.06424581005586592 0.11386138613861387
1 0.34217877094972066 0.06064356435643564 0.055865921787709494 0.11138613861386139