0 0.8294117647058824 0.22569444444444445 0.06274509803921569 0.09722222222222222
0 0.7058823529411765 0.6284722222222222 0.10196078431372549 0.1909722222222222
0 0.5637254901960784 0.5381944444444444 0.10588235294117647 0.1736111111111111
0 0.5205882352941177 0.06597222222222222 0.08823529411764706 0.13194444444444445
0 0.4392156862745098 0.029513888888888888 0.07058823529411765 0.059027777777777776
0 0.4892156862745098 0.029513888888888888 0.08431372549019608 0.059027777777777776
0 0.5 0.017361111111111112 0.06274509803921569 0.034722222222222224
1 0.7843137254901961 0.1736111111111111 0.054901960784313725 0.0625
1 0.6705882352941176 0.0954861111111111 0.050980392156862744 0.05555555555555555
1 0.6617647058823529 0.109375 0.06862745098039216 0.09722222222222222
1 0.7009803921568627 0.1423611111111111 0.07647058823529412 0.1111111111111111
1 0.37450980392156863 0.16666666666666666 0.1 0.1701388888888889
1 0.7362745098039216 0.3177083333333333 0.08823529411764706 0.1527777777777778
1 0.7970588235294118 0.3263888888888889 0.08627450980392157 0.15625