0 0.40752351097178685 0.8814285714285715 0.05956112852664577 0.12
0 0.7617554858934169 0.6657142857142857 0.03918495297805643 0.10285714285714286
0 0.7351097178683386 0.02142857142857143 0.050156739811912224 0.04285714285714286
0 0.6896551724137931 0.2885714285714286 0.05172413793103448 0.12857142857142856
0 0.47648902821316613 0.44 0.06269592476489028 0.10285714285714286
0 0.47413793103448276 0.32285714285714284 0.06583072100313479 0.12571428571428572
0 0.5227272727272727 0.07571428571428572 0.048589341692789965 0.11428571428571428
1 0.6167711598746082 0.025714285714285714 0.048589341692789965 0.05142857142857143
1 0.6261755485893417 0.08714285714285715 0.047021943573667714 0.12857142857142856
1 0.6340125391849529 0.29714285714285715 0.047021943573667714 0.12571428571428572
1 0.7437304075235109 0.4614285714285714 0.05642633228840126 0.10571428571428572
1 0.7068965517241379 0.2 0.06739811912225706 0.09714285714285714