0 0.6350446428571429 0.1865079365079365 0.07366071428571429 0.15873015873015872
0 0.7165178571428571 0.7341269841269841 0.08035714285714286 0.15873015873015872
0 0.5412946428571429 0.023809523809523808 0.06473214285714286 0.047619047619047616
0 0.24441964285714285 0.14087301587301587 0.05803571428571429 0.07142857142857142
0 0.18638392857142858 0.1884920634920635 0.0625 0.10317460317460317
1 0.39174107142857145 0.06944444444444445 0.06696428571428571 0.09126984126984126
1 0.4029017857142857 0.06746031746031746 0.06473214285714286 0.0992063492063492
1 0.29129464285714285 0.18055555555555555 0.09821428571428571 0.16666666666666666
1 0.2265625 0.5 0.06473214285714286 0.17857142857142858
1 0.5747767857142857 0.023809523809523808 0.06919642857142858 0.047619047619047616
1 0.6529017857142857 0.3630952380952381 0.078125 0.15079365079365079
1 0.8314732142857143 0.7837301587301587 0.04017857142857143 0.11904761904761904