0 0.29981549815498154 0.17736486486486486 0.08118081180811808 0.13175675675675674
0 0.4261992619926199 0.03209459459459459 0.05166051660516605 0.06418918918918919
0 0.42988929889298894 0.0472972972972973 0.07749077490774908 0.0945945945945946
0 0.46494464944649444 0.16385135135135134 0.1033210332103321 0.1891891891891892
0 0.5977859778597786 0.5844594594594594 0.10516605166051661 0.1891891891891892
1 0.15682656826568267 0.2956081081081081 0.055350553505535055 0.0777027027027027
1 0.5599630996309963 0.018581081081081082 0.046125461254612546 0.037162162162162164
1 0.5350553505535055 0.030405405405405407 0.06642066420664207 0.060810810810810814
1 0.5931734317343174 0.4577702702702703 0.09778597785977859 0.15878378378378377
1 0.6964944649446494 0.8547297297297297 0.07749077490774908 0.09797297297297297
1 0.2693726937269373 0.6334459459459459 0.09778597785977859 0.1858108108108108
1 0.4289667896678967 0.6773648648648649 0.09040590405904059 0.16891891891891891