0 0.46506211180124224 0.8612637362637363 0.11335403726708075 0.20054945054945056
0 0.35403726708074534 0.6758241758241759 0.09006211180124224 0.1620879120879121
0 0.13664596273291926 0.7101648351648352 0.07453416149068323 0.12362637362637363
0 0.4029503105590062 0.15384615384615385 0.06366459627329192 0.10164835164835165
0 0.656832298136646 0.10302197802197802 0.07763975155279502 0.1346153846153846
0 0.8097826086956522 0.44642857142857145 0.09316770186335403 0.15384615384615385
0 0.39906832298136646 0.978021978021978 0.09937888198757763 0.04395604395604396
1 0.15838509316770186 0.9697802197802198 0.08074534161490683 0.06043956043956044
1 0.21972049689440995 0.9368131868131868 0.09782608695652174 0.12637362637362637
1 0.5846273291925466 0.8887362637362637 0.08540372670807453 0.14560439560439561
1 0.547360248447205 0.7884615384615384 0.09472049689440994 0.1510989010989011
1 0.6731366459627329 0.7788461538461539 0.09937888198757763 0.17857142857142858
1 0.5605590062111802 0.22115384615384615 0.07919254658385093 0.13736263736263737
1 0.514751552795031 0.0782967032967033 0.06677018633540373 0.12087912087912088
1 0.6614906832298136 0.03021978021978022 0.07763975155279502 0.06043956043956044