0 0.8382352941176471 0.3036723163841808 0.05727554179566564 0.09322033898305085
0 0.6857585139318886 0.365819209039548 0.06811145510835913 0.1384180790960452
0 0.3784829721362229 0.03389830508474576 0.07894736842105263 0.06779661016949153
0 0.3978328173374613 0.03531073446327684 0.07739938080495357 0.07062146892655367
0 0.3684210526315789 0.03672316384180791 0.07120743034055728 0.07344632768361582
0 0.2515479876160991 0.4166666666666667 0.08204334365325078 0.1440677966101695
1 0.5286377708978328 0.8742937853107344 0.08204334365325078 0.14689265536723164
1 0.7693498452012384 0.2344632768361582 0.06811145510835913 0.10451977401129943
1 0.6919504643962848 0.15112994350282485 0.07120743034055728 0.10451977401129943
1 0.5464396284829721 0.1426553672316384 0.07894736842105263 0.1694915254237288
1 0.46826625386996906 0.025423728813559324 0.06656346749226007 0.05084745762711865
1 0.28792569659442724 0.2838983050847458 0.07894736842105263 0.15254237288135594