0 0.20188284518828453 0.16296296296296298 0.06276150627615062 0.06666666666666667
0 0.26673640167364016 0.1259259259259259 0.06903765690376569 0.06666666666666667
0 0.2384937238493724 0.40370370370370373 0.09414225941422594 0.1814814814814815
0 0.4497907949790795 0.21481481481481482 0.100418410041841 0.17407407407407408
0 0.4895397489539749 0.40185185185185185 0.09832635983263599 0.1814814814814815
0 0.5439330543933054 0.024074074074074074 0.07112970711297072 0.04814814814814815
0 0.5878661087866108 0.020370370370370372 0.058577405857740586 0.040740740740740744
1 0.46234309623430964 0.024074074074074074 0.07112970711297072 0.04814814814814815
1 0.5638075313807531 0.014814814814814815 0.06485355648535565 0.02962962962962963
1 0.6202928870292888 0.21481481481481482 0.07531380753138076 0.14814814814814814
1 0.645397489539749 0.3592592592592593 0.0794979079497908 0.14444444444444443
1 0.2604602510460251 0.15185185185185185 0.07740585774058577 0.10740740740740741
1 0.4006276150627615 0.06296296296296296 0.06903765690376569 0.08888888888888889
1 0.1799163179916318 0.2 0.07112970711297072 0.10740740740740741