0 0.38171140939597314 0.020833333333333332 0.05536912751677853 0.041666666666666664
0 0.5226510067114094 0.2113095238095238 0.08053691275167785 0.11011904761904762
0 0.5914429530201343 0.20089285714285715 0.06711409395973154 0.11607142857142858
0 0.8288590604026845 0.3080357142857143 0.07550335570469799 0.11011904761904762
0 0.9706375838926175 0.7738095238095238 0.03691275167785235 0.08928571428571429
0 0.834731543624161 0.9211309523809523 0.0738255033557047 0.13095238095238096
0 0.7701342281879194 0.9107142857142857 0.08221476510067115 0.14583333333333334
0 0.34395973154362414 0.8020833333333334 0.08389261744966443 0.125
1 0.9614093959731543 0.8809523809523809 0.0436241610738255 0.11607142857142858
1 0.9714765100671141 0.45982142857142855 0.05704697986577181 0.09821428571428571
1 0.5226510067114094 0.8452380952380952 0.09563758389261745 0.13988095238095238
1 0.087248322147651 0.6726190476190477 0.07885906040268456 0.12202380952380952
1 0.20469798657718122 0.02976190476190476 0.0738255033557047 0.05952380952380952
1 0.4354026845637584 0.017857142857142856 0.06208053691275168 0.03571428571428571
1 0.7768456375838926 0.28273809523809523 0.07046979865771812 0.1130952380952381
1 0.9790268456375839 0.34226190476190477 0.04194630872483222 0.09523809523809523