0 0.5859375 0.27261306532663315 0.056818181818181816 0.10301507537688442
0 0.5603693181818182 0.24874371859296482 0.05113636363636364 0.09547738693467336
0 0.5205965909090909 0.6984924623115578 0.061079545454545456 0.09798994974874371
0 0.6505681818181818 0.4183417085427136 0.07386363636363637 0.11809045226130653
0 0.75 0.3241206030150754 0.06818181818181818 0.11055276381909548
0 0.30326704545454547 0.9786432160804021 0.078125 0.04271356783919598
0 0.34019886363636365 0.30402010050251255 0.05539772727272727 0.10804020100502512
1 0.8948863636363636 0.4849246231155779 0.08948863636363637 0.11306532663316583
1 0.7457386363636364 0.6972361809045227 0.08380681818181818 0.12814070351758794
1 0.5909090909090909 0.3655778894472362 0.07244318181818182 0.10050251256281408
1 0.7400568181818182 0.13819095477386933 0.056818181818181816 0.09798994974874371
1 0.40767045454545453 0.3655778894472362 0.05823863636363636 0.11306532663316583
1 0.20738636363636365 0.2964824120603015 0.048295454545454544 0.09296482412060302
1 0.11363636363636363 0.7814070351758794 0.08664772727272728 0.1407035175879397