0 0.3208041958041958 0.6650641025641025 0.08916083916083917 0.15384615384615385
0 0.7666083916083916 0.8381410256410257 0.03671328671328671 0.08012820512820513
0 0.701048951048951 0.6458333333333334 0.06118881118881119 0.14102564102564102
0 0.32255244755244755 0.11378205128205128 0.050699300699300696 0.08974358974358974
0 0.2674825174825175 0.14423076923076922 0.07692307692307693 0.10256410256410256
0 0.20541958041958042 0.34615384615384615 0.05419580419580419 0.15705128205128205
0 0.3767482517482518 0.057692307692307696 0.06293706293706294 0.05448717948717949
1 0.5148601398601399 0.7916666666666666 0.07342657342657342 0.16025641025641027
1 0.638986013986014 0.8253205128205128 0.06293706293706294 0.13141025641025642
1 0.6853146853146853 0.3766025641025641 0.06993006993006994 0.11538461538461539
1 0.4956293706293706 0.02564102564102564 0.06118881118881119 0.05128205128205128
1 0.18094405594405594 0.1858974358974359 0.04195804195804196 0.07371794871794872