0 0.8210526315789474 0.4264018691588785 0.056578947368421055 0.08878504672897196
0 0.7631578947368421 0.3574766355140187 0.07105263157894737 0.10046728971962617
0 0.6230263157894737 0.3130841121495327 0.05526315789473684 0.10514018691588785
0 0.4296052631578947 0.6518691588785047 0.060526315789473685 0.10514018691588785
0 0.49605263157894736 0.8200934579439252 0.06973684210526315 0.1191588785046729
0 0.22894736842105262 0.9427570093457944 0.06842105263157895 0.11448598130841121
0 0.2131578947368421 0.32710280373831774 0.05526315789473684 0.09579439252336448
1 0.6519736842105263 0.2091121495327103 0.05394736842105263 0.09579439252336448
1 0.8276315789473684 0.6483644859813084 0.06184210526315789 0.0911214953271028
1 0.45921052631578946 0.4053738317757009 0.060526315789473685 0.09813084112149532
1 0.27828947368421053 0.3247663551401869 0.05394736842105263 0.102803738317757
1 0.10328947368421053 0.5198598130841121 0.060526315789473685 0.10747663551401869
1 0.6223684210526316 0.7161214953271028 0.060526315789473685 0.10046728971962617
1 0.30723684210526314 0.802570093457944 0.060526315789473685 0.10747663551401869
1 0.4230263157894737 0.9217289719626168 0.05789473684210526 0.11214953271028037