0 0.48857142857142855 0.7753807106598984 0.06285714285714286 0.1116751269035533
0 0.3628571428571429 0.4847715736040609 0.05714285714285714 0.09898477157360407
0 0.3821428571428571 0.34390862944162437 0.06428571428571428 0.11421319796954314
0 0.3557142857142857 0.1548223350253807 0.08 0.14720812182741116
0 0.5171428571428571 0.02284263959390863 0.06285714285714286 0.04568527918781726
0 0.5642857142857143 0.03299492385786802 0.06857142857142857 0.06598984771573604
0 0.7478571428571429 0.5545685279187818 0.09 0.17258883248730963
1 0.6378571428571429 0.9010152284263959 0.05 0.08629441624365482
1 0.6014285714285714 0.9428934010152284 0.055714285714285716 0.08883248730964467
1 0.47928571428571426 0.7182741116751269 0.06428571428571428 0.1116751269035533
1 0.5121428571428571 0.5456852791878173 0.07857142857142857 0.13451776649746192
1 0.67 0.27411167512690354 0.08 0.13451776649746192
1 0.54 0.1598984771573604 0.09 0.16243654822335024
1 0.24571428571428572 0.21573604060913706 0.05285714285714286 0.08629441624365482