0 0.9840989399293286 0.532258064516129 0.03180212014134275 0.09032258064516129
0 0.9893992932862191 0.6161290322580645 0.02120141342756184 0.08387096774193549
0 0.9408127208480566 0.9129032258064517 0.0706713780918728 0.07096774193548387
0 0.8798586572438163 0.6419354838709678 0.06890459363957598 0.10967741935483871
0 0.48939929328621906 0.6580645161290323 0.061837455830388695 0.11290322580645161
0 0.7287985865724381 0.7387096774193549 0.05830388692579505 0.1064516129032258
0 0.5291519434628975 0.917741935483871 0.07243816254416961 0.11290322580645161
0 0.5627208480565371 0.2838709677419355 0.05653710247349823 0.0967741935483871
0 0.5892226148409894 0.31451612903225806 0.053003533568904596 0.1032258064516129
1 0.9213780918727915 0.24838709677419354 0.0706713780918728 0.0935483870967742
1 0.7888692579505301 0.27903225806451615 0.06537102473498234 0.09032258064516129
1 0.38162544169611307 0.36935483870967745 0.053003533568904596 0.11612903225806452
1 0.6890459363957597 0.6080645161290322 0.06007067137809187 0.1032258064516129
1 0.5035335689045937 0.7935483870967742 0.0636042402826855 0.13225806451612904
1 0.7526501766784452 0.867741935483871 0.061837455830388695 0.0967741935483871
1 0.7402826855123675 0.967741935483871 0.05123674911660778 0.05161290322580645
1 0.8401060070671378 0.9467741935483871 0.0812720848056537 0.08709677419354839
1 0.9840989399293286 0.9 0.03180212014134275 0.09032258064516129
1 0.9452296819787986 0.5983870967741935 0.0636042402826855 0.1