0 0.7477203647416414 0.17222222222222222 0.05319148936170213 0.08055555555555556
0 0.6132218844984803 0.07083333333333333 0.044072948328267476 0.07222222222222222
0 0.5949848024316109 0.05138888888888889 0.05167173252279635 0.06944444444444445
0 0.6185410334346505 0.08333333333333333 0.060790273556231005 0.09444444444444444
0 0.4331306990881459 0.020833333333333332 0.04559270516717325 0.041666666666666664
0 0.33206686930091184 0.19444444444444445 0.06838905775075987 0.1361111111111111
0 0.5942249240121581 0.5180555555555556 0.0729483282674772 0.1361111111111111
0 0.20592705167173253 0.6888888888888889 0.07142857142857142 0.11944444444444445
0 0.20516717325227962 0.775 0.06838905775075987 0.11666666666666667
1 0.7226443768996961 0.15 0.06231003039513678 0.08333333333333333
1 0.6907294832826748 0.25416666666666665 0.057750759878419454 0.1111111111111111
1 0.7120060790273556 0.14305555555555555 0.05167173252279635 0.075
1 0.47188449848024316 0.020833333333333332 0.04711246200607903 0.041666666666666664
1 0.48632218844984804 0.020833333333333332 0.0486322188449848 0.041666666666666664
1 0.42401215805471126 0.022222222222222223 0.060790273556231005 0.044444444444444446
1 0.3829787234042553 0.020833333333333332 0.060790273556231005 0.041666666666666664
1 0.28495440729483285 0.39166666666666666 0.07142857142857142 0.14444444444444443