0 0.4443548387096774 0.7671428571428571 0.07580645161290323 0.14
0 0.5661290322580645 0.07285714285714286 0.08387096774193549 0.1457142857142857
0 0.3685483870967742 0.38285714285714284 0.06290322580645161 0.12571428571428572
0 0.2887096774193548 0.14857142857142858 0.04838709677419355 0.06857142857142857
0 0.3338709677419355 0.10857142857142857 0.0467741935483871 0.06857142857142857
0 0.4483870967741935 0.14857142857142858 0.07580645161290323 0.12857142857142856
0 0.4661290322580645 0.024285714285714285 0.06451612903225806 0.04857142857142857
0 0.532258064516129 0.02142857142857143 0.06129032258064516 0.04285714285714286
1 0.3782258064516129 0.4614285714285714 0.06290322580645161 0.10857142857142857
1 0.5145161290322581 0.22857142857142856 0.06935483870967742 0.14
1 0.7193548387096774 0.36714285714285716 0.08548387096774193 0.13714285714285715
1 0.6048387096774194 0.037142857142857144 0.0935483870967742 0.07428571428571429
1 0.5411290322580645 0.06285714285714286 0.08870967741935484 0.12571428571428572
1 0.40725806451612906 0.05142857142857143 0.054838709677419356 0.08
1 0.38467741935483873 0.21142857142857144 0.07419354838709677 0.12
1 0.3282258064516129 0.2814285714285714 0.06612903225806452 0.11714285714285715