0 0.4788273615635179 0.7933526011560693 0.0749185667752443 0.13583815028901733
0 0.4153094462540717 0.7210982658959537 0.0732899022801303 0.13005780346820808
0 0.2703583061889251 0.40895953757225434 0.06351791530944625 0.11849710982658959
0 0.24022801302931596 0.24132947976878613 0.050488599348534204 0.0838150289017341
0 0.4258957654723127 0.024566473988439308 0.050488599348534204 0.049132947976878616
0 0.46498371335504884 0.024566473988439308 0.06026058631921824 0.049132947976878616
0 0.7035830618892508 0.3959537572254335 0.08631921824104234 0.15606936416184972
1 0.3355048859934853 0.12138728323699421 0.05374592833876222 0.0838150289017341
1 0.31026058631921827 0.15173410404624277 0.043973941368078175 0.07514450867052024
1 0.495114006514658 0.03468208092485549 0.0781758957654723 0.06936416184971098
1 0.5659609120521173 0.10982658959537572 0.08794788273615635 0.1531791907514451
1 0.21335504885993486 0.2658959537572254 0.043973941368078175 0.07225433526011561
1 0.3241042345276873 0.5101156069364162 0.07003257328990228 0.12427745664739884
1 0.36237785016286644 0.8786127167630058 0.06351791530944625 0.11271676300578035