0 0.40483870967741936 0.5650887573964497 0.04838709677419355 0.10355029585798817
0 0.3790322580645161 0.6316568047337278 0.04032258064516129 0.09467455621301775
0 0.6282258064516129 0.8446745562130178 0.041935483870967745 0.11834319526627218
0 0.7153225806451613 0.6005917159763313 0.05 0.11242603550295859
1 0.3879032258064516 0.9600591715976331 0.035483870967741936 0.07396449704142012
1 0.42338709677419356 0.23816568047337278 0.0532258064516129 0.08875739644970414
1 0.6137096774193549 0.45857988165680474 0.0532258064516129 0.10355029585798817
1 0.7596774193548387 0.3239644970414201 0.03064516129032258 0.08579881656804733
1 0.7508064516129033 0.886094674556213 0.037096774193548385 0.08875739644970414
1 0.6887096774193548 0.8979289940828402 0.056451612903225805 0.07692307692307693
1 0.7024193548387097 0.9644970414201184 0.03387096774193549 0.07100591715976332