0 0.014056224899598393 0.5091911764705882 0.028112449799196786 0.10661764705882353
0 0.018072289156626505 0.43566176470588236 0.03614457831325301 0.10661764705882353
0 0.014056224899598393 0.5606617647058824 0.028112449799196786 0.10661764705882353
0 0.025100401606425703 0.6323529411764706 0.050200803212851405 0.10294117647058823
0 0.22991967871485944 0.8897058823529411 0.06827309236947791 0.11029411764705882
0 0.3102409638554217 0.6121323529411765 0.06626506024096386 0.12867647058823528
0 0.2469879518072289 0.16911764705882354 0.07228915662650602 0.125
0 0.20582329317269077 0.18933823529411764 0.060240963855421686 0.11029411764705882
0 0.055220883534136546 0.3235294117647059 0.06827309236947791 0.11764705882352941
1 0.009036144578313253 0.7702205882352942 0.018072289156626505 0.12867647058823528
1 0.28413654618473894 0.7408088235294118 0.07028112449799197 0.11764705882352941
1 0.07429718875502007 0.5257352941176471 0.08634538152610442 0.13970588235294118
1 0.2821285140562249 0.46875 0.0783132530120482 0.11029411764705882
1 0.4538152610441767 0.28125 0.05421686746987952 0.11029411764705882
1 0.03112449799196787 0.13051470588235295 0.0321285140562249 0.11029411764705882
1 0.03614457831325301 0.08823529411764706 0.03413654618473896 0.09191176470588236
1 0.008032128514056224 0.8731617647058824 0.01606425702811245 0.0625
1 0.009036144578313253 0.8547794117647058 0.018072289156626505 0.08455882352941177