0 0.5879629629629629 0.12335526315789473 0.06296296296296296 0.1118421052631579
0 0.4935185185185185 0.2236842105263158 0.06666666666666667 0.09539473684210527
0 0.6037037037037037 0.3355263157894737 0.06851851851851852 0.12828947368421054
0 0.362962962962963 0.10855263157894737 0.05925925925925926 0.09210526315789473
0 0.05555555555555555 0.5904605263157895 0.053703703703703705 0.08552631578947369
0 0.09444444444444444 0.7615131578947368 0.07592592592592592 0.09210526315789473
0 0.3907407407407407 0.6957236842105263 0.06851851851851852 0.11842105263157894
0 0.4527777777777778 0.6299342105263158 0.07592592592592592 0.14144736842105263
0 0.4583333333333333 0.8569078947368421 0.08148148148148149 0.12171052631578948
1 0.15092592592592594 0.2944078947368421 0.07407407407407407 0.11513157894736842
1 0.1712962962962963 0.4605263157894737 0.06666666666666667 0.10197368421052631
1 0.21481481481481482 0.5526315789473685 0.08148148148148149 0.11842105263157894
1 0.19907407407407407 0.7483552631578947 0.06481481481481481 0.125
1 0.2796296296296296 0.42598684210526316 0.06666666666666667 0.14473684210526316
1 0.1935185185185185 0.14309210526315788 0.06481481481481481 0.09210526315789473
1 0.2833333333333333 0.24342105263157895 0.06296296296296296 0.12171052631578948
1 0.40925925925925927 0.4473684210526316 0.07037037037037037 0.12171052631578948
1 0.41388888888888886 0.12171052631578948 0.06666666666666667 0.10197368421052631