0 0.4787234042553192 0.7712264150943396 0.08244680851063829 0.1320754716981132
0 0.6502659574468085 0.18278301886792453 0.05585106382978723 0.09433962264150944
0 0.6861702127659575 0.20400943396226415 0.0598404255319149 0.09669811320754718
0 0.8184840425531915 0.3915094339622642 0.07180851063829788 0.10849056603773585
0 0.13430851063829788 0.9139150943396226 0.06914893617021277 0.10613207547169812
1 0.5033244680851063 0.3089622641509434 0.06648936170212766 0.11084905660377359
1 0.40558510638297873 0.4634433962264151 0.07446808510638298 0.12264150943396226
1 0.7367021276595744 0.6568396226415094 0.07579787234042554 0.1391509433962264
1 0.48138297872340424 0.8761792452830188 0.0625 0.12735849056603774
1 0.31183510638297873 0.9398584905660378 0.07579787234042554 0.12028301886792453
1 0.18018617021276595 0.7688679245283019 0.09308510638297872 0.14386792452830188
1 0.1163563829787234 0.6426886792452831 0.07313829787234043 0.11556603773584906