0 0.5982658959537572 0.038461538461538464 0.049132947976878616 0.05897435897435897
0 0.6307803468208093 0.2076923076923077 0.05202312138728324 0.1282051282051282
0 0.5997109826589595 0.37948717948717947 0.05635838150289017 0.12051282051282051
0 0.2579479768786127 0.5051282051282051 0.06647398843930635 0.11025641025641025
0 0.3388728323699422 0.015384615384615385 0.05635838150289017 0.03076923076923077
1 0.5570809248554913 0.8333333333333334 0.04335260115606936 0.1076923076923077
1 0.5621387283236994 0.6884615384615385 0.05057803468208093 0.09230769230769231
1 0.6777456647398844 0.2858974358974359 0.059248554913294796 0.10512820512820513
1 0.736271676300578 0.11538461538461539 0.05057803468208093 0.09230769230769231
1 0.7008670520231214 0.05641025641025641 0.044797687861271675 0.05897435897435897
1 0.4031791907514451 0.16538461538461538 0.06791907514450866 0.14615384615384616
1 0.24783236994219654 0.9166666666666666 0.06069364161849711 0.1