0 0.4704968944099379 0.4114285714285714 0.08540372670807453 0.15428571428571428
0 0.7135093167701864 0.42714285714285716 0.08385093167701864 0.15142857142857144
0 0.5760869565217391 0.03428571428571429 0.07142857142857142 0.06857142857142857
0 0.7531055900621118 0.36142857142857143 0.062111801242236024 0.12285714285714286
0 0.7321428571428571 0.6557142857142857 0.08385093167701864 0.15714285714285714
0 0.4417701863354037 0.49142857142857144 0.08229813664596274 0.14285714285714285
1 0.7274844720496895 0.30142857142857143 0.06677018633540373 0.12857142857142856
1 0.6133540372670807 0.6285714285714286 0.08074534161490683 0.15142857142857144
1 0.5341614906832298 0.18142857142857144 0.08385093167701864 0.16
1 0.3641304347826087 0.11714285714285715 0.06832298136645963 0.12285714285714286
1 0.4945652173913043 0.7742857142857142 0.07763975155279502 0.1457142857142857