0 0.4659090909090909 0.020100502512562814 0.048295454545454544 0.04020100502512563
0 0.47301136363636365 0.35175879396984927 0.08948863636363637 0.16080402010050251
0 0.5369318181818182 0.36809045226130654 0.08380681818181818 0.1457286432160804
0 0.6178977272727273 0.2399497487437186 0.08522727272727272 0.15326633165829145
0 0.7997159090909091 0.7525125628140703 0.05965909090909091 0.08040201005025126
1 0.29829545454545453 0.27638190954773867 0.078125 0.13316582914572864
1 0.3430397727272727 0.11306532663316583 0.05113636363636364 0.0829145728643216
1 0.4616477272727273 0.022613065326633167 0.05965909090909091 0.04522613065326633
1 0.6633522727272727 0.571608040201005 0.07954545454545454 0.135678391959799
1 0.7436079545454546 0.5201005025125628 0.07670454545454546 0.13819095477386933
1 0.6164772727272727 0.8831658291457286 0.09375 0.1708542713567839