0 0.4937150837988827 0.18564356435643564 0.061452513966480445 0.10891089108910891
0 0.36243016759776536 0.4566831683168317 0.055865921787709494 0.09900990099009901
0 0.3770949720670391 0.5965346534653465 0.06424581005586592 0.11386138613861387
0 0.34567039106145253 0.7784653465346535 0.07960893854748603 0.14603960396039603
0 0.5439944134078212 0.9566831683168316 0.06843575418994413 0.08663366336633663
0 0.7402234636871509 0.42326732673267325 0.0893854748603352 0.16831683168316833
0 0.7520949720670391 0.22153465346534654 0.05027932960893855 0.07920792079207921
1 0.7925977653631285 0.26732673267326734 0.04748603351955307 0.07673267326732673
1 0.638268156424581 0.0891089108910891 0.0446927374301676 0.07425742574257425
1 0.6026536312849162 0.04826732673267327 0.051675977653631286 0.08168316831683169
1 0.4825418994413408 0.24133663366336633 0.06284916201117319 0.11138613861386139
1 0.5097765363128491 0.41089108910891087 0.0782122905027933 0.13366336633663367
1 0.6557262569832403 0.6893564356435643 0.07960893854748603 0.13366336633663367
1 0.5258379888268156 0.7896039603960396 0.0893854748603352 0.1608910891089109
1 0.23393854748603352 0.7252475247524752 0.06424581005586592 0.1188118811881188