0 0.6508771929824562 0.240625 0.06491228070175438 0.1125
0 0.6780701754385965 0.3390625 0.05789473684210526 0.1
0 0.3929824561403509 0.5125 0.07368421052631578 0.140625
0 0.3719298245614035 0.040625 0.08421052631578947 0.08125
0 0.3850877192982456 0.0234375 0.07543859649122807 0.046875
0 0.4236842105263158 0.0203125 0.06140350877192982 0.040625
1 0.2578947368421053 0.5625 0.07543859649122807 0.125
1 0.4070175438596491 0.1640625 0.06140350877192982 0.1125
1 0.27631578947368424 0.3828125 0.06842105263157895 0.1375
1 0.5359649122807018 0.034375 0.054385964912280704 0.06875
1 0.5815789473684211 0.0515625 0.0456140350877193 0.075
1 0.7157894736842105 0.1109375 0.04912280701754386 0.06875
1 0.6131578947368421 0.6359375 0.06491228070175438 0.1125