0 0.5798507462686567 0.03439153439153439 0.058208955223880594 0.0582010582010582
0 0.517910447761194 0.03306878306878307 0.0626865671641791 0.06613756613756613
0 0.2902985074626866 0.13095238095238096 0.049253731343283584 0.10846560846560846
0 0.3447761194029851 0.14682539682539683 0.05223880597014925 0.12169312169312169
0 0.4634328358208955 0.376984126984127 0.056716417910447764 0.11904761904761904
0 0.5447761194029851 0.9788359788359788 0.06567164179104477 0.042328042328042326
0 0.6619402985074627 0.8994708994708994 0.05970149253731343 0.09788359788359788
1 0.4873134328358209 0.03306878306878307 0.049253731343283584 0.06613756613756613
1 0.3440298507462687 0.02513227513227513 0.04626865671641791 0.05026455026455026
1 0.30895522388059704 0.015873015873015872 0.04776119402985075 0.031746031746031744
1 0.46119402985074626 0.031746031746031744 0.04776119402985075 0.06349206349206349
1 0.25597014925373135 0.43386243386243384 0.050746268656716415 0.15079365079365079
1 0.47388059701492535 0.716931216931217 0.07014925373134329 0.09788359788359788
1 0.6485074626865671 0.7063492063492064 0.05970149253731343 0.10582010582010581
1 0.6537313432835821 0.5978835978835979 0.05223880597014925 0.09259259259259259