0 0.4076388888888889 0.5332512315270936 0.07222222222222222 0.12561576354679804
0 0.6013888888888889 0.35960591133004927 0.05 0.0960591133004926
0 0.6027777777777777 0.050492610837438424 0.0375 0.0665024630541872
0 0.3298611111111111 0.011083743842364532 0.04027777777777778 0.022167487684729065
0 0.24097222222222223 0.8004926108374384 0.03888888888888889 0.10837438423645321
1 0.4979166666666667 0.02832512315270936 0.04027777777777778 0.05665024630541872
1 0.2965277777777778 0.19704433497536947 0.06111111111111111 0.08866995073891626
1 0.3729166666666667 0.09113300492610837 0.06111111111111111 0.11330049261083744
1 0.5430555555555555 0.6366995073891626 0.059722222222222225 0.09359605911330049
1 0.3236111111111111 0.41502463054187194 0.06527777777777778 0.0960591133004926
1 0.4152777777777778 0.6958128078817734 0.05416666666666667 0.12807881773399016
1 0.35208333333333336 0.8571428571428571 0.0625 0.08866995073891626