0 0.8220524017467249 0.8275193798449613 0.03275109170305677 0.10852713178294573
0 0.26965065502183405 0.5368217054263565 0.07860262008733625 0.13565891472868216
0 0.22489082969432314 0.1375968992248062 0.07423580786026202 0.09689922480620156
0 0.42903930131004364 0.06395348837209303 0.07860262008733625 0.11627906976744186
0 0.6932314410480349 0.04844961240310078 0.08078602620087336 0.09689922480620156
0 0.601528384279476 0.013565891472868217 0.06331877729257641 0.027131782945736434
0 0.3569868995633188 0.06395348837209303 0.056768558951965066 0.05426356589147287
1 0.2205240174672489 0.11627906976744186 0.056768558951965066 0.046511627906976744
1 0.18777292576419213 0.16666666666666666 0.05021834061135371 0.1124031007751938
1 0.5644104803493449 0.7713178294573644 0.08078602620087336 0.18992248062015504
1 0.7390829694323144 0.3682170542635659 0.07860262008733625 0.1511627906976744
1 0.618995633187773 0.02131782945736434 0.07205240174672489 0.04263565891472868
1 0.6462882096069869 0.013565891472868217 0.07423580786026202 0.027131782945736434
1 0.5141921397379913 0.015503875968992248 0.06331877729257641 0.031007751937984496
1 0.5524017467248908 0.015503875968992248 0.0611353711790393 0.031007751937984496