0 0.4952681388012618 0.6537356321839081 0.07570977917981073 0.15804597701149425
0 0.32886435331230285 0.8879310344827587 0.061514195583596214 0.09482758620689655
0 0.38801261829652994 0.4640804597701149 0.06624605678233439 0.14367816091954022
0 0.5157728706624606 0.015804597701149427 0.04416403785488959 0.031609195402298854
0 0.7902208201892744 0.3232758620689655 0.05362776025236593 0.1235632183908046
0 0.694794952681388 0.7586206896551724 0.06466876971608833 0.12931034482758622
1 0.3785488958990536 0.9109195402298851 0.0583596214511041 0.10344827586206896
1 0.3856466876971609 0.5517241379310345 0.06309148264984227 0.10344827586206896
1 0.3083596214511041 0.7514367816091954 0.04574132492113565 0.09770114942528736
1 0.5741324921135647 0.17959770114942528 0.06309148264984227 0.11781609195402298
1 0.7799684542586751 0.41522988505747127 0.056782334384858045 0.10344827586206896
1 0.7350157728706624 0.1336206896551724 0.061514195583596214 0.06896551724137931