0 0.5020833333333333 0.7647783251231527 0.07083333333333333 0.13054187192118227
0 0.37569444444444444 0.4852216748768473 0.06388888888888888 0.11576354679802955
0 0.32708333333333334 0.12315270935960591 0.06388888888888888 0.0960591133004926
0 0.2076388888888889 0.3251231527093596 0.05555555555555555 0.11083743842364532
0 0.5361111111111111 0.0603448275862069 0.09166666666666666 0.1206896551724138
0 0.5513888888888889 0.5283251231527094 0.09305555555555556 0.1625615763546798
0 0.6881944444444444 0.7721674876847291 0.07777777777777778 0.1477832512315271
1 0.7402777777777778 0.6083743842364532 0.059722222222222225 0.10591133004926108
1 0.7013888888888888 0.5603448275862069 0.05416666666666667 0.11330049261083744
1 0.5583333333333333 0.9827586206896551 0.041666666666666664 0.034482758620689655
1 0.4666666666666667 0.7463054187192119 0.04722222222222222 0.09852216748768473
1 0.3013888888888889 0.20689655172413793 0.058333333333333334 0.11083743842364532
1 0.22083333333333333 0.19704433497536947 0.041666666666666664 0.0665024630541872
1 0.5236111111111111 0.01600985221674877 0.044444444444444446 0.03201970443349754