0 0.984375 0.5922818791946308 0.03125 0.09060402684563758
0 0.8253676470588235 0.8389261744966443 0.08088235294117647 0.11073825503355705
0 0.9852941176470589 0.7114093959731543 0.029411764705882353 0.087248322147651
0 0.9108455882352942 0.24328859060402686 0.06066176470588235 0.09395973154362416
0 0.4678308823529412 0.3288590604026846 0.08088235294117647 0.12751677852348994
0 0.10018382352941177 0.4546979865771812 0.07904411764705882 0.1174496644295302
0 0.2113970588235294 0.9513422818791947 0.06985294117647059 0.09731543624161074
1 0.04963235294117647 0.8087248322147651 0.0900735294117647 0.11073825503355705
1 0.02022058823529412 0.8708053691275168 0.029411764705882353 0.09395973154362416
1 0.6810661764705882 0.3875838926174497 0.0661764705882353 0.13087248322147652
1 0.7527573529411765 0.2802013422818792 0.06985294117647059 0.12080536912751678
1 0.8777573529411765 0.6778523489932886 0.06985294117647059 0.1174496644295302
1 0.9761029411764706 0.7684563758389261 0.04779411764705882 0.10738255033557047