0 0.6462655601659751 0.3860294117647059 0.08298755186721991 0.15073529411764705
0 0.7977178423236515 0.3161764705882353 0.08921161825726141 0.14705882352941177
0 0.8568464730290456 0.4099264705882353 0.0954356846473029 0.14338235294117646
0 0.8589211618257261 0.7481617647058824 0.1037344398340249 0.18382352941176472
1 0.5197095435684648 0.9595588235294118 0.09336099585062241 0.08088235294117647
1 0.9439834024896265 0.8125 0.058091286307053944 0.10661764705882353
1 0.9647302904564315 0.7352941176470589 0.04979253112033195 0.10661764705882353
1 0.9854771784232366 0.6011029411764706 0.029045643153526972 0.10661764705882353
1 0.9896265560165975 0.45588235294117646 0.02074688796680498 0.125
1 0.6037344398340249 0.23345588235294118 0.08298755186721991 0.14705882352941177
1 0.7759336099585062 0.6930147058823529 0.0975103734439834 0.14705882352941177