0 0.6903409090909091 0.3969849246231156 0.061079545454545456 0.09798994974874371
0 0.5383522727272727 0.4547738693467337 0.052556818181818184 0.09296482412060302
0 0.5461647727272727 0.5690954773869347 0.06818181818181818 0.11055276381909548
0 0.17258522727272727 0.6193467336683417 0.06392045454545454 0.10050251256281408
0 0.19460227272727273 0.6695979899497487 0.0625 0.08793969849246232
0 0.16761363636363635 0.7248743718592965 0.05539772727272727 0.09296482412060302
1 0.26136363636363635 0.3756281407035176 0.06392045454545454 0.09296482412060302
1 0.328125 0.5678391959798995 0.06392045454545454 0.09296482412060302
1 0.3757102272727273 0.699748743718593 0.05823863636363636 0.12814070351758794
1 0.3359375 0.821608040201005 0.05965909090909091 0.11557788944723618
1 0.38423295454545453 0.5615577889447236 0.05823863636363636 0.10804020100502512
1 0.3757102272727273 0.44221105527638194 0.05113636363636364 0.10552763819095477
1 0.5404829545454546 0.26884422110552764 0.05965909090909091 0.10552763819095477
1 0.7208806818181818 0.23492462311557788 0.056818181818181816 0.09045226130653267