0 0.6234177215189873 0.8197674418604651 0.08386075949367089 0.16279069767441862
0 0.5458860759493671 0.28924418604651164 0.0981012658227848 0.19767441860465115
0 0.5268987341772152 0.5203488372093024 0.09335443037974683 0.17732558139534885
0 0.307753164556962 0.48546511627906974 0.07911392405063292 0.15406976744186046
0 0.24367088607594936 0.25290697674418605 0.060126582278481014 0.10755813953488372
0 0.4248417721518987 0.046511627906976744 0.06487341772151899 0.09302325581395349
1 0.569620253164557 0.03343023255813953 0.0759493670886076 0.06686046511627906
1 0.6938291139240507 0.16715116279069767 0.06329113924050633 0.14534883720930233
1 0.7689873417721519 0.4811046511627907 0.08860759493670886 0.18313953488372092
1 0.46677215189873417 0.7005813953488372 0.061708860759493674 0.12790697674418605
1 0.252373417721519 0.2616279069767442 0.0680379746835443 0.12790697674418605
1 0.20727848101265822 0.28488372093023256 0.03164556962025317 0.06395348837209303