0 0.5142045454545454 0.013819095477386936 0.03977272727272727 0.02763819095477387
0 0.6264204545454546 0.5640703517587939 0.06392045454545454 0.12060301507537688
0 0.4971590909090909 0.6947236180904522 0.06818181818181818 0.15577889447236182
0 0.3366477272727273 0.1457286432160804 0.06534090909090909 0.13819095477386933
0 0.26988636363636365 0.12562814070351758 0.05823863636363636 0.07035175879396985
0 0.3465909090909091 0.0829145728643216 0.052556818181818184 0.06532663316582915
0 0.4431818181818182 0.2562814070351759 0.06534090909090909 0.13819095477386933
0 0.4680397727272727 0.02763819095477387 0.04971590909090909 0.05527638190954774
1 0.5482954545454546 0.16834170854271358 0.05539772727272727 0.10552763819095477
1 0.5546875 0.2889447236180904 0.05113636363636364 0.10552763819095477
1 0.32457386363636365 0.6934673366834171 0.07102272727272728 0.135678391959799
1 0.46875 0.9447236180904522 0.07670454545454546 0.11055276381909548
1 0.26420454545454547 0.3655778894472362 0.061079545454545456 0.10804020100502512
1 0.34375 0.2613065326633166 0.05965909090909091 0.11055276381909548
1 0.3884943181818182 0.1984924623115578 0.05539772727272727 0.10552763819095477
1 0.4161931818181818 0.04396984924623116 0.05397727272727273 0.06532663316582915
1 0.4971590909090909 0.21482412060301506 0.0625 0.11557788944723618