0 0.7747349823321554 0.1421875 0.06890459363957598 0.115625
0 0.6413427561837456 0.0828125 0.06007067137809187 0.096875
0 0.6908127208480566 0.0984375 0.0636042402826855 0.09375
0 0.8109540636042403 0.2140625 0.0353356890459364 0.09375
0 0.758833922261484 0.65 0.03180212014134275 0.084375
0 0.45671378091872794 0.0734375 0.0989399293286219 0.14375
0 0.30918727915194344 0.6375 0.07420494699646643 0.13125
0 0.6784452296819788 0.378125 0.044169611307420496 0.128125
1 0.284452296819788 0.496875 0.07420494699646643 0.134375
1 0.6042402826855123 0.4859375 0.07950530035335689 0.109375
1 0.7932862190812721 0.375 0.03180212014134275 0.096875
1 0.7871024734982333 0.4265625 0.026501766784452298 0.0625
1 0.8065371024734982 0.2390625 0.0353356890459364 0.096875
1 0.8215547703180212 0.1375 0.026501766784452298 0.059375