0 0.023851590106007067 0.278125 0.037102473498233215 0.128125
0 0.015901060070671377 0.5203125 0.03180212014134275 0.078125
0 0.4416961130742049 0.434375 0.07773851590106007 0.1375
0 0.5256183745583038 0.240625 0.06713780918727916 0.125
0 0.7906360424028268 0.1328125 0.06007067137809187 0.109375
0 0.7367491166077739 0.5453125 0.08480565371024736 0.128125
0 0.43197879858657245 0.5703125 0.09187279151943463 0.103125
0 0.7809187279151943 0.95 0.0706713780918728 0.1
1 0.1881625441696113 0.346875 0.0636042402826855 0.134375
1 0.013250883392226149 0.846875 0.026501766784452298 0.11875
1 0.49823321554770317 0.9390625 0.0706713780918728 0.121875
1 0.6104240282685512 0.8703125 0.11484098939929328 0.125
1 0.657243816254417 0.609375 0.05830388692579505 0.121875
1 0.7234982332155477 0.3484375 0.06537102473498234 0.125
1 0.9293286219081273 0.278125 0.06713780918727916 0.13125
1 0.2915194346289753 0.3046875 0.0706713780918728 0.096875