0 0.35269360269360267 0.8188622754491018 0.08080808080808081 0.16467065868263472
0 0.4663299663299663 0.8532934131736527 0.08080808080808081 0.1497005988023952
0 0.45707070707070707 0.7245508982035929 0.08922558922558922 0.18562874251497005
0 0.6001683501683501 0.6317365269461078 0.07912457912457913 0.16167664670658682
0 0.6397306397306397 0.5374251497005988 0.08080808080808081 0.1467065868263473
0 0.6473063973063973 0.33682634730538924 0.07575757575757576 0.1317365269461078
0 0.7441077441077442 0.687125748502994 0.06228956228956229 0.11676646706586827
1 0.7138047138047138 0.6062874251497006 0.06060606060606061 0.11976047904191617
1 0.718013468013468 0.842814371257485 0.05723905723905724 0.10479041916167664
1 0.680976430976431 0.8997005988023952 0.05723905723905724 0.05688622754491018
1 0.6043771043771043 0.9101796407185628 0.07407407407407407 0.1317365269461078