0 0.5430327868852459 0.31280193236714976 0.05327868852459016 0.09420289855072464
0 0.5792349726775956 0.7101449275362319 0.04918032786885246 0.09420289855072464
0 0.2540983606557377 0.822463768115942 0.06284153005464481 0.13285024154589373
0 0.3483606557377049 0.7246376811594203 0.06284153005464481 0.1111111111111111
0 0.3729508196721312 0.014492753623188406 0.04918032786885246 0.028985507246376812
0 0.4713114754098361 0.04830917874396135 0.05737704918032787 0.0966183574879227
0 0.4521857923497268 0.46497584541062803 0.06967213114754098 0.1111111111111111
1 0.491120218579235 0.0966183574879227 0.04781420765027322 0.08454106280193237
1 0.3702185792349727 0.013285024154589372 0.04644808743169399 0.026570048309178744
1 0.3251366120218579 0.20531400966183574 0.056010928961748634 0.09420289855072464
1 0.33401639344262296 0.3780193236714976 0.050546448087431695 0.0893719806763285
1 0.6010928961748634 0.09420289855072464 0.03825136612021858 0.07729468599033816
1 0.5922131147540983 0.40942028985507245 0.03961748633879782 0.0821256038647343