0 0.8417630057803468 0.8871794871794871 0.06069364161849711 0.11025641025641025
0 0.8294797687861272 0.573076923076923 0.05346820809248555 0.10256410256410256
0 0.8092485549132948 0.4705128205128205 0.05057803468208093 0.11025641025641025
0 0.4472543352601156 0.35384615384615387 0.057803468208092484 0.09230769230769231
0 0.13222543352601157 0.6974358974358974 0.08815028901734104 0.09743589743589744
0 0.22326589595375723 0.8641025641025641 0.06502890173410404 0.10256410256410256
0 0.2709537572254335 0.8448717948717949 0.07369942196531792 0.1076923076923077
0 0.838150289017341 0.967948717948718 0.057803468208092484 0.0641025641025641
1 0.6777456647398844 0.4282051282051282 0.05491329479768786 0.08717948717948718
1 0.5989884393063584 0.4205128205128205 0.05346820809248555 0.08974358974358974
1 0.6734104046242775 0.5538461538461539 0.06213872832369942 0.12564102564102564
1 0.7565028901734104 0.6089743589743589 0.07803468208092486 0.11282051282051282
1 0.6589595375722543 0.9487179487179487 0.06358381502890173 0.10256410256410256
1 0.48988439306358383 0.9423076923076923 0.07514450867052024 0.11538461538461539
1 0.05057803468208093 0.7371794871794872 0.057803468208092484 0.12307692307692308
1 0.13583815028901733 0.43974358974358974 0.07225433526011561 0.10512820512820513