0 0.45701058201058203 0.29577464788732394 0.06084656084656084 0.11267605633802817
0 0.7367724867724867 0.2007042253521127 0.05026455026455026 0.07981220657276995
0 0.792989417989418 0.2887323943661972 0.0701058201058201 0.12441314553990611
0 0.7625661375661376 0.34976525821596244 0.07142857142857142 0.13145539906103287
0 0.3994708994708995 0.8028169014084507 0.06349206349206349 0.11737089201877934
0 0.33994708994708994 0.8802816901408451 0.05026455026455026 0.08215962441314555
0 0.3029100529100529 0.8333333333333334 0.05952380952380952 0.09859154929577464
1 0.39616402116402116 0.5481220657276995 0.062169312169312166 0.107981220657277
1 0.36044973544973546 0.6279342723004695 0.05555555555555555 0.09859154929577464
1 0.41798941798941797 0.6713615023474179 0.06349206349206349 0.11971830985915492
1 0.44246031746031744 0.7946009389671361 0.06613756613756613 0.11502347417840375
1 0.5806878306878307 0.9272300469483568 0.07539682539682539 0.13849765258215962
1 0.671957671957672 0.6795774647887324 0.07804232804232804 0.14553990610328638
1 0.7652116402116402 0.2300469483568075 0.056878306878306875 0.08450704225352113
1 0.6263227513227513 0.07981220657276995 0.05291005291005291 0.08450704225352113