0 0.7395470383275261 0.4601910828025478 0.09407665505226481 0.17834394904458598
0 0.3893728222996516 0.6640127388535032 0.07491289198606271 0.14012738853503184
0 0.3405923344947735 0.5828025477707006 0.08188153310104529 0.15286624203821655
0 0.460801393728223 0.6162420382165605 0.08013937282229965 0.15286624203821655
0 0.740418118466899 0.28662420382165604 0.05574912891986063 0.12420382165605096
0 0.4259581881533101 0.03503184713375796 0.06445993031358885 0.07006369426751592
0 0.38153310104529614 0.07643312101910828 0.059233449477351915 0.09872611464968153
0 0.3336236933797909 0.13535031847133758 0.05226480836236934 0.08917197452229299
1 0.5078397212543554 0.022292993630573247 0.05400696864111498 0.044585987261146494
1 0.21428571428571427 0.28503184713375795 0.047038327526132406 0.07961783439490445
1 0.24912891986062718 0.2770700636942675 0.07142857142857142 0.1305732484076433
1 0.3423344947735192 0.3073248407643312 0.09233449477351917 0.16878980891719744
1 0.514808362369338 0.9124203821656051 0.078397212543554 0.14331210191082802
1 0.8388501742160279 0.5732484076433121 0.06097560975609756 0.11464968152866242
1 0.5966898954703833 0.03662420382165605 0.07491289198606271 0.0732484076433121
1 0.5418118466898955 0.03662420382165605 0.07665505226480836 0.0732484076433121