0 0.7076547231270358 0.6257225433526011 0.0781758957654723 0.16473988439306358
0 0.6270358306188925 0.7413294797687862 0.07003257328990228 0.13583815028901733
0 0.5887622149837134 0.6315028901734104 0.08631921824104234 0.13872832369942195
0 0.4511400651465798 0.6632947976878613 0.06351791530944625 0.12138728323699421
0 0.3941368078175896 0.6026011560693642 0.06840390879478828 0.1329479768786127
0 0.33794788273615634 0.4291907514450867 0.06677524429967427 0.11271676300578035
0 0.34283387622149836 0.8135838150289018 0.05537459283387622 0.10404624277456648
1 0.34120521172638435 0.7239884393063584 0.03908794788273615 0.08959537572254335
1 0.3933224755700326 0.9263005780346821 0.043973941368078175 0.11560693641618497
1 0.4543973941368078 0.9552023121387283 0.05863192182410423 0.08959537572254335
1 0.512214983713355 0.9017341040462428 0.050488599348534204 0.12716763005780346
1 0.5366449511400652 0.9739884393063584 0.043973941368078175 0.049132947976878616