0 0.7469758064516129 0.2949640287769784 0.07258064516129033 0.14388489208633093
0 0.748991935483871 0.41906474820143885 0.06854838709677419 0.1366906474820144
0 0.5352822580645161 0.41007194244604317 0.07056451612903226 0.12949640287769784
0 0.31048387096774194 0.5971223021582733 0.08266129032258064 0.16906474820143885
0 0.7379032258064516 0.9370503597122302 0.04435483870967742 0.12589928057553956
1 0.7469758064516129 0.7733812949640287 0.04233870967741935 0.12949640287769784
1 0.7792338709677419 0.3345323741007194 0.03024193548387097 0.09712230215827339
1 0.5725806451612904 0.046762589928057555 0.07459677419354839 0.08633093525179857
1 0.4213709677419355 0.9568345323741008 0.0625 0.07194244604316546
1 0.32963709677419356 0.9532374100719424 0.07056451612903226 0.046762589928057555
1 0.5161290322580645 0.9622302158273381 0.07661290322580645 0.07553956834532374