0 0.7844827586206896 0.0379746835443038 0.0896551724137931 0.0759493670886076
0 0.5870689655172414 0.11075949367088607 0.08620689655172414 0.13924050632911392
0 0.8577586206896551 0.8132911392405063 0.06724137931034482 0.08227848101265822
0 0.7586206896551724 0.805379746835443 0.07241379310344828 0.13291139240506328
0 0.24224137931034484 0.5458860759493671 0.06896551724137931 0.13924050632911392
0 0.3232758620689655 0.125 0.07758620689655173 0.13291139240506328
0 0.1793103448275862 0.45569620253164556 0.07931034482758621 0.14556962025316456
0 0.05775862068965517 0.759493670886076 0.07758620689655173 0.12974683544303797
1 0.9112068965517242 0.08860759493670886 0.0706896551724138 0.12658227848101267
1 0.9344827586206896 0.5205696202531646 0.07413793103448275 0.12025316455696203
1 0.6767241379310345 0.4810126582278481 0.07758620689655173 0.12025316455696203
1 0.03706896551724138 0.29430379746835444 0.0706896551724138 0.1518987341772152
1 0.01293103448275862 0.49841772151898733 0.02586206896551724 0.11708860759493671
1 0.22155172413793103 0.8765822784810127 0.09137931034482759 0.12974683544303797