0 0.7005703422053232 0.7170138888888888 0.0779467680608365 0.15625
0 0.7452471482889734 0.03298611111111111 0.045627376425855515 0.06597222222222222
0 0.526615969581749 0.036458333333333336 0.049429657794676805 0.07291666666666667
0 0.6045627376425855 0.06597222222222222 0.06844106463878327 0.13194444444444445
0 0.33269961977186313 0.036458333333333336 0.057034220532319393 0.07291666666666667
0 0.3574144486692015 0.024305555555555556 0.045627376425855515 0.04861111111111111
0 0.31749049429657794 0.6788194444444444 0.057034220532319393 0.12152777777777778
1 0.7442965779467681 0.18055555555555555 0.058935361216730035 0.125
1 0.7290874524714829 0.3454861111111111 0.0741444866920152 0.09375
1 0.4049429657794677 0.026041666666666668 0.03802281368821293 0.052083333333333336
1 0.44866920152091255 0.026041666666666668 0.030418250950570342 0.052083333333333336
1 0.33460076045627374 0.125 0.060836501901140684 0.125
1 0.3203422053231939 0.2881944444444444 0.058935361216730035 0.11805555555555555
1 0.2994296577946768 0.8767361111111112 0.058935361216730035 0.14930555555555555
1 0.46387832699619774 0.13020833333333334 0.07604562737642585 0.12152777777777778