0 0.5447635135135135 0.030864197530864196 0.052364864864864864 0.05864197530864197
0 0.5793918918918919 0.026234567901234566 0.048986486486486486 0.046296296296296294
0 0.7398648648648649 0.044753086419753084 0.05574324324324324 0.06172839506172839
0 0.6106418918918919 0.030864197530864196 0.048986486486486486 0.05246913580246913
0 0.4189189189189189 0.39351851851851855 0.048986486486486486 0.11419753086419752
0 0.3969594594594595 0.45524691358024694 0.05405405405405406 0.12962962962962962
0 0.5785472972972973 0.5910493827160493 0.057432432432432436 0.10802469135802469
0 0.7221283783783784 0.5092592592592593 0.05067567567567568 0.1111111111111111
1 0.40118243243243246 0.024691358024691357 0.04560810810810811 0.04938271604938271
1 0.41807432432432434 0.043209876543209874 0.05574324324324324 0.08641975308641975
1 0.43496621621621623 0.7592592592592593 0.05405405405405406 0.09876543209876543
1 0.5793918918918919 0.2330246913580247 0.052364864864864864 0.09567901234567901
1 0.65625 0.566358024691358 0.05574324324324324 0.1111111111111111
1 0.7018581081081081 0.13271604938271606 0.05405405405405406 0.08950617283950617
1 0.7694256756756757 0.15123456790123457 0.02364864864864865 0.08950617283950617
1 0.7592905405405406 0.046296296296296294 0.04054054054054054 0.06172839506172839
1 0.5768581081081081 0.030864197530864196 0.04560810810810811 0.05555555555555555
1 0.7390202702702703 0.041666666666666664 0.048986486486486486 0.05555555555555555