0 0.4471299093655589 0.8235294117647058 0.0755287009063444 0.13368983957219252
0 0.8149546827794562 0.9692513368983957 0.08006042296072508 0.06149732620320856
0 0.5347432024169184 0.3783422459893048 0.0649546827794562 0.11229946524064172
0 0.31419939577039274 0.42513368983957217 0.08157099697885196 0.13903743315508021
0 0.23187311178247735 0.7847593582887701 0.10120845921450151 0.15775401069518716
1 0.033987915407854986 0.6096256684491979 0.06797583081570997 0.13903743315508021
1 0.12235649546827794 0.3890374331550802 0.08157099697885196 0.15240641711229946
1 0.4108761329305136 0.15775401069518716 0.07401812688821752 0.13101604278074866
1 0.7001510574018127 0.5280748663101604 0.07401812688821752 0.12032085561497326
1 0.8444108761329305 0.7513368983957219 0.07099697885196375 0.10962566844919786
1 0.676737160120846 0.9652406417112299 0.07854984894259819 0.06951871657754011
1 0.4176737160120846 0.9278074866310161 0.09516616314199396 0.13636363636363635