0 0.6651234567901234 0.5532786885245902 0.08641975308641975 0.14754098360655737
0 0.5192901234567902 0.25 0.07561728395061729 0.13114754098360656
0 0.24768518518518517 0.045081967213114756 0.09722222222222222 0.09016393442622951
0 0.4567901234567901 0.028688524590163935 0.07098765432098765 0.05737704918032787
0 0.20910493827160495 0.46584699453551914 0.11265432098765432 0.19398907103825136
0 0.5092592592592593 0.5983606557377049 0.10802469135802469 0.19398907103825136
0 0.6296296296296297 0.9139344262295082 0.09567901234567901 0.16393442622950818
1 0.5177469135802469 0.9590163934426229 0.06944444444444445 0.08196721311475409
1 0.49691358024691357 0.894808743169399 0.07098765432098765 0.11748633879781421
1 0.8047839506172839 0.726775956284153 0.06172839506172839 0.1092896174863388
1 0.6612654320987654 0.4808743169398907 0.06172839506172839 0.10382513661202186
1 0.36342592592592593 0.0546448087431694 0.07253086419753087 0.1092896174863388
1 0.36496913580246915 0.0273224043715847 0.06635802469135803 0.0546448087431694
1 0.046296296296296294 0.2814207650273224 0.06790123456790123 0.11475409836065574