0 0.39571005917159763 0.8081081081081081 0.05325443786982249 0.12972972972972974
0 0.4467455621301775 0.8513513513513513 0.07396449704142012 0.12702702702702703
0 0.3816568047337278 0.5243243243243243 0.05029585798816568 0.10810810810810811
0 0.38461538461538464 0.4635135135135135 0.06360946745562131 0.10810810810810811
0 0.47041420118343197 0.48243243243243245 0.060650887573964495 0.10540540540540541
0 0.47633136094674555 0.016216216216216217 0.04437869822485207 0.032432432432432434
0 0.5155325443786982 0.01891891891891892 0.051775147928994084 0.03783783783783784
0 0.7892011834319527 0.30945945945945946 0.06360946745562131 0.13513513513513514
1 0.6723372781065089 0.831081081081081 0.06656804733727811 0.11621621621621622
1 0.591715976331361 0.9324324324324325 0.05917159763313609 0.13513513513513514
1 0.3291420118343195 0.7283783783783784 0.05325443786982249 0.10270270270270271
1 0.5436390532544378 0.577027027027027 0.05029585798816568 0.12432432432432433
1 0.41494082840236685 0.26756756756756755 0.05917159763313609 0.0945945945945946
1 0.3853550295857988 0.016216216216216217 0.042899408284023666 0.032432432432432434
1 0.6168639053254438 0.07297297297297298 0.04881656804733728 0.07297297297297298
1 0.7307692307692307 0.14864864864864866 0.05473372781065089 0.07297297297297298