0 0.13372093023255813 0.900709219858156 0.07945736434108527 0.1347517730496454
0 0.1375968992248062 0.9468085106382979 0.08139534883720931 0.10638297872340426
0 0.27906976744186046 0.8900709219858156 0.09496124031007752 0.16666666666666666
0 0.6308139534883721 0.4078014184397163 0.10077519379844961 0.1879432624113475
0 0.4050387596899225 0.23581560283687944 0.08333333333333333 0.14893617021276595
0 0.437984496124031 0.15070921985815602 0.09883720930232558 0.1773049645390071
0 0.436046511627907 0.7570921985815603 0.08914728682170543 0.1595744680851064
0 0.6511627906976745 0.7039007092198581 0.08914728682170543 0.16312056737588654
0 0.7267441860465116 0.7872340425531915 0.0755813953488372 0.12056737588652482
1 0.22674418604651161 0.43439716312056736 0.08914728682170543 0.16312056737588654
1 0.6056201550387597 0.06382978723404255 0.09883720930232558 0.1276595744680851
1 0.08817829457364341 0.5780141843971631 0.08527131782945736 0.1453900709219858
1 0.20736434108527133 0.8918439716312057 0.07945736434108527 0.13120567375886524
1 0.5174418604651163 0.9769503546099291 0.08914728682170543 0.04609929078014184
1 0.4496124031007752 0.9024822695035462 0.07945736434108527 0.1453900709219858
1 0.6598837209302325 0.5762411347517731 0.08333333333333333 0.14893617021276595
1 0.42829457364341084 0.6205673758865248 0.09302325581395349 0.1702127659574468