0 0.8070469798657718 0.03834355828220859 0.08053691275167785 0.07668711656441718
0 0.7172818791946308 0.13190184049079753 0.10738255033557047 0.18711656441717792
0 0.9588926174496645 0.17638036809815952 0.053691275167785234 0.10736196319018405
0 0.639261744966443 0.7745398773006135 0.07214765100671142 0.12883435582822086
0 0.32046979865771813 0.5874233128834356 0.10906040268456375 0.18711656441717792
0 0.32466442953020136 0.45858895705521474 0.08389261744966443 0.15337423312883436
1 0.8053691275167785 0.12883435582822086 0.09060402684563758 0.15950920245398773
1 0.912751677852349 0.03834355828220859 0.04697986577181208 0.07668711656441718
1 0.6442953020134228 0.5291411042944786 0.09060402684563758 0.15030674846625766
1 0.9278523489932886 0.4539877300613497 0.087248322147651 0.15644171779141106
1 0.5 0.9401840490797546 0.0738255033557047 0.1196319018404908
1 0.6375838926174496 0.8803680981595092 0.07214765100671142 0.12883435582822086
1 0.4966442953020134 0.1549079754601227 0.09060402684563758 0.17484662576687116
1 0.12919463087248323 0.5475460122699386 0.08389261744966443 0.15337423312883436
1 0.23154362416107382 0.9815950920245399 0.10067114093959731 0.03680981595092025