0 0.45071428571428573 0.03426395939086294 0.05285714285714286 0.06852791878172589
0 0.4042857142857143 0.05710659898477157 0.045714285714285714 0.07614213197969544
0 0.42 0.21192893401015228 0.06571428571428571 0.12944162436548223
0 0.24 0.1865482233502538 0.05 0.07106598984771574
0 0.20142857142857143 0.21954314720812182 0.05285714285714286 0.07360406091370558
0 0.6364285714285715 0.5951776649746193 0.05857142857142857 0.1116751269035533
1 0.31785714285714284 0.7284263959390863 0.07285714285714286 0.13451776649746192
1 0.24785714285714286 0.44543147208121825 0.07142857142857142 0.12944162436548223
1 0.38785714285714284 0.2817258883248731 0.06142857142857143 0.1116751269035533
1 0.3007142857142857 0.13959390862944163 0.05142857142857143 0.07614213197969544
1 0.46714285714285714 0.31852791878172587 0.06857142857142857 0.11928934010152284
1 0.525 0.24746192893401014 0.05714285714285714 0.10152284263959391
1 0.5471428571428572 0.35152284263959394 0.05857142857142857 0.10152284263959391