0 0.5584291187739464 0.01232394366197183 0.06321839080459771 0.02464788732394366
0 0.5191570881226054 0.01232394366197183 0.05363984674329502 0.02464788732394366
0 0.5162835249042146 0.035211267605633804 0.07471264367816093 0.07042253521126761
0 0.5124521072796935 0.06866197183098592 0.09003831417624521 0.13732394366197184
0 0.5833333333333334 0.29401408450704225 0.08812260536398467 0.15140845070422534
0 0.5996168582375478 0.40316901408450706 0.09961685823754789 0.16549295774647887
0 0.3726053639846743 0.0528169014084507 0.06130268199233716 0.04929577464788732
0 0.34770114942528735 0.3028169014084507 0.0842911877394636 0.16901408450704225
0 0.22796934865900384 0.38380281690140844 0.05363984674329502 0.15140845070422534
0 0.2624521072796935 0.7640845070422535 0.038314176245210725 0.176056338028169
1 0.6331417624521073 0.017605633802816902 0.05938697318007663 0.035211267605633804
1 0.5622605363984674 0.017605633802816902 0.05172413793103448 0.035211267605633804
1 0.60727969348659 0.02112676056338028 0.05363984674329502 0.04225352112676056
1 0.7279693486590039 0.6795774647887324 0.05938697318007663 0.11267605633802817
1 0.42049808429118773 0.03169014084507042 0.044061302681992334 0.03873239436619718
1 0.39080459770114945 0.056338028169014086 0.05172413793103448 0.06690140845070422
1 0.3103448275862069 0.10035211267605634 0.06704980842911877 0.09507042253521127
1 0.25383141762452105 0.11267605633802817 0.05938697318007663 0.07042253521126761
1 0.19827586206896552 0.13556338028169015 0.0421455938697318 0.07042253521126761