0 0.49614197530864196 0.7486338797814208 0.07253086419753087 0.1448087431693989
0 0.5925925925925926 0.6188524590163934 0.05401234567901234 0.10109289617486339
0 0.6651234567901234 0.9166666666666666 0.044753086419753084 0.04918032786885246
0 0.5478395061728395 0.1366120218579235 0.06481481481481481 0.11748633879781421
1 0.6242283950617284 0.08196721311475409 0.05864197530864197 0.10655737704918032
1 0.5370370370370371 0.4453551912568306 0.06790123456790123 0.12568306010928962
1 0.6219135802469136 0.6871584699453552 0.06172839506172839 0.10655737704918032
1 0.4212962962962963 0.6830601092896175 0.06481481481481481 0.13387978142076504
1 0.5725308641975309 0.7704918032786885 0.06635802469135803 0.12021857923497267
1 0.4228395061728395 0.8292349726775956 0.08024691358024691 0.1448087431693989
1 0.32947530864197533 0.9139344262295082 0.07253086419753087 0.12568306010928962