0 0.6325088339222615 0.1 0.06537102473498234 0.1064516129032258
0 0.7729681978798587 0.2435483870967742 0.06890459363957598 0.10967741935483871
0 0.4363957597173145 0.02258064516129032 0.06007067137809187 0.04516129032258064
0 0.46996466431095407 0.02258064516129032 0.05653710247349823 0.04516129032258064
0 0.31095406360424027 0.1435483870967742 0.05830388692579505 0.13870967741935483
0 0.6130742049469965 0.6451612903225806 0.08480565371024736 0.15806451612903225
0 0.6448763250883393 0.5645161290322581 0.0812720848056537 0.15161290322580645
1 0.6969964664310954 0.19032258064516128 0.08480565371024736 0.15161290322580645
1 0.5212014134275619 0.9225806451612903 0.08480565371024736 0.15161290322580645
1 0.730565371024735 0.2854838709677419 0.0636042402826855 0.12580645161290321
1 0.553886925795053 0.017741935483870968 0.05830388692579505 0.035483870967741936
1 0.16607773851590105 0.6241935483870967 0.05653710247349823 0.12580645161290321
1 0.4125441696113074 0.020967741935483872 0.05830388692579505 0.041935483870967745
1 0.4178445229681979 0.06774193548387097 0.09010600706713781 0.13548387096774195