0 0.4756637168141593 0.9083769633507853 0.05309734513274336 0.1099476439790576
0 0.5228613569321534 0.9201570680628273 0.06932153392330384 0.14397905759162305
0 0.41297935103244837 0.24214659685863874 0.06784660766961652 0.12041884816753927
0 0.29277286135693215 0.014397905759162303 0.04277286135693215 0.028795811518324606
0 0.47050147492625366 0.02225130890052356 0.06784660766961652 0.04450261780104712
0 0.7249262536873157 0.11387434554973822 0.06932153392330384 0.10732984293193717
0 0.6585545722713865 0.1950261780104712 0.07374631268436578 0.12827225130890052
1 0.38495575221238937 0.5536649214659686 0.05752212389380531 0.1099476439790576
1 0.3023598820058997 0.04057591623036649 0.05309734513274336 0.08115183246073299
1 0.3525073746312684 0.013089005235602094 0.04129793510324484 0.02617801047120419
1 0.7035398230088495 0.08115183246073299 0.04424778761061947 0.05235602094240838
1 0.6548672566371682 0.5732984293193717 0.05752212389380531 0.10732984293193717
1 0.6607669616519174 0.756544502617801 0.061946902654867256 0.11780104712041885
1 0.37610619469026546 0.9201570680628273 0.0471976401179941 0.0968586387434555