0 0.3781818181818182 0.8193548387096774 0.11636363636363636 0.2129032258064516
0 0.7327272727272728 0.9451612903225807 0.08727272727272728 0.10967741935483871
0 0.8127272727272727 0.5048387096774194 0.07454545454545454 0.12258064516129032
0 0.7763636363636364 0.4080645161290323 0.07090909090909091 0.12580645161290321
0 0.01090909090909091 0.39838709677419354 0.02181818181818182 0.0935483870967742
0 0.034545454545454546 0.45 0.06909090909090909 0.15161290322580645
1 0.6363636363636364 0.16774193548387098 0.08545454545454545 0.14516129032258066
1 0.7472727272727273 0.8161290322580645 0.08 0.12903225806451613
1 0.6236363636363637 0.6370967741935484 0.10363636363636364 0.16129032258064516
1 0.49 0.9370967741935484 0.08181818181818182 0.12580645161290321
1 0.24181818181818182 0.7048387096774194 0.08181818181818182 0.16129032258064516
1 0.19272727272727272 0.33064516129032256 0.08545454545454545 0.17096774193548386
1 0.045454545454545456 0.20806451612903226 0.06727272727272728 0.12903225806451613