0 0.07587859424920128 0.7244318181818182 0.06230031948881789 0.10227272727272728
0 0.20047923322683706 0.7457386363636364 0.06230031948881789 0.08238636363636363
0 0.2571884984025559 0.8096590909090909 0.0670926517571885 0.09659090909090909
0 0.2340255591054313 0.390625 0.06549520766773163 0.08238636363636363
0 0.14376996805111822 0.3778409090909091 0.05750798722044728 0.07954545454545454
0 0.4049520766773163 0.46875 0.06549520766773163 0.10227272727272728
0 0.5870607028753994 0.22727272727272727 0.06230031948881789 0.09090909090909091
1 0.46645367412140576 0.8423295454545454 0.06389776357827476 0.11079545454545454
1 0.4305111821086262 0.30113636363636365 0.04952076677316294 0.09659090909090909
1 0.323482428115016 0.24431818181818182 0.05591054313099041 0.07386363636363637
1 0.18370607028753994 0.1278409090909091 0.06070287539936102 0.07386363636363637
1 0.3330670926517572 0.5965909090909091 0.06230031948881789 0.10227272727272728
1 0.1781150159744409 0.4786931818181818 0.05910543130990415 0.08238636363636363
1 0.12380191693290735 0.4630681818181818 0.052715654952076675 0.07954545454545454