0 0.8439306358381503 0.7615384615384615 0.05491329479768786 0.09487179487179487
0 0.8352601156069365 0.5384615384615384 0.05346820809248555 0.09230769230769231
0 0.740606936416185 0.358974358974359 0.05635838150289017 0.09487179487179487
0 0.36777456647398843 0.8653846153846154 0.059248554913294796 0.07692307692307693
0 0.18063583815028902 0.8064102564102564 0.0476878612716763 0.11282051282051282
0 0.12066473988439307 0.7961538461538461 0.07514450867052024 0.12564102564102564
0 0.13800578034682082 0.21153846153846154 0.06358381502890173 0.08717948717948718
1 0.8446531791907514 0.30641025641025643 0.059248554913294796 0.06153846153846154
1 0.5592485549132948 0.3141025641025641 0.057803468208092484 0.08974358974358974
1 0.1755780346820809 0.019230769230769232 0.059248554913294796 0.038461538461538464
1 0.15173410404624277 0.4358974358974359 0.06358381502890173 0.11025641025641025
1 0.4060693641618497 0.7256410256410256 0.05057803468208093 0.08974358974358974
1 0.5722543352601156 0.8525641025641025 0.06647398843930635 0.11025641025641025
1 0.6726878612716763 0.8717948717948718 0.06358381502890173 0.1