0 0.37056213017751477 0.01756756756756757 0.060650887573964495 0.03513513513513514
0 0.5909763313609467 0.043243243243243246 0.051775147928994084 0.06486486486486487
0 0.6982248520710059 0.21486486486486486 0.07100591715976332 0.11621621621621622
0 0.7507396449704142 0.3810810810810811 0.05621301775147929 0.11621621621621622
0 0.4230769230769231 0.8540540540540541 0.0621301775147929 0.12162162162162163
1 0.43047337278106507 0.02027027027027027 0.05621301775147929 0.04054054054054054
1 0.5236686390532544 0.02702702702702703 0.05621301775147929 0.05405405405405406
1 0.6856508875739645 0.55 0.06804733727810651 0.11621621621621622
1 0.7137573964497042 0.7081081081081081 0.05621301775147929 0.10270270270270271
1 0.5606508875739645 0.6837837837837838 0.05917159763313609 0.11081081081081082
1 0.6974852071005917 0.9851351351351352 0.051775147928994084 0.02972972972972973