0 0.4001597444089457 0.4786931818181818 0.0670926517571885 0.12215909090909091
0 0.4464856230031949 0.3494318181818182 0.07667731629392971 0.17329545454545456
0 0.6477635782747604 0.3366477272727273 0.07188498402555911 0.16193181818181818
0 0.5271565495207667 0.03409090909090909 0.07667731629392971 0.06818181818181818
0 0.3450479233226837 0.019886363636363636 0.0670926517571885 0.03977272727272727
1 0.4097444089456869 0.9389204545454546 0.07348242811501597 0.09659090909090909
1 0.6421725239616614 0.06818181818181818 0.04792332268370607 0.06534090909090909
1 0.5838658146964856 0.0625 0.0670926517571885 0.10227272727272728
1 0.7452076677316294 0.34232954545454547 0.07188498402555911 0.11647727272727272
1 0.48242811501597443 0.12215909090909091 0.06230031948881789 0.11363636363636363
1 0.3538338658146965 0.05539772727272727 0.06549520766773163 0.11079545454545454
1 0.2803514376996805 0.19744318181818182 0.07348242811501597 0.125