0 0.5148648648648648 0.18181818181818182 0.06351351351351352 0.11722488038277512
0 0.5371621621621622 0.4150717703349282 0.06891891891891892 0.1291866028708134
0 0.4804054054054054 0.45454545454545453 0.06351351351351352 0.12440191387559808
0 0.668918918918919 0.8277511961722488 0.05540540540540541 0.11483253588516747
0 0.5358108108108108 0.8779904306220095 0.05810810810810811 0.11961722488038277
1 0.3878378378378378 0.8947368421052632 0.06756756756756757 0.11961722488038277
1 0.45675675675675675 0.777511961722488 0.06486486486486487 0.11004784688995216
1 0.49864864864864866 0.7416267942583732 0.05675675675675676 0.10047846889952153
1 0.5445945945945946 0.8050239234449761 0.05405405405405406 0.11722488038277512
1 0.6432432432432432 0.8923444976076556 0.0445945945945946 0.09090909090909091
1 0.5594594594594594 0.6949760765550239 0.06486486486486487 0.11004784688995216
1 0.6141891891891892 0.43301435406698563 0.060810810810810814 0.11244019138755981
1 0.5918918918918918 0.11004784688995216 0.05405405405405406 0.10287081339712918