0 0.8217741935483871 0.21597633136094674 0.054838709677419356 0.08875739644970414
0 0.5758064516129032 0.3801775147928994 0.07741935483870968 0.14792899408284024
0 0.42338709677419356 0.9615384615384616 0.054838709677419356 0.0650887573964497
0 0.4282258064516129 0.17307692307692307 0.07741935483870968 0.15384615384615385
0 0.5467741935483871 0.03550295857988166 0.05161290322580645 0.07100591715976332
1 0.6040322580645161 0.07248520710059171 0.054838709677419356 0.08875739644970414
1 0.7911290322580645 0.1760355029585799 0.04516129032258064 0.05029585798816568
1 0.42096774193548386 0.019230769230769232 0.04838709677419355 0.038461538461538464
1 0.38870967741935486 0.5517751479289941 0.07741935483870968 0.1390532544378698
1 0.3911290322580645 0.6568047337278107 0.08064516129032258 0.1301775147928994
1 0.8112903225806452 0.3254437869822485 0.0467741935483871 0.1301775147928994
1 0.6508064516129032 0.6982248520710059 0.07903225806451612 0.15088757396449703