0 0.5818965517241379 0.9540816326530612 0.04597701149425287 0.07908163265306123
0 0.48204022988505746 0.5676020408163265 0.05890804597701149 0.11479591836734694
0 0.48060344827586204 0.42857142857142855 0.05747126436781609 0.11224489795918367
0 0.3505747126436782 0.29336734693877553 0.06321839080459771 0.10204081632653061
1 0.26436781609195403 0.33290816326530615 0.05459770114942529 0.09948979591836735
1 0.4202586206896552 0.5586734693877551 0.07471264367816093 0.1377551020408163
1 0.4978448275862069 0.7793367346938775 0.05747126436781609 0.10204081632653061
1 0.5675287356321839 0.7244897959183674 0.07614942528735633 0.14030612244897958
1 0.6379310344827587 0.6084183673469388 0.06609195402298851 0.125
1 0.6875 0.5637755102040817 0.07471264367816093 0.14030612244897958
1 0.7665229885057471 0.5318877551020408 0.07327586206896551 0.11734693877551021
1 0.617816091954023 0.9272959183673469 0.04885057471264368 0.07653061224489796