0 0.22442244224422442 0.4678362573099415 0.066006600660066 0.11403508771929824
0 0.10148514851485149 0.7719298245614035 0.06765676567656766 0.0935672514619883
0 0.528052805280528 0.9312865497076024 0.07590759075907591 0.13742690058479531
0 0.8547854785478548 0.36403508771929827 0.08250825082508251 0.1286549707602339
0 0.91996699669967 0.42543859649122806 0.09075907590759076 0.19298245614035087
1 0.7920792079207921 0.09941520467836257 0.06930693069306931 0.09064327485380116
1 0.8506600660066007 0.04532163742690058 0.07425742574257425 0.0847953216374269
1 0.5742574257425742 0.2880116959064328 0.07260726072607261 0.0935672514619883
1 0.6023102310231023 0.5730994152046783 0.06765676567656766 0.1286549707602339
1 0.731023102310231 0.7587719298245614 0.07755775577557755 0.1111111111111111
1 0.9298679867986799 0.827485380116959 0.09405940594059406 0.10818713450292397
1 0.23184818481848185 0.9853801169590644 0.06435643564356436 0.029239766081871343
1 0.4183168316831683 0.29239766081871343 0.066006600660066 0.13450292397660818