0 0.22777777777777777 0.49829931972789115 0.046296296296296294 0.11904761904761904
0 0.5231481481481481 0.02891156462585034 0.06111111111111111 0.05782312925170068
0 0.6287037037037037 0.08163265306122448 0.06666666666666667 0.08843537414965986
0 0.5740740740740741 0.04931972789115646 0.07777777777777778 0.09863945578231292
0 0.4666666666666667 0.011904761904761904 0.044444444444444446 0.023809523809523808
0 0.7064814814814815 0.24149659863945577 0.08518518518518518 0.1836734693877551
0 0.8212962962962963 0.20918367346938777 0.05 0.08503401360544217
0 0.7648148148148148 0.15476190476190477 0.05185185185185185 0.05782312925170068
1 0.8111111111111111 0.18537414965986396 0.06851851851851852 0.07142857142857142
1 0.7148148148148148 0.141156462585034 0.07592592592592592 0.10204081632653061
1 0.6296296296296297 0.06802721088435375 0.06481481481481481 0.06462585034013606
1 0.5138888888888888 0.017006802721088437 0.06481481481481481 0.034013605442176874
1 0.4537037037037037 0.023809523809523808 0.07037037037037037 0.047619047619047616
1 0.40185185185185185 0.16666666666666666 0.08703703703703704 0.17006802721088435
1 0.3277777777777778 0.29931972789115646 0.08888888888888889 0.1598639455782313
1 0.3148148148148148 0.8350340136054422 0.07222222222222222 0.14965986394557823