0 0.6417525773195877 0.9119496855345912 0.054982817869415807 0.07547169811320754
0 0.7465635738831615 0.3490566037735849 0.04982817869415808 0.14465408805031446
0 0.6769759450171822 0.2531446540880503 0.07388316151202749 0.1540880503144654
0 0.6099656357388317 0.17138364779874213 0.07388316151202749 0.1509433962264151
0 0.5747422680412371 0.25943396226415094 0.061855670103092786 0.13836477987421383
0 0.46048109965635736 0.6588050314465409 0.07903780068728522 0.15723270440251572
0 0.4029209621993127 0.85062893081761 0.07388316151202749 0.14465408805031446
1 0.3445017182130584 0.5062893081761006 0.06529209621993128 0.14150943396226415
1 0.5240549828178694 0.2720125786163522 0.07731958762886598 0.1509433962264151
1 0.5489690721649485 0.5911949685534591 0.06357388316151202 0.14150943396226415
1 0.6168384879725086 0.5990566037735849 0.070446735395189 0.14465408805031446
1 0.6520618556701031 0.5377358490566038 0.07731958762886598 0.1509433962264151
1 0.6606529209621993 0.015723270440251572 0.02577319587628866 0.031446540880503145
1 0.7869415807560137 0.7374213836477987 0.06529209621993128 0.1320754716981132
1 0.7233676975945017 0.5644654088050315 0.06529209621993128 0.1289308176100629