0 0.5305555555555556 0.017241379310344827 0.041666666666666664 0.034482758620689655
0 0.5944444444444444 0.054187192118226604 0.04861111111111111 0.06896551724137931
0 0.6520833333333333 0.6182266009852216 0.06944444444444445 0.12315270935960591
0 0.41458333333333336 0.5258620689655172 0.06666666666666667 0.12315270935960591
0 0.6402777777777777 0.8854679802955665 0.075 0.13793103448275862
1 0.48541666666666666 0.20812807881773399 0.05416666666666667 0.10098522167487685
1 0.7354166666666667 0.1416256157635468 0.03333333333333333 0.054187192118226604
1 0.7645833333333333 0.39408866995073893 0.058333333333333334 0.09852216748768473
1 0.4597222222222222 0.2684729064039409 0.05 0.09359605911330049
1 0.5819444444444445 0.7179802955665024 0.06944444444444445 0.12561576354679804
1 0.27361111111111114 0.8460591133004927 0.05138888888888889 0.0960591133004926
1 0.2111111111111111 0.791871921182266 0.04861111111111111 0.11330049261083744