0 0.2611842105263158 0.9766355140186916 0.07763157894736843 0.04672897196261682
0 0.2914473684210526 0.27920560747663553 0.05263157894736842 0.08878504672897196
0 0.6789473684210526 0.2441588785046729 0.060526315789473685 0.09345794392523364
0 0.7236842105263158 0.205607476635514 0.05526315789473684 0.09579439252336448
0 0.8098684210526316 0.45093457943925236 0.06578947368421052 0.10747663551401869
1 0.8046052631578947 0.37616822429906543 0.06184210526315789 0.0911214953271028
1 0.7368421052631579 0.7149532710280374 0.06710526315789474 0.10046728971962617
1 0.5125 0.33294392523364486 0.06184210526315789 0.10747663551401869
1 0.3868421052631579 0.3878504672897196 0.06315789473684211 0.10514018691588785
1 0.3223684210526316 0.655373831775701 0.08026315789473684 0.13317757009345793
1 0.1118421052631579 0.6822429906542056 0.07763157894736843 0.12850467289719625
1 0.23289473684210527 0.794392523364486 0.07368421052631578 0.11682242990654206
1 0.4618421052631579 0.8095794392523364 0.07763157894736843 0.1378504672897196