0 0.336734693877551 0.03856382978723404 0.04227405247813411 0.05053191489361702
0 0.3564139941690962 0.1196808510638298 0.037900874635568516 0.125
0 0.39285714285714285 0.05319148936170213 0.05393586005830904 0.08776595744680851
0 0.4358600583090379 0.1023936170212766 0.061224489795918366 0.125
0 0.6326530612244898 0.018617021276595744 0.04956268221574344 0.03723404255319149
0 0.5153061224489796 0.7872340425531915 0.061224489795918366 0.09308510638297872
0 0.7631195335276968 0.8071808510638298 0.04518950437317784 0.1356382978723404
0 0.7048104956268222 0.6409574468085106 0.0597667638483965 0.11436170212765957
1 0.48104956268221577 0.027925531914893616 0.043731778425655975 0.05585106382978723
1 0.4584548104956268 0.02925531914893617 0.03935860058309038 0.05585106382978723
1 0.5196793002915452 0.031914893617021274 0.05393586005830904 0.06382978723404255
1 0.3651603498542274 0.03324468085106383 0.05102040816326531 0.047872340425531915
1 0.38556851311953355 0.3976063829787234 0.06268221574344024 0.09840425531914894
1 0.6771137026239067 0.6170212765957447 0.04956268221574344 0.09308510638297872
1 0.7193877551020408 0.4348404255319149 0.06997084548104957 0.08244680851063829