0 0.7274011299435028 0.67 0.05649717514124294 0.105
0 0.4809322033898305 0.57375 0.08050847457627118 0.135
0 0.4590395480225989 0.67625 0.08050847457627118 0.145
0 0.3771186440677966 0.91875 0.08333333333333333 0.155
0 0.23728813559322035 0.38 0.0847457627118644 0.175
0 0.3827683615819209 0.0675 0.059322033898305086 0.075
0 0.4985875706214689 0.15875 0.07203389830508475 0.1125
0 0.6094632768361582 0.5175 0.07627118644067797 0.1225
1 0.4661016949152542 0.9825 0.07344632768361582 0.035
1 0.2994350282485876 0.58125 0.0748587570621469 0.14
1 0.2231638418079096 0.1975 0.062146892655367235 0.085
1 0.4173728813559322 0.14625 0.07627118644067797 0.1375
1 0.422316384180791 0.04 0.043785310734463276 0.07
1 0.5247175141242938 0.25125 0.06638418079096045 0.1175
1 0.615819209039548 0.64 0.05790960451977401 0.125
1 0.6129943502824858 0.85 0.07909604519774012 0.135