0 0.301556420233463 0.7448275862068966 0.06809338521400778 0.13448275862068965
0 0.2733463035019455 0.32068965517241377 0.048638132295719845 0.11379310344827587
0 0.3521400778210117 0.5448275862068965 0.06420233463035019 0.12413793103448276
0 0.4075875486381323 0.453448275862069 0.05642023346303502 0.1413793103448276
0 0.5817120622568094 0.44310344827586207 0.07003891050583658 0.13448275862068965
0 0.607976653696498 0.2982758620689655 0.06420233463035019 0.1413793103448276
0 0.7120622568093385 0.4189655172413793 0.07003891050583658 0.13793103448275862
0 0.6673151750972762 0.027586206896551724 0.054474708171206226 0.05517241379310345
0 0.6352140077821011 0.02413793103448276 0.05642023346303502 0.04827586206896552
1 0.2821011673151751 0.04482758620689655 0.05642023346303502 0.05517241379310345
1 0.2821011673151751 0.4189655172413793 0.05642023346303502 0.1103448275862069
1 0.32587548638132297 0.16034482758620688 0.058365758754863814 0.12758620689655173
1 0.3949416342412451 0.0706896551724138 0.06031128404669261 0.11379310344827587
1 0.45428015564202334 0.15344827586206897 0.07392996108949416 0.15517241379310345
1 0.49221789883268485 0.05172413793103448 0.07003891050583658 0.10344827586206896
1 0.4708171206225681 0.03620689655172414 0.06614785992217899 0.07241379310344828
1 0.4406614785992218 0.03793103448275862 0.058365758754863814 0.06896551724137931
1 0.6449416342412452 0.02413793103448276 0.08754863813229571 0.04827586206896552