0 0.28809523809523807 0.1797752808988764 0.06984126984126984 0.09550561797752809
0 0.29444444444444445 0.03089887640449438 0.05873015873015873 0.05337078651685393
0 0.3476190476190476 0.6137640449438202 0.06031746031746032 0.10955056179775281
0 0.6992063492063492 0.8595505617977528 0.05555555555555555 0.1151685393258427
0 0.5873015873015873 0.028089887640449437 0.06349206349206349 0.056179775280898875
0 0.6309523809523809 0.03089887640449438 0.049206349206349205 0.06179775280898876
0 0.6174603174603175 0.023876404494382022 0.044444444444444446 0.047752808988764044
1 0.6452380952380953 0.3398876404494382 0.07301587301587302 0.10674157303370786
1 0.6579365079365079 0.11797752808988764 0.03968253968253968 0.10112359550561797
1 0.7642857142857142 0.9592696629213483 0.03968253968253968 0.06460674157303371
1 0.4849206349206349 0.2893258426966292 0.06507936507936508 0.1151685393258427
1 0.3055555555555556 0.526685393258427 0.0761904761904762 0.10112359550561797
1 0.3261904761904762 0.019662921348314606 0.05238095238095238 0.03089887640449438
1 0.45 0.0351123595505618 0.03968253968253968 0.06741573033707865