0 0.31284530386740333 0.028186274509803922 0.049723756906077346 0.04656862745098039
0 0.4191988950276243 0.030637254901960783 0.04696132596685083 0.058823529411764705
0 0.518646408839779 0.022058823529411766 0.04558011049723757 0.04411764705882353
0 0.5573204419889503 0.5220588235294118 0.049723756906077346 0.09803921568627451
0 0.5897790055248618 0.7083333333333334 0.049723756906077346 0.0857843137254902
0 0.268646408839779 0.6531862745098039 0.04143646408839779 0.11029411764705882
0 0.40124309392265195 0.45465686274509803 0.05110497237569061 0.09803921568627451
1 0.48687845303867405 0.946078431372549 0.062154696132596686 0.10784313725490197
1 0.705110497237569 0.8186274509803921 0.03729281767955801 0.07598039215686274
1 0.4965469613259669 0.2193627450980392 0.04696132596685083 0.08333333333333333
1 0.5725138121546961 0.2034313725490196 0.049723756906077346 0.09068627450980392
1 0.3287292817679558 0.28921568627450983 0.05386740331491713 0.0661764705882353
1 0.2824585635359116 0.17524509803921567 0.05939226519337017 0.08088235294117647
1 0.44613259668508287 0.5563725490196079 0.03591160220994475 0.11519607843137254
1 0.44613259668508287 0.25980392156862747 0.03867403314917127 0.125