0 0.07188498402555911 0.29829545454545453 0.07348242811501597 0.13920454545454544
0 0.10782747603833866 0.3934659090909091 0.07348242811501597 0.125
0 0.1757188498402556 0.4275568181818182 0.07827476038338659 0.13068181818181818
0 0.2124600638977636 0.5724431818181818 0.08146964856230032 0.14488636363636365
0 0.42971246006389774 0.09943181818181818 0.07987220447284345 0.13636363636363635
0 0.694888178913738 0.26704545454545453 0.09105431309904154 0.14772727272727273
0 0.7068690095846646 0.7116477272727273 0.07987220447284345 0.15056818181818182
1 0.6876996805111821 0.5099431818181818 0.08306709265175719 0.13352272727272727
1 0.5111821086261981 0.5568181818181818 0.08626198083067092 0.14488636363636365
1 0.7707667731629393 0.7556818181818182 0.07987220447284345 0.13352272727272727
1 0.28833865814696485 0.026988636363636364 0.06549520766773163 0.05397727272727273
1 0.2012779552715655 0.12073863636363637 0.07188498402555911 0.11647727272727272
1 0.23322683706070288 0.2159090909090909 0.08306709265175719 0.13920454545454544
1 0.3490415335463259 0.2897727272727273 0.11022364217252396 0.1846590909090909
1 0.384185303514377 0.7514204545454546 0.08626198083067092 0.14772727272727273