0 0.5412371134020618 0.6823899371069182 0.07731958762886598 0.14779874213836477
0 0.7233676975945017 0.1871069182389937 0.054982817869415807 0.09119496855345911
0 0.5678694158075601 0.03930817610062893 0.06357388316151202 0.07861635220125786
0 0.5360824742268041 0.0220125786163522 0.061855670103092786 0.0440251572327044
0 0.4054982817869416 0.025157232704402517 0.058419243986254296 0.050314465408805034
0 0.5549828178694158 0.02358490566037736 0.061855670103092786 0.04716981132075472
1 0.6898625429553265 0.23742138364779874 0.08075601374570447 0.15723270440251572
1 0.6417525773195877 0.3789308176100629 0.08419243986254296 0.1540880503144654
1 0.6855670103092784 0.15566037735849056 0.06872852233676977 0.11006289308176101
1 0.44501718213058417 0.0220125786163522 0.054982817869415807 0.0440251572327044
1 0.40034364261168387 0.02358490566037736 0.05154639175257732 0.04716981132075472
1 0.43041237113402064 0.02358490566037736 0.05670103092783505 0.04716981132075472