0 0.7027491408934707 0.6729559748427673 0.08419243986254296 0.15723270440251572
0 0.41924398625429554 0.6242138364779874 0.07731958762886598 0.14150943396226415
0 0.38316151202749144 0.5770440251572327 0.08419243986254296 0.16037735849056603
0 0.3711340206185567 0.09119496855345911 0.05670103092783505 0.09433962264150944
0 0.42010309278350516 0.040880503144654086 0.05670103092783505 0.08176100628930817
0 0.5627147766323024 0.1069182389937107 0.08419243986254296 0.16352201257861634
0 0.5163230240549829 0.11006289308176101 0.06529209621993128 0.1289308176100629
0 0.4630584192439863 0.026729559748427674 0.06357388316151202 0.05345911949685535
1 0.5472508591065293 0.0220125786163522 0.04982817869415808 0.0440251572327044
1 0.25171821305841924 0.23427672955974843 0.05326460481099656 0.09433962264150944
1 0.29381443298969073 0.2783018867924528 0.07560137457044673 0.13522012578616352
1 0.5455326460481099 0.9056603773584906 0.07903780068728522 0.14465408805031446
1 0.6357388316151202 0.029874213836477988 0.05154639175257732 0.059748427672955975
1 0.5962199312714777 0.4921383647798742 0.08934707903780069 0.16037735849056603