0 0.6829896907216495 0.5471698113207547 0.07560137457044673 0.1320754716981132
0 0.6365979381443299 0.610062893081761 0.08075601374570447 0.13522012578616352
0 0.436426116838488 0.5707547169811321 0.0859106529209622 0.1509433962264151
0 0.23281786941580757 0.6415094339622641 0.10996563573883161 0.18553459119496854
0 0.23195876288659795 0.15251572327044025 0.0859106529209622 0.1509433962264151
0 0.4836769759450172 0.2940251572327044 0.08075601374570447 0.13522012578616352
0 0.1486254295532646 0.0330188679245283 0.06357388316151202 0.0660377358490566
0 0.011168384879725086 0.40408805031446543 0.022336769759450172 0.09119496855345911
1 0.011168384879725086 0.419811320754717 0.022336769759450172 0.07861635220125786
1 0.05240549828178694 0.13364779874213836 0.044673539518900345 0.08490566037735849
1 0.0979381443298969 0.33647798742138363 0.08247422680412371 0.1509433962264151
1 0.10481099656357389 0.026729559748427674 0.054982817869415807 0.05345911949685535
1 0.313573883161512 0.10062893081761007 0.08762886597938144 0.15723270440251572
1 0.6383161512027491 0.8663522012578616 0.07903780068728522 0.14150943396226415
1 0.711340206185567 0.9528301886792453 0.0859106529209622 0.09433962264150944
1 0.884020618556701 0.6886792452830188 0.06701030927835051 0.12578616352201258
1 0.48711340206185566 0.9386792452830188 0.08419243986254296 0.12264150943396226