0 0.30547112462006076 0.8135135135135135 0.057750759878419454 0.10270270270270271
0 0.48328267477203646 0.12432432432432433 0.0729483282674772 0.14324324324324325
0 0.418693009118541 0.02702702702702703 0.05623100303951368 0.05405405405405406
0 0.45288753799392095 0.021621621621621623 0.0547112462006079 0.043243243243243246
0 0.6238601823708206 0.43243243243243246 0.08814589665653495 0.16216216216216217
0 0.47720364741641336 0.9405405405405406 0.0851063829787234 0.11891891891891893
0 0.8062310030395137 0.3324324324324324 0.09574468085106383 0.17567567567567569
1 0.7021276595744681 0.722972972972973 0.08206686930091185 0.15405405405405406
1 0.6177811550151976 0.7743243243243243 0.0851063829787234 0.15675675675675677
1 0.45592705167173253 0.6013513513513513 0.08054711246200608 0.14324324324324325
1 0.3731003039513678 0.6162162162162163 0.0729483282674772 0.12972972972972974
1 0.45288753799392095 0.43783783783783786 0.0790273556231003 0.15405405405405406
1 0.4749240121580547 0.041891891891891894 0.05623100303951368 0.08378378378378379
1 0.5281155015197568 0.024324324324324326 0.05927051671732523 0.04864864864864865
1 0.39893617021276595 0.02837837837837838 0.06231003039513678 0.05675675675675676