0 0.48663101604278075 0.018957345971563982 0.05080213903743316 0.037914691943127965
0 0.6102941176470589 0.5781990521327014 0.053475935828877004 0.0995260663507109
0 0.37566844919786097 0.9798578199052133 0.053475935828877004 0.04028436018957346
0 0.3810160427807487 0.9490521327014217 0.06417112299465241 0.1018957345971564
0 0.23863636363636365 0.13270142180094788 0.05213903743315508 0.05924170616113744
0 0.2820855614973262 0.11255924170616113 0.058823529411764705 0.06872037914691943
0 0.4391711229946524 0.1646919431279621 0.058823529411764705 0.12796208530805686
1 0.5467914438502673 0.3293838862559242 0.053475935828877004 0.08767772511848342
1 0.5327540106951871 0.23222748815165878 0.05614973262032086 0.0947867298578199
1 0.4786096256684492 0.27014218009478674 0.05748663101604278 0.0971563981042654
1 0.33689839572192515 0.08412322274881516 0.04946524064171123 0.061611374407582936
1 0.4050802139037433 0.21208530805687204 0.06684491978609626 0.11611374407582939
1 0.26336898395721925 0.33175355450236965 0.058823529411764705 0.10900473933649289
1 0.30414438502673796 0.6007109004739336 0.06283422459893048 0.12322274881516587