0 0.8966275659824047 0.2874331550802139 0.0718475073313783 0.12032085561497326
0 0.874633431085044 0.19518716577540107 0.06158357771260997 0.10695187165775401
0 0.5483870967741935 0.20989304812834225 0.06598240469208211 0.10695187165775401
0 0.5131964809384164 0.26871657754010697 0.06744868035190615 0.12566844919786097
0 0.5212609970674487 0.6524064171122995 0.06598240469208211 0.11764705882352941
0 0.6033724340175953 0.8796791443850267 0.06744868035190615 0.12032085561497326
0 0.8980938416422287 0.4732620320855615 0.07038123167155426 0.12032085561497326
0 0.3775659824046921 0.732620320855615 0.06598240469208211 0.11764705882352941
0 0.36656891495601174 0.6176470588235294 0.07038123167155426 0.12834224598930483
1 0.18035190615835778 0.9171122994652406 0.06598240469208211 0.11497326203208556
1 0.2939882697947214 0.9264705882352942 0.06744868035190615 0.10427807486631016
1 0.4567448680351906 0.9505347593582888 0.05865102639296188 0.08288770053475936
1 0.4472140762463343 0.4451871657754011 0.06304985337243402 0.10962566844919786
1 0.3651026392961877 0.38636363636363635 0.06304985337243402 0.12032085561497326
1 0.6920821114369502 0.12967914438502673 0.05571847507331378 0.0962566844919786
1 0.7771260997067448 0.04144385026737968 0.05865102639296188 0.08288770053475936
1 0.9868035190615836 0.4318181818181818 0.026392961876832845 0.09358288770053476
1 0.7631964809384164 0.6403743315508021 0.06304985337243402 0.09358288770053476
1 0.7690615835777126 0.733957219251337 0.0689149560117302 0.11764705882352941