0 0.5727124183006536 0.5853293413173652 0.05065359477124183 0.11377245508982035
0 0.49754901960784315 0.23802395209580837 0.04411764705882353 0.08682634730538923
0 0.4738562091503268 0.27245508982035926 0.0457516339869281 0.08682634730538923
0 0.3488562091503268 0.6616766467065869 0.049019607843137254 0.10778443113772455
0 0.5163398692810458 0.8263473053892215 0.05392156862745098 0.09281437125748503
0 0.5506535947712419 0.9565868263473054 0.05392156862745098 0.08682634730538923
0 0.20098039215686275 0.6047904191616766 0.05392156862745098 0.08682634730538923
0 0.15359477124183007 0.8413173652694611 0.06209150326797386 0.08383233532934131
0 0.09313725490196079 0.5733532934131736 0.04411764705882353 0.0718562874251497
0 0.10375816993464053 0.5014970059880239 0.05065359477124183 0.07784431137724551
1 0.15604575163398693 0.22904191616766467 0.05228758169934641 0.08083832335329341
1 0.27450980392156865 0.25299401197604793 0.05065359477124183 0.08682634730538923
1 0.6674836601307189 0.30389221556886226 0.05228758169934641 0.10778443113772455
1 0.37826797385620914 0.5508982035928144 0.05065359477124183 0.10179640718562874
1 0.5604575163398693 0.7245508982035929 0.05228758169934641 0.10778443113772455
1 0.315359477124183 0.7919161676646707 0.03758169934640523 0.0748502994011976
1 0.3333333333333333 0.9236526946107785 0.049019607843137254 0.09580838323353294
1 0.24183006535947713 0.8787425149700598 0.058823529411764705 0.0658682634730539
1 0.15441176470588236 0.5508982035928144 0.05555555555555555 0.08383233532934131
1 0.08496732026143791 0.842814371257485 0.06209150326797386 0.0748502994011976