0 0.2393238434163701 0.8660130718954249 0.0800711743772242 0.12745098039215685
0 0.4902135231316726 0.42320261437908496 0.08718861209964412 0.14705882352941177
0 0.46886120996441283 0.3382352941176471 0.0693950177935943 0.12418300653594772
0 0.4501779359430605 0.434640522875817 0.08540925266903915 0.16013071895424835
0 0.8558718861209964 0.2042483660130719 0.08896797153024912 0.15359477124183007
0 0.8265124555160143 0.3349673202614379 0.09786476868327403 0.17647058823529413
0 0.9074733096085409 0.5065359477124183 0.0711743772241993 0.13071895424836602
1 0.6948398576512456 0.12581699346405228 0.08896797153024912 0.14705882352941177
1 0.6583629893238434 0.19607843137254902 0.0711743772241993 0.14705882352941177
1 0.693950177935943 0.36437908496732024 0.08896797153024912 0.17320261437908496
1 0.9653024911032029 0.4542483660130719 0.0693950177935943 0.13725490196078433
1 0.7526690391459074 0.7516339869281046 0.0800711743772242 0.15359477124183007
1 0.13256227758007116 0.5702614379084967 0.08540925266903915 0.14705882352941177
1 0.2873665480427046 0.5294117647058824 0.07651245551601424 0.13725490196078433