0 0.6097074468085106 0.1474056603773585 0.0425531914893617 0.08018867924528301
0 0.6117021276595744 0.05660377358490566 0.031914893617021274 0.0589622641509434
0 0.38563829787234044 0.012971698113207548 0.04521276595744681 0.025943396226415096
0 0.31981382978723405 0.7794811320754716 0.05585106382978723 0.15330188679245282
1 0.48404255319148937 0.020047169811320754 0.034574468085106384 0.04009433962264151
1 0.32513297872340424 0.16981132075471697 0.047872340425531915 0.09905660377358491
1 0.3976063829787234 0.38325471698113206 0.05851063829787234 0.10377358490566038
1 0.5897606382978723 0.42452830188679247 0.05585106382978723 0.08018867924528301
1 0.3949468085106383 0.6544811320754716 0.06648936170212766 0.08490566037735849
1 0.26728723404255317 0.6273584905660378 0.05585106382978723 0.09198113207547169
1 0.39561170212765956 0.9575471698113207 0.041223404255319146 0.04245283018867924