0 0.35231316725978645 0.9395424836601307 0.05516014234875445 0.0915032679738562
0 0.5186832740213523 0.5473856209150327 0.05693950177935943 0.16013071895424835
0 0.26334519572953735 0.4803921568627451 0.03914590747330961 0.08496732026143791
0 0.3790035587188612 0.032679738562091505 0.05693950177935943 0.06535947712418301
0 0.447508896797153 0.032679738562091505 0.051601423487544484 0.06535947712418301
0 0.46174377224199287 0.03594771241830065 0.05871886120996441 0.0718954248366013
0 0.7695729537366548 0.29901960784313725 0.02491103202846975 0.10130718954248366
0 0.748220640569395 0.16339869281045752 0.0711743772241993 0.10457516339869281
1 0.6112099644128114 0.04411764705882353 0.046263345195729534 0.06862745098039216
1 0.6129893238434164 0.049019607843137254 0.03914590747330961 0.07516339869281045
1 0.2571174377224199 0.016339869281045753 0.023131672597864767 0.032679738562091505
1 0.36565836298932386 0.3415032679738562 0.04092526690391459 0.10784313725490197
1 0.3701067615658363 0.6029411764705882 0.06583629893238434 0.12745098039215685
1 0.4306049822064057 0.9411764705882353 0.05516014234875445 0.10784313725490197
1 0.5693950177935944 0.15522875816993464 0.06761565836298933 0.1568627450980392
1 0.7615658362989324 0.5751633986928104 0.021352313167259787 0.11764705882352941