0 0.03547297297297297 0.4798136645962733 0.07094594594594594 0.10869565217391304
0 0.11824324324324324 0.593167701863354 0.0625 0.08385093167701864
0 0.052364864864864864 0.6350931677018633 0.07094594594594594 0.10248447204968944
0 0.3614864864864865 0.6692546583850931 0.07432432432432433 0.13354037267080746
0 0.706081081081081 0.013975155279503106 0.05405405405405406 0.027950310559006212
0 0.7516891891891891 0.358695652173913 0.07432432432432433 0.11180124223602485
0 0.8538851351351351 0.3027950310559006 0.060810810810810814 0.09006211180124224
0 0.6722972972972973 0.42080745341614906 0.060810810810810814 0.09316770186335403
1 0.010135135135135136 0.13509316770186336 0.02027027027027027 0.11490683229813664
1 0.09206081081081081 0.8773291925465838 0.06756756756756757 0.07763975155279502
1 0.23057432432432431 0.8540372670807453 0.057432432432432436 0.06832298136645963
1 0.5540540540540541 0.6242236024844721 0.07601351351351351 0.10248447204968944
1 0.5363175675675675 0.15217391304347827 0.06756756756756757 0.09937888198757763
1 0.4527027027027027 0.055900621118012424 0.07094594594594594 0.10869565217391304
1 0.8606418918918919 0.09472049689440994 0.06925675675675676 0.11180124223602485
1 0.7652027027027027 0.5869565217391305 0.06756756756756757 0.09316770186335403