0 0.3181818181818182 0.13870967741935483 0.05454545454545454 0.08387096774193549
0 0.4718181818181818 0.7064516129032258 0.0890909090909091 0.17096774193548386
0 0.4081818181818182 0.9580645161290322 0.07818181818181819 0.08387096774193549
0 0.6290909090909091 0.3241935483870968 0.10727272727272727 0.1967741935483871
0 0.5145454545454545 0.03225806451612903 0.08363636363636363 0.06451612903225806
1 0.600909090909091 0.041935483870967745 0.08545454545454545 0.08387096774193549
1 0.42272727272727273 0.1403225806451613 0.09818181818181818 0.17096774193548386
1 0.3281818181818182 0.14838709677419354 0.07818181818181819 0.12903225806451613
1 0.4254545454545455 0.33548387096774196 0.09636363636363636 0.18387096774193548
1 0.46545454545454545 0.817741935483871 0.06909090909090909 0.12903225806451613
1 0.37545454545454543 0.8629032258064516 0.07636363636363637 0.13870967741935483