0 0.5239938080495357 0.8559322033898306 0.07120743034055728 0.12994350282485875
0 0.4040247678018576 0.5254237288135594 0.08513931888544891 0.16101694915254236
0 0.24380804953560373 0.23587570621468926 0.058823529411764705 0.09322033898305085
0 0.32739938080495357 0.1426553672316384 0.07585139318885449 0.11581920903954802
0 0.5812693498452013 0.025423728813559324 0.05108359133126935 0.05084745762711865
0 0.651702786377709 0.059322033898305086 0.05572755417956656 0.11864406779661017
0 0.6424148606811145 0.1765536723163842 0.08359133126934984 0.1553672316384181
1 0.8544891640866873 0.614406779661017 0.04953560371517028 0.11016949152542373
1 0.47987616099071206 0.786723163841808 0.07120743034055728 0.1271186440677966
1 0.760061919504644 0.4053672316384181 0.07739938080495357 0.1440677966101695
1 0.5224458204334366 0.0211864406779661 0.05417956656346749 0.0423728813559322
1 0.49226006191950467 0.01977401129943503 0.05263157894736842 0.03954802259887006
1 0.22523219814241485 0.2584745762711864 0.06037151702786378 0.09322033898305085
1 0.17492260061919504 0.3290960451977401 0.06191950464396285 0.10734463276836158