0 0.46484375 0.6083333333333333 0.08125 0.15833333333333333
0 0.3734375 0.27361111111111114 0.0546875 0.10277777777777777
0 0.6125 0.07222222222222222 0.0609375 0.08888888888888889
0 0.57109375 0.04583333333333333 0.0625 0.09166666666666666
0 0.69453125 0.2916666666666667 0.078125 0.15555555555555556
1 0.61953125 0.9180555555555555 0.096875 0.1638888888888889
1 0.66875 0.6819444444444445 0.0984375 0.16944444444444445
1 0.77578125 0.18472222222222223 0.0640625 0.09166666666666666
1 0.684375 0.09861111111111111 0.065625 0.05555555555555555
1 0.503125 0.3875 0.0703125 0.15555555555555556
1 0.3515625 0.7763888888888889 0.0765625 0.1361111111111111
1 0.37578125 0.11666666666666667 0.0703125 0.13333333333333333