0 0.6192528735632183 0.11479591836734694 0.06752873563218391 0.12244897959183673
0 0.4863505747126437 0.6517857142857143 0.07327586206896551 0.12755102040816327
0 0.47988505747126436 0.8954081632653061 0.06465517241379311 0.12755102040816327
0 0.18893678160919541 0.7474489795918368 0.05316091954022988 0.07908163265306123
0 0.2521551724137931 0.7091836734693877 0.07471264367816093 0.13010204081632654
0 0.33620689655172414 0.31760204081632654 0.06896551724137931 0.13520408163265307
0 0.5639367816091954 0.25 0.0603448275862069 0.11989795918367346
0 0.4906609195402299 0.021683673469387755 0.05316091954022988 0.04336734693877551
1 0.6228448275862069 0.3852040816326531 0.0617816091954023 0.11479591836734694
1 0.6041666666666666 0.9655612244897959 0.05028735632183908 0.06887755102040816
1 0.5610632183908046 0.33163265306122447 0.0603448275862069 0.10204081632653061
1 0.492816091954023 0.3673469387755102 0.05890804597701149 0.125
1 0.3936781609195402 0.14668367346938777 0.08333333333333333 0.17091836734693877
1 0.375 0.0778061224489796 0.07614942528735633 0.14795918367346939
1 0.29310344827586204 0.3596938775510204 0.07758620689655173 0.11734693877551021