0 0.859375 0.9263888888888889 0.1 0.14722222222222223
0 0.58671875 0.4097222222222222 0.0953125 0.17222222222222222
0 0.2328125 0.5125 0.0953125 0.175
0 0.1921875 0.5027777777777778 0.08125 0.15
0 0.16171875 0.12361111111111112 0.09375 0.18055555555555555
0 0.2453125 0.12083333333333333 0.0953125 0.17222222222222222
0 0.2671875 0.07222222222222222 0.0703125 0.1361111111111111
0 0.3375 0.04583333333333333 0.06875 0.09166666666666666
0 0.30078125 0.03611111111111111 0.0828125 0.07222222222222222
1 0.72421875 0.6055555555555555 0.0859375 0.15833333333333333
1 0.58125 0.1 0.0640625 0.1111111111111111
1 0.5109375 0.19305555555555556 0.065625 0.12222222222222222
1 0.46171875 0.34305555555555556 0.071875 0.12777777777777777
1 0.3671875 0.5125 0.075 0.1361111111111111
1 0.24375 0.4444444444444444 0.075 0.12777777777777777
1 0.40546875 0.8513888888888889 0.0828125 0.14722222222222223
1 0.04296875 0.2625 0.078125 0.14166666666666666
1 0.38125 0.025 0.0625 0.05