0 0.3741438356164384 0.18140243902439024 0.06335616438356165 0.10060975609756098
0 0.20633561643835616 0.21951219512195122 0.07705479452054795 0.09451219512195122
0 0.046232876712328765 0.6280487804878049 0.05136986301369863 0.07317073170731707
0 0.07534246575342465 0.7073170731707317 0.06678082191780822 0.07621951219512195
0 0.571917808219178 0.9039634146341463 0.06506849315068493 0.10975609756097561
0 0.6772260273972602 0.3628048780487805 0.0547945205479452 0.11585365853658537
0 0.728595890410959 0.3521341463414634 0.0684931506849315 0.10975609756097561
0 0.7902397260273972 0.3277439024390244 0.06506849315068493 0.11280487804878049
1 0.09845890410958905 0.42073170731707316 0.05821917808219178 0.08536585365853659
1 0.19606164383561644 0.42073170731707316 0.07191780821917808 0.10670731707317073
1 0.2482876712328767 0.5640243902439024 0.08047945205479452 0.11585365853658537
1 0.2011986301369863 0.1524390243902439 0.05650684931506849 0.08231707317073171
1 0.5188356164383562 0.4603658536585366 0.07363013698630137 0.12804878048780488
1 0.3527397260273973 0.8155487804878049 0.07191780821917808 0.10365853658536585
1 0.752568493150685 0.12652439024390244 0.0702054794520548 0.10060975609756098
1 0.877568493150685 0.12195121951219512 0.059931506849315065 0.08536585365853659