0 0.9218181818181819 0.0935483870967742 0.07636363636363637 0.11612903225806452
0 0.9272727272727272 0.25967741935483873 0.09818181818181818 0.16774193548387098
0 0.2863636363636364 0.4112903225806452 0.08545454545454545 0.0967741935483871
0 0.24727272727272728 0.4596774193548387 0.07272727272727272 0.11935483870967742
0 0.4618181818181818 0.9741935483870968 0.07636363636363637 0.05161290322580645
1 0.3654545454545455 0.7258064516129032 0.11818181818181818 0.17096774193548386
1 0.23727272727272727 0.7596774193548387 0.09272727272727273 0.11612903225806452
1 0.4709090909090909 0.33064516129032256 0.07636363636363637 0.15483870967741936
1 0.7236363636363636 0.8983870967741936 0.07818181818181819 0.0967741935483871
1 0.6827272727272727 0.13548387096774195 0.0890909090909091 0.15161290322580645
1 0.9390909090909091 0.02258064516129032 0.034545454545454546 0.04516129032258064