0 0.43612637362637363 0.9684466019417476 0.042582417582417584 0.06310679611650485
0 0.41277472527472525 0.29854368932038833 0.050824175824175824 0.10679611650485436
0 0.37225274725274726 0.02669902912621359 0.0521978021978022 0.05339805825242718
0 0.6751373626373627 0.04733009708737864 0.050824175824175824 0.09466019417475728
0 0.6057692307692307 0.3640776699029126 0.07692307692307693 0.11165048543689321
1 0.6146978021978022 0.8640776699029126 0.059065934065934064 0.10194174757281553
1 0.49038461538461536 0.9769417475728155 0.0521978021978022 0.04611650485436893
1 0.43543956043956045 0.7366504854368932 0.057692307692307696 0.09466019417475728
1 0.43612637362637363 0.5885922330097088 0.05357142857142857 0.09951456310679611
1 0.6689560439560439 0.01699029126213592 0.06043956043956044 0.03398058252427184
1 0.7465659340659341 0.5169902912621359 0.042582417582417584 0.13106796116504854