0 0.2687125748502994 0.7868852459016393 0.07335329341317365 0.13387978142076504
0 0.2791916167664671 0.6338797814207651 0.07784431137724551 0.15300546448087432
0 0.2949101796407186 0.5846994535519126 0.0658682634730539 0.12568306010928962
0 0.30389221556886226 0.26229508196721313 0.07934131736526946 0.13114754098360656
0 0.312125748502994 0.1830601092896175 0.07035928143712575 0.12568306010928962
0 0.7095808383233533 0.1598360655737705 0.05239520958083832 0.07650273224043716
0 0.6758982035928144 0.1366120218579235 0.0658682634730539 0.10109289617486339
1 0.42664670658682635 0.8032786885245902 0.07035928143712575 0.1448087431693989
1 0.46781437125748504 0.5013661202185792 0.07035928143712575 0.13114754098360656
1 0.7941616766467066 0.4426229508196721 0.07035928143712575 0.12568306010928962
1 0.8181137724550899 0.26639344262295084 0.04640718562874251 0.07377049180327869
1 0.8098802395209581 0.26229508196721313 0.04940119760479042 0.07923497267759563
1 0.23502994011976047 0.5273224043715847 0.0658682634730539 0.12568306010928962
1 0.405688622754491 0.02459016393442623 0.059880239520958084 0.04918032786885246