0 0.8672360248447205 0.42445054945054944 0.08850931677018634 0.1510989010989011
0 0.860248447204969 0.6510989010989011 0.08850931677018634 0.1510989010989011
0 0.8097826086956522 0.7087912087912088 0.07453416149068323 0.12912087912087913
0 0.4394409937888199 0.37637362637362637 0.07298136645962733 0.12637362637362637
0 0.3936335403726708 0.6675824175824175 0.08540372670807453 0.1401098901098901
0 0.27406832298136646 0.8214285714285714 0.09161490683229814 0.1620879120879121
1 0.3105590062111801 0.3598901098901099 0.08695652173913043 0.15384615384615385
1 0.6125776397515528 0.24313186813186813 0.08074534161490683 0.12912087912087913
1 0.8299689440993789 0.19917582417582416 0.07142857142857142 0.11538461538461539
1 0.9635093167701864 0.4642857142857143 0.07298136645962733 0.13186813186813187
1 0.5861801242236024 0.9175824175824175 0.09161490683229814 0.16483516483516483
1 0.1498447204968944 0.9368131868131868 0.09161490683229814 0.12637362637362637