0 0.3611111111111111 0.747887323943662 0.08253968253968254 0.14366197183098592
0 0.46746031746031746 0.44647887323943664 0.07142857142857142 0.10985915492957747
0 0.4936507936507937 0.19859154929577466 0.06190476190476191 0.10140845070422536
0 0.4849206349206349 0.13661971830985917 0.06984126984126984 0.1267605633802817
0 0.7158730158730159 0.36056338028169016 0.06825396825396825 0.10704225352112676
0 0.8301587301587302 0.5394366197183098 0.07301587301587302 0.11267605633802817
0 0.8420634920634921 0.9788732394366197 0.05873015873015873 0.04225352112676056
1 0.8603174603174604 0.7929577464788733 0.05873015873015873 0.09859154929577464
1 0.7873015873015873 0.7169014084507043 0.07936507936507936 0.1323943661971831
1 0.7007936507936507 0.7605633802816901 0.07936507936507936 0.12394366197183099
1 0.8571428571428571 0.4971830985915493 0.06031746031746032 0.09295774647887324
1 0.43333333333333335 0.036619718309859155 0.06984126984126984 0.07323943661971831
1 0.5007936507936508 0.4535211267605634 0.05555555555555555 0.09295774647887324
1 0.376984126984127 0.26901408450704223 0.0761904761904762 0.1295774647887324
1 0.553968253968254 0.8830985915492958 0.0761904761904762 0.1295774647887324