0 0.16009463722397477 0.6005586592178771 0.0804416403785489 0.15363128491620112
0 0.5670347003154574 0.5153631284916201 0.07886435331230283 0.1424581005586592
0 0.7981072555205048 0.9664804469273743 0.07570977917981073 0.0670391061452514
0 0.9755520504731862 0.7918994413407822 0.02365930599369085 0.15083798882681565
0 0.9353312302839116 0.696927374301676 0.07570977917981073 0.1452513966480447
0 0.9369085173501577 0.6340782122905028 0.052050473186119876 0.12290502793296089
0 0.8990536277602523 0.5181564245810056 0.05362776025236593 0.11173184357541899
0 0.9708201892744479 0.45670391061452514 0.0583596214511041 0.11452513966480447
1 0.38958990536277605 0.5027932960893855 0.06624605678233439 0.13966480446927373
1 0.6869085173501577 0.28631284916201116 0.055205047318611984 0.0893854748603352
1 0.7066246056782335 0.4399441340782123 0.050473186119873815 0.10614525139664804
1 0.6876971608832808 0.611731843575419 0.0583596214511041 0.10614525139664804
1 0.6963722397476341 0.8505586592178771 0.0583596214511041 0.11731843575418995
1 0.8162460567823344 0.9441340782122905 0.06466876971608833 0.1005586592178771
1 0.9518927444794952 0.27932960893854747 0.061514195583596214 0.09776536312849161