0 0.9794520547945206 0.4009146341463415 0.0410958904109589 0.10060975609756098
0 0.5102739726027398 0.21646341463414634 0.05650684931506849 0.10365853658536585
0 0.4238013698630137 0.17378048780487804 0.0702054794520548 0.10365853658536585
0 0.3921232876712329 0.12957317073170732 0.07363013698630137 0.10975609756097561
0 0.2919520547945205 0.6051829268292683 0.07876712328767123 0.125
0 0.06335616438356165 0.5609756097560976 0.08047945205479452 0.12804878048780488
0 0.0821917808219178 0.4725609756097561 0.08047945205479452 0.10975609756097561
0 0.6241438356164384 0.9664634146341463 0.07363013698630137 0.06707317073170732
1 0.1832191780821918 0.21951219512195122 0.07534246575342465 0.11890243902439024
1 0.2363013698630137 0.05945121951219512 0.05821917808219178 0.09451219512195122
1 0.23544520547945205 0.3201219512195122 0.09417808219178082 0.12804878048780488
1 0.2363013698630137 0.6966463414634146 0.07876712328767123 0.1402439024390244
1 0.4203767123287671 0.8475609756097561 0.07534246575342465 0.12804878048780488
1 0.6917808219178082 0.3353658536585366 0.07191780821917808 0.1402439024390244
1 0.5102739726027398 0.3978658536585366 0.0839041095890411 0.12804878048780488
1 0.9683219178082192 0.5945121951219512 0.06335616438356165 0.10365853658536585