0 0.5784671532846716 0.025 0.06569343065693431 0.05
0 0.5976277372262774 0.02 0.060218978102189784 0.04
0 0.5894160583941606 0.025 0.07664233576642336 0.05
0 0.6386861313868614 0.04833333333333333 0.09854014598540146 0.09666666666666666
0 0.8248175182481752 0.6766666666666666 0.05474452554744526 0.15
0 0.375 0.9716666666666667 0.08576642335766424 0.056666666666666664
1 0.39963503649635035 0.07333333333333333 0.05474452554744526 0.09666666666666666
1 0.5894160583941606 0.018333333333333333 0.072992700729927 0.03666666666666667
1 0.49178832116788324 0.3333333333333333 0.08029197080291971 0.17666666666666667
1 0.6478102189781022 0.25166666666666665 0.07664233576642336 0.14333333333333334
1 0.7034671532846716 0.6583333333333333 0.08211678832116788 0.15333333333333332
1 0.42974452554744524 0.6166666666666667 0.07664233576642336 0.15
1 0.28284671532846717 0.6433333333333333 0.07116788321167883 0.14666666666666667