0 0.16713483146067415 0.8805970149253731 0.09691011235955056 0.14676616915422885
0 0.23735955056179775 0.5609452736318408 0.06179775280898876 0.1044776119402985
0 0.5625 0.30845771144278605 0.07443820224719101 0.12437810945273632
0 0.7120786516853933 0.5907960199004975 0.07584269662921349 0.12189054726368159
0 0.5821629213483146 0.7412935323383084 0.08426966292134831 0.12935323383084577
0 0.6242977528089888 0.845771144278607 0.08567415730337079 0.13930348258706468
0 0.9529494382022472 0.5111940298507462 0.06741573033707865 0.10696517412935323
0 0.7296348314606742 0.2300995024875622 0.06179775280898876 0.10696517412935323
1 0.38412921348314605 0.8246268656716418 0.05758426966292135 0.12437810945273632
1 0.3728932584269663 0.42661691542288555 0.05337078651685393 0.10199004975124377
1 0.3806179775280899 0.3308457711442786 0.06320224719101124 0.0945273631840796
1 0.6566011235955056 0.5199004975124378 0.07443820224719101 0.11691542288557213
1 0.45575842696629215 0.5634328358208955 0.06320224719101124 0.11691542288557213
1 0.8110955056179775 0.5771144278606966 0.0800561797752809 0.13432835820895522
1 0.8778089887640449 0.6865671641791045 0.06460674157303371 0.11442786069651742
1 0.7773876404494382 0.42039800995024873 0.07443820224719101 0.12935323383084577
1 0.5962078651685393 0.0708955223880597 0.05758426966292135 0.0945273631840796