0 0.2814814814814815 0.32730263157894735 0.08518518518518518 0.1513157894736842
0 0.7194444444444444 0.03125 0.07222222222222222 0.0625
0 0.7666666666666667 0.05921052631578947 0.07407407407407407 0.11842105263157894
0 0.6638888888888889 0.19736842105263158 0.10185185185185185 0.16776315789473684
0 0.9046296296296297 0.3963815789473684 0.07962962962962963 0.13486842105263158
0 0.9574074074074074 0.45230263157894735 0.07777777777777778 0.13157894736842105
1 0.48333333333333334 0.19078947368421054 0.08148148148148149 0.14802631578947367
1 0.5472222222222223 0.10361842105263158 0.08148148148148149 0.14144736842105263
1 0.5824074074074074 0.2598684210526316 0.08148148148148149 0.14473684210526316
1 0.8898148148148148 0.22039473684210525 0.07962962962962963 0.14144736842105263
1 0.6712962962962963 0.2894736842105263 0.08518518518518518 0.14473684210526316
1 0.7546296296296297 0.6792763157894737 0.09814814814814815 0.16776315789473684
1 0.5675925925925925 0.8898026315789473 0.10555555555555556 0.18421052631578946