0 0.5634920634920635 0.20950704225352113 0.08928571428571429 0.16549295774647887
0 0.5932539682539683 0.35563380281690143 0.09126984126984126 0.1795774647887324
0 0.691468253968254 0.45774647887323944 0.09523809523809523 0.18309859154929578
0 0.6716269841269841 0.1267605633802817 0.06547619047619048 0.09859154929577464
0 0.27380952380952384 0.30633802816901406 0.09126984126984126 0.176056338028169
1 0.4990079365079365 0.02464788732394366 0.061507936507936505 0.04929577464788732
1 0.5416666666666666 0.028169014084507043 0.06349206349206349 0.056338028169014086
1 0.4146825396825397 0.03697183098591549 0.0873015873015873 0.07394366197183098
1 0.7569444444444444 0.2007042253521127 0.06349206349206349 0.09154929577464789
1 0.7638888888888888 0.20598591549295775 0.06746031746031746 0.09507042253521127
1 0.1865079365079365 0.6161971830985915 0.09126984126984126 0.16901408450704225