0 0.6615942028985508 0.7579365079365079 0.07101449275362319 0.12433862433862433
0 0.9557971014492753 0.38095238095238093 0.04927536231884058 0.08994708994708994
0 0.9282608695652174 0.30423280423280424 0.057971014492753624 0.10052910052910052
0 0.7 0.25132275132275134 0.06811594202898551 0.10846560846560846
0 0.7239130434782609 0.30952380952380953 0.06811594202898551 0.1164021164021164
0 0.46956521739130436 0.30158730158730157 0.06376811594202898 0.1111111111111111
0 0.3630434782608696 0.49074074074074076 0.06811594202898551 0.1164021164021164
0 0.7753623188405797 0.023809523809523808 0.057971014492753624 0.047619047619047616
0 0.372463768115942 0.2605820105820106 0.036231884057971016 0.08465608465608465
1 0.26159420289855073 0.21428571428571427 0.059420289855072465 0.10846560846560846
1 0.2318840579710145 0.328042328042328 0.06231884057971015 0.1111111111111111
1 0.6260869565217392 0.1388888888888889 0.057971014492753624 0.10317460317460317
1 0.65 0.09391534391534391 0.05507246376811594 0.10317460317460317
1 0.8644927536231884 0.2037037037037037 0.06231884057971015 0.1111111111111111
1 0.768840579710145 0.5978835978835979 0.07681159420289856 0.11904761904761904
1 0.8297101449275363 0.5859788359788359 0.057971014492753624 0.10317460317460317
1 0.7891304347826087 0.43915343915343913 0.057971014492753624 0.12433862433862433
1 0.5094202898550725 0.958994708994709 0.06811594202898551 0.082010582010582