0 0.6704545454545454 0.5015527950310559 0.07167832167832168 0.14285714285714285
0 0.6127622377622378 0.12577639751552794 0.06818181818181818 0.14596273291925466
0 0.5874125874125874 0.37267080745341613 0.07167832167832168 0.15527950310559005
0 0.5218531468531469 0.33229813664596275 0.07692307692307693 0.14596273291925466
0 0.368006993006993 0.4332298136645963 0.07167832167832168 0.15217391304347827
0 0.333041958041958 0.3059006211180124 0.07517482517482517 0.15838509316770186
0 0.26048951048951047 0.4518633540372671 0.08041958041958042 0.17701863354037267
0 0.24388111888111888 0.16149068322981366 0.07167832167832168 0.09627329192546584
0 0.2631118881118881 0.14751552795031056 0.05419580419580419 0.08074534161490683
1 0.42744755244755245 0.05434782608695652 0.057692307692307696 0.09627329192546584
1 0.40384615384615385 0.06521739130434782 0.06293706293706294 0.09316770186335403
1 0.3811188811188811 0.07453416149068323 0.06118881118881119 0.08695652173913043
1 0.2543706293706294 0.14906832298136646 0.07517482517482517 0.09006211180124224
1 0.4178321678321678 0.10403726708074534 0.07867132867132867 0.14596273291925466
1 0.46416083916083917 0.03571428571428571 0.06818181818181818 0.07142857142857142
1 0.5262237762237763 0.040372670807453416 0.06643356643356643 0.08074534161490683
1 0.5550699300699301 0.020186335403726708 0.06118881118881119 0.040372670807453416
1 0.6223776223776224 0.2267080745341615 0.06293706293706294 0.13043478260869565