0 0.4845505617977528 0.9477611940298507 0.05056179775280899 0.1044776119402985
0 0.5294943820224719 0.945273631840796 0.06460674157303371 0.10945273631840796
0 0.42485955056179775 0.31592039800995025 0.06460674157303371 0.11442786069651742
0 0.3146067415730337 0.014925373134328358 0.05056179775280899 0.029850746268656716
0 0.48735955056179775 0.024875621890547265 0.06460674157303371 0.04975124378109453
0 0.7226123595505618 0.18407960199004975 0.06741573033707865 0.12189054726368159
0 0.6587078651685393 0.27114427860696516 0.0702247191011236 0.12189054726368159
1 0.3981741573033708 0.6119402985074627 0.054775280898876406 0.1044776119402985
1 0.3202247191011236 0.11194029850746269 0.05056179775280899 0.1044776119402985
1 0.375 0.012437810945273632 0.03932584269662921 0.024875621890547265
1 0.7099719101123596 0.0845771144278607 0.04353932584269663 0.05472636815920398
1 0.6551966292134831 0.6305970149253731 0.054775280898876406 0.10199004975124377
1 0.6601123595505618 0.804726368159204 0.05898876404494382 0.11194029850746269
1 0.39115168539325845 0.945273631840796 0.042134831460674156 0.06467661691542288