0 0.5476923076923077 0.6053370786516854 0.07846153846153846 0.1404494382022472
0 0.8215384615384616 0.23735955056179775 0.05384615384615385 0.1348314606741573
0 0.7423076923076923 0.15168539325842698 0.05692307692307692 0.08146067415730338
0 0.8176923076923077 0.20365168539325842 0.06 0.0898876404494382
0 0.5653846153846154 0.04353932584269663 0.07538461538461538 0.08707865168539326
0 0.44076923076923075 0.016853932584269662 0.047692307692307694 0.033707865168539325
0 0.41923076923076924 0.018258426966292134 0.05076923076923077 0.03651685393258427
0 0.4153846153846154 0.018258426966292134 0.055384615384615386 0.03651685393258427
1 0.4592307692307692 0.047752808988764044 0.07846153846153846 0.09550561797752809
1 0.5023076923076923 0.026685393258426966 0.06615384615384616 0.05337078651685393
1 0.556923076923077 0.056179775280898875 0.07076923076923076 0.11235955056179775
1 0.6446153846153846 0.09550561797752809 0.05692307692307692 0.08707865168539326
1 0.6415384615384615 0.3806179775280899 0.07692307692307693 0.13202247191011235
1 0.6846153846153846 0.8117977528089888 0.07538461538461538 0.13764044943820225