0 0.5671965317919075 0.3423076923076923 0.05202312138728324 0.1
0 0.315028901734104 0.06794871794871794 0.05491329479768786 0.05641025641025641
0 0.430635838150289 0.5833333333333334 0.05491329479768786 0.12564102564102564
0 0.4819364161849711 0.7576923076923077 0.06213872832369942 0.13333333333333333
1 0.5953757225433526 0.7628205128205128 0.044797687861271675 0.1
1 0.5361271676300579 0.7538461538461538 0.05635838150289017 0.10256410256410256
1 0.43858381502890176 0.8564102564102564 0.05635838150289017 0.11282051282051282
1 0.36921965317919075 0.8794871794871795 0.07369942196531792 0.12051282051282051
1 0.2702312138728324 0.7461538461538462 0.05057803468208093 0.12307692307692308
1 0.3338150289017341 0.17307692307692307 0.06213872832369942 0.08205128205128205
1 0.5708092485549133 0.6461538461538462 0.046242774566473986 0.09230769230769231