0 0.6861022364217252 0.8536931818181818 0.052715654952076675 0.08806818181818182
0 0.19169329073482427 0.36079545454545453 0.07507987220447285 0.15056818181818182
0 0.2819488817891374 0.17613636363636365 0.07028753993610223 0.10227272727272728
0 0.4584664536741214 0.026988636363636364 0.0670926517571885 0.05397727272727273
0 0.6166134185303515 0.08522727272727272 0.07667731629392971 0.13920454545454544
1 0.6110223642172524 0.6178977272727273 0.08626198083067092 0.1534090909090909
1 0.4464856230031949 0.8650568181818182 0.10702875399361023 0.1903409090909091
1 0.3730031948881789 0.9517045454545454 0.08146964856230032 0.09659090909090909
1 0.2979233226837061 0.7727272727272727 0.08466453674121406 0.15625
1 0.17731629392971246 0.28551136363636365 0.05910543130990415 0.09090909090909091
1 0.5710862619808307 0.024147727272727272 0.05910543130990415 0.048295454545454544
1 0.5694888178913738 0.019886363636363636 0.04952076677316294 0.03977272727272727