0 0.30338078291814946 0.08702531645569621 0.0711743772241993 0.07911392405063292
0 0.2900355871886121 0.09335443037974683 0.060498220640569395 0.07911392405063292
0 0.641459074733096 0.08860759493670886 0.06583629893238434 0.13291139240506328
0 0.6806049822064056 0.5886075949367089 0.0693950177935943 0.13291139240506328
0 0.7927046263345195 0.685126582278481 0.03558718861209965 0.10126582278481013
0 0.2722419928825623 0.12974683544303797 0.0693950177935943 0.1360759493670886
0 0.32295373665480426 0.08544303797468354 0.06761565836298933 0.08544303797468354
1 0.49377224199288255 0.02689873417721519 0.04804270462633452 0.05379746835443038
1 0.45640569395017794 0.03481012658227848 0.05516014234875445 0.06962025316455696
1 0.498220640569395 0.03481012658227848 0.060498220640569395 0.06962025316455696
1 0.6209964412811388 0.01740506329113924 0.060498220640569395 0.03481012658227848
1 0.6512455516014235 0.2721518987341772 0.060498220640569395 0.12658227848101267
1 0.28291814946619215 0.5063291139240507 0.06583629893238434 0.13924050632911392
1 0.7784697508896797 0.5901898734177216 0.04448398576512456 0.09177215189873418
1 0.8122775800711743 0.879746835443038 0.033807829181494664 0.05063291139240506