0 0.7925977653631285 0.5123762376237624 0.061452513966480445 0.09900990099009901
0 0.8114525139664804 0.599009900990099 0.05726256983240224 0.09653465346534654
0 0.8114525139664804 0.6732673267326733 0.06843575418994413 0.09158415841584158
0 0.7569832402234636 0.9331683168316832 0.06005586592178771 0.09158415841584158
0 0.4993016759776536 0.5816831683168316 0.0670391061452514 0.09900990099009901
0 0.2604748603351955 0.719059405940594 0.07681564245810056 0.1188118811881188
0 0.06564245810055866 0.4319306930693069 0.07262569832402235 0.1311881188118812
0 0.1026536312849162 0.05816831683168317 0.0824022346368715 0.11633663366336634
1 0.28910614525139666 0.028465346534653466 0.061452513966480445 0.05693069306930693
1 0.20740223463687152 0.629950495049505 0.0670391061452514 0.11633663366336634
1 0.4581005586592179 0.7945544554455446 0.0712290502793296 0.1188118811881188
1 0.6333798882681564 0.8861386138613861 0.06284916201117319 0.10643564356435643
1 0.5921787709497207 0.9195544554455446 0.06843575418994413 0.09900990099009901
1 0.840782122905028 0.9022277227722773 0.07541899441340782 0.12376237623762376
1 0.6675977653631285 0.5952970297029703 0.06564245810055866 0.09900990099009901
1 0.6627094972067039 0.45792079207920794 0.06284916201117319 0.11633663366336634