0 0.5827586206896552 0.5506134969325154 0.06896551724137931 0.12576687116564417
0 0.44482758620689655 0.13650306748466257 0.08448275862068966 0.11349693251533742
0 0.2801724137931034 0.5812883435582822 0.07241379310344828 0.1411042944785276
0 0.3887931034482759 0.019938650306748466 0.05344827586206897 0.03987730061349693
0 0.42844827586206896 0.018404907975460124 0.04310344827586207 0.03680981595092025
0 0.6844827586206896 0.08128834355828221 0.05172413793103448 0.0736196319018405
1 0.7129310344827586 0.08588957055214724 0.05 0.06441717791411043
1 0.7129310344827586 0.34202453987730064 0.056896551724137934 0.12883435582822086
1 0.521551724137931 0.4723926380368098 0.06896551724137931 0.1165644171779141
1 0.3456896551724138 0.2085889570552147 0.07413793103448275 0.13496932515337423
1 0.4189655172413793 0.029141104294478526 0.06551724137931035 0.05828220858895705
1 0.5077586206896552 0.027607361963190184 0.06379310344827586 0.05521472392638037
1 0.5689655172413793 0.04294478527607362 0.05517241379310345 0.0736196319018405
1 0.5681034482758621 0.03374233128834356 0.04655172413793104 0.05214723926380368