0 0.37353801169590645 0.7577720207253886 0.059941520467836254 0.10880829015544041
0 0.4422514619883041 0.39896373056994816 0.059941520467836254 0.12176165803108809
0 0.4956140350877193 0.34974093264248707 0.06140350877192982 0.11917098445595854
0 0.6213450292397661 0.10621761658031088 0.07017543859649122 0.12435233160621761
0 0.8062865497076024 0.23575129533678757 0.06725146198830409 0.08549222797927461
0 0.8077485380116959 0.41968911917098445 0.06871345029239766 0.12694300518134716
0 0.6374269005847953 0.9546632124352331 0.09064327485380116 0.09067357512953368
1 0.39473684210526316 0.6865284974093264 0.07163742690058479 0.11917098445595854
1 0.45760233918128657 0.6761658031088082 0.07602339181286549 0.14248704663212436
1 0.5160818713450293 0.025906735751295335 0.06725146198830409 0.05181347150259067
1 0.7200292397660819 0.45466321243523317 0.0891812865497076 0.16321243523316062
1 0.7119883040935673 0.7305699481865285 0.08625730994152046 0.15544041450777202
1 0.5760233918128655 0.9352331606217616 0.0804093567251462 0.12694300518134716