0 0.6108695652173913 0.06084656084656084 0.03333333333333333 0.0582010582010582
0 0.6239130434782608 0.08068783068783068 0.06376811594202898 0.09788359788359788
0 0.5927536231884057 0.04365079365079365 0.0463768115942029 0.07671957671957672
0 0.40942028985507245 0.03042328042328042 0.06521739130434782 0.06084656084656084
0 0.30579710144927535 0.3002645502645503 0.06666666666666667 0.12169312169312169
0 0.20869565217391303 0.4933862433862434 0.0782608695652174 0.15608465608465608
0 0.6376811594202898 0.4470899470899471 0.06666666666666667 0.12169312169312169
0 0.6601449275362319 0.4801587301587302 0.07536231884057971 0.1349206349206349
0 0.5413043478260869 0.8928571428571429 0.07391304347826087 0.14285714285714285
1 0.2876811594202899 0.7208994708994709 0.07101449275362319 0.14285714285714285
1 0.5456521739130434 0.7328042328042328 0.06666666666666667 0.12169312169312169
1 0.7333333333333333 0.22354497354497355 0.06666666666666667 0.11904761904761904
1 0.7275362318840579 0.20502645502645503 0.04927536231884058 0.08465608465608465
1 0.5630434782608695 0.021164021164021163 0.04492753623188406 0.042328042328042326
1 0.46304347826086956 0.046296296296296294 0.07101449275362319 0.09259259259259259
1 0.4811594202898551 0.01984126984126984 0.05217391304347826 0.03968253968253968
1 0.39202898550724635 0.03968253968253968 0.07391304347826087 0.07936507936507936