0 0.30938697318007663 0.12323943661971831 0.05555555555555555 0.06338028169014084
0 0.35153256704980845 0.0880281690140845 0.06130268199233716 0.06690140845070422
0 0.2193486590038314 0.22535211267605634 0.07279693486590039 0.11619718309859155
0 0.15900383141762453 0.26936619718309857 0.03639846743295019 0.07746478873239436
0 0.30938697318007663 0.7676056338028169 0.07854406130268199 0.14084507042253522
0 0.5986590038314177 0.45422535211267606 0.08620689655172414 0.1795774647887324
0 0.7586206896551724 0.5105633802816901 0.09386973180076628 0.16549295774647887
0 0.5191570881226054 0.017605633802816902 0.05747126436781609 0.035211267605633804
1 0.3793103448275862 0.9735915492957746 0.06130268199233716 0.0528169014084507
1 0.20306513409961685 0.3644366197183099 0.07471264367816093 0.1267605633802817
1 0.18486590038314177 0.29577464788732394 0.07662835249042145 0.13380281690140844
1 0.2653256704980843 0.16549295774647887 0.0421455938697318 0.06338028169014084
1 0.36877394636015326 0.09154929577464789 0.0842911877394636 0.10915492957746478
1 0.47509578544061304 0.028169014084507043 0.06513409961685823 0.056338028169014086
1 0.5469348659003831 0.022887323943661973 0.07854406130268199 0.045774647887323945
1 0.5450191570881227 0.15140845070422534 0.07854406130268199 0.14084507042253522