0 0.18175074183976261 0.6171052631578947 0.06973293768545995 0.11052631578947368
0 0.1476261127596439 0.8618421052631579 0.0830860534124629 0.13421052631578947
0 0.20252225519287834 0.6842105263157895 0.06231454005934718 0.09473684210526316
0 0.21364985163204747 0.8697368421052631 0.07270029673590504 0.11578947368421053
0 0.5222551928783383 0.6039473684210527 0.08011869436201781 0.1394736842105263
0 0.4658753709198813 0.45394736842105265 0.08753709198813056 0.15526315789473685
0 0.7893175074183977 0.29473684210526313 0.06676557863501484 0.12105263157894737
0 0.7255192878338279 0.5881578947368421 0.10237388724035608 0.15789473684210525
1 0.49332344213649854 0.9315789473684211 0.07566765578635015 0.1368421052631579
1 0.650593471810089 0.8710526315789474 0.08011869436201781 0.1368421052631579
1 0.7143916913946587 0.42894736842105263 0.06379821958456973 0.12368421052631579
1 0.7900593471810089 0.6447368421052632 0.08011869436201781 0.12368421052631579
1 0.5608308605341247 0.16973684210526316 0.0712166172106825 0.12631578947368421
1 0.3137982195845697 0.4868421052631579 0.06676557863501484 0.12105263157894737
1 0.31750741839762614 0.7302631578947368 0.07270029673590504 0.1368421052631579