0 0.9505597014925373 0.1678082191780822 0.048507462686567165 0.11301369863013698
0 0.7285447761194029 0.1917808219178082 0.09888059701492537 0.15753424657534246
0 0.7061567164179104 0.06164383561643835 0.09514925373134328 0.1232876712328767
0 0.23414179104477612 0.9486301369863014 0.11007462686567164 0.10273972602739725
0 0.3572761194029851 0.8082191780821918 0.009328358208955223 0.0136986301369863
0 0.625 0.559931506849315 0.08768656716417911 0.1404109589041096
0 0.5867537313432836 0.7208904109589042 0.1044776119402985 0.17465753424657535
0 0.628731343283582 0.8493150684931506 0.08395522388059702 0.1404109589041096
0 0.7602611940298507 0.8116438356164384 0.07462686567164178 0.10616438356164383
0 0.957089552238806 0.2671232876712329 0.07276119402985075 0.1267123287671233
0 0.9953358208955224 0.4743150684931507 0.009328358208955223 0.09246575342465753
1 0.9925373134328358 0.4657534246575342 0.014925373134328358 0.1095890410958904
1 0.9458955223880597 0.1523972602739726 0.04664179104477612 0.10273972602739725
1 0.773320895522388 0.4434931506849315 0.07276119402985075 0.13013698630136986
1 0.7658582089552238 0.511986301369863 0.09701492537313433 0.1541095890410959
1 0.8348880597014925 0.601027397260274 0.06902985074626866 0.1232876712328767
1 0.7845149253731343 0.2791095890410959 0.07649253731343283 0.14383561643835616
1 0.5559701492537313 0.5291095890410958 0.07649253731343283 0.14726027397260275
1 0.523320895522388 0.3047945205479452 0.0914179104477612 0.1678082191780822
1 0.21175373134328357 0.6575342465753424 0.0914179104477612 0.1541095890410959
1 0.9505597014925373 0.5821917808219178 0.08022388059701492 0.1404109589041096