0 0.5731382978723404 0.3313679245283019 0.043882978723404256 0.08490566037735849
0 0.5179521276595744 0.30424528301886794 0.06515957446808511 0.09198113207547169
0 0.7101063829787234 0.392688679245283 0.08244680851063829 0.12971698113207547
0 0.8450797872340425 0.6757075471698113 0.061170212765957445 0.10613207547169812
0 0.7160904255319149 0.7665094339622641 0.057180851063829786 0.09905660377358491
0 0.37632978723404253 0.8844339622641509 0.0797872340425532 0.12264150943396226
0 0.21742021276595744 0.8490566037735849 0.06914893617021277 0.11320754716981132
0 0.33444148936170215 0.41745283018867924 0.05186170212765957 0.09433962264150944
1 0.7047872340425532 0.19221698113207547 0.05452127659574468 0.07075471698113207
1 0.6269946808510638 0.6615566037735849 0.07180851063829788 0.125
1 0.5365691489361702 0.8490566037735849 0.06382978723404255 0.11320754716981132
1 0.2220744680851064 0.9375 0.05585106382978723 0.09198113207547169
1 0.21875 0.6285377358490566 0.0598404255319149 0.08726415094339622
1 0.21409574468085107 0.5459905660377359 0.057180851063829786 0.09433962264150944
1 0.3716755319148936 0.41273584905660377 0.05319148936170213 0.10377358490566038
1 0.45146276595744683 0.5070754716981132 0.05851063829787234 0.125