0 0.11774744027303755 0.3575757575757576 0.06996587030716724 0.11515151515151516
0 0.590443686006826 0.31363636363636366 0.06313993174061433 0.13636363636363635
0 0.4803754266211604 0.21515151515151515 0.06484641638225255 0.13636363636363635
0 0.5802047781569966 0.06363636363636363 0.06825938566552901 0.12424242424242424
0 0.5793515358361775 0.22575757575757577 0.06655290102389079 0.11212121212121212
0 0.8754266211604096 0.5803030303030303 0.07167235494880546 0.11212121212121212
0 0.9035836177474402 0.7272727272727273 0.08361774744027303 0.16666666666666666
0 0.909556313993174 0.6318181818181818 0.06143344709897611 0.11818181818181818
1 0.09044368600682594 0.7045454545454546 0.09044368600682594 0.09090909090909091
1 0.39334470989761094 0.25 0.06143344709897611 0.11818181818181818
1 0.5725255972696246 0.012121212121212121 0.059726962457337884 0.024242424242424242
1 0.7073378839590444 0.013636363636363636 0.059726962457337884 0.02727272727272727
1 0.7986348122866894 0.15303030303030302 0.08020477815699659 0.13636363636363635
1 0.6604095563139932 0.503030303030303 0.07167235494880546 0.1
1 0.6117747440273038 0.6045454545454545 0.06484641638225255 0.14242424242424243