0 0.6554878048780488 0.7925925925925926 0.09146341463414634 0.15555555555555556
0 0.7489837398373984 0.2962962962962963 0.07926829268292683 0.14814814814814814
0 0.7723577235772358 0.08333333333333333 0.0508130081300813 0.09259259259259259
0 0.5955284552845529 0.04259259259259259 0.07520325203252033 0.07037037037037037
0 0.5721544715447154 0.046296296296296294 0.06300813008130081 0.08148148148148149
0 0.3160569105691057 0.016666666666666666 0.0508130081300813 0.03333333333333333
1 0.26422764227642276 0.022222222222222223 0.036585365853658534 0.044444444444444446
1 0.3119918699186992 0.03518518518518519 0.07520325203252033 0.07037037037037037
1 0.42378048780487804 0.07222222222222222 0.07520325203252033 0.14444444444444443
1 0.6554878048780488 0.2722222222222222 0.07926829268292683 0.15925925925925927
1 0.641260162601626 0.05 0.06910569105691057 0.07037037037037037
1 0.6351626016260162 0.05 0.06910569105691057 0.07037037037037037