0 0.7053231939163498 0.4027777777777778 0.060836501901140684 0.14930555555555555
0 0.526615969581749 0.3211805555555556 0.06653992395437262 0.1388888888888889
0 0.35076045627376423 0.4236111111111111 0.0779467680608365 0.10416666666666667
0 0.35076045627376423 0.515625 0.07984790874524715 0.11458333333333333
1 0.34695817490494296 0.9600694444444444 0.07984790874524715 0.07291666666666667
1 0.30038022813688214 0.8767361111111112 0.058935361216730035 0.1388888888888889
1 0.2633079847908745 0.05381944444444445 0.06273764258555133 0.1076388888888889
1 0.6178707224334601 0.029513888888888888 0.06653992395437262 0.05555555555555555
1 0.7480988593155894 0.043402777777777776 0.060836501901140684 0.07291666666666667
1 0.7585551330798479 0.4548611111111111 0.03231939163498099 0.1423611111111111
1 0.7366920152091255 0.8072916666666666 0.07034220532319392 0.1388888888888889