0 0.982421875 0.5762411347517731 0.03515625 0.12411347517730496
0 0.8349609375 0.601063829787234 0.08984375 0.14893617021276595
0 0.9228515625 0.9663120567375887 0.052734375 0.0673758865248227
0 0.1689453125 0.7960992907801419 0.1015625 0.14184397163120568
0 0.39453125 0.2872340425531915 0.083984375 0.14893617021276595
0 0.416015625 0.48404255319148937 0.1015625 0.15602836879432624
0 0.5283203125 0.46099290780141844 0.08984375 0.17375886524822695
0 0.541015625 0.2730496453900709 0.08984375 0.1702127659574468
1 0.8603515625 0.48936170212765956 0.08203125 0.16666666666666666
1 0.970703125 0.7021276595744681 0.046875 0.11702127659574468
1 0.208984375 0.06560283687943262 0.07421875 0.13120567375886524
1 0.4853515625 0.11702127659574468 0.08984375 0.1347517730496454
1 0.537109375 0.05319148936170213 0.08203125 0.10638297872340426
1 0.75 0.42021276595744683 0.076171875 0.1347517730496454
1 0.744140625 0.5602836879432624 0.080078125 0.1595744680851064