0 0.11421725239616613 0.7049418604651163 0.07987220447284345 0.10174418604651163
0 0.26038338658146964 0.6017441860465116 0.08466453674121406 0.13372093023255813
0 0.10942492012779553 0.5348837209302325 0.0670926517571885 0.11046511627906977
0 0.5063897763578274 0.3183139534883721 0.07188498402555911 0.12790697674418605
0 0.5111821086261981 0.43459302325581395 0.06549520766773163 0.11627906976744186
0 0.59185303514377 0.5581395348837209 0.0670926517571885 0.12790697674418605
0 0.6972843450479234 0.7558139534883721 0.07028753993610223 0.12209302325581395
0 0.6142172523961661 0.29505813953488375 0.07348242811501597 0.1308139534883721
1 0.10063897763578275 0.9418604651162791 0.07507987220447285 0.10174418604651163
1 0.10862619808306709 0.6308139534883721 0.07028753993610223 0.10755813953488372
1 0.24121405750798722 0.4738372093023256 0.06070287539936102 0.10755813953488372
1 0.33945686900958466 0.43459302325581395 0.06869009584664537 0.11627906976744186
1 0.33386581469648563 0.5537790697674418 0.06230031948881789 0.125
1 0.5399361022364217 0.2180232558139535 0.06389776357827476 0.10755813953488372
1 0.5223642172523961 0.12209302325581395 0.0670926517571885 0.13372093023255813
1 0.7811501597444089 0.18895348837209303 0.08466453674121406 0.16569767441860464