0 0.6884057971014492 0.5148026315789473 0.09239130434782608 0.16776315789473684
0 0.5860507246376812 0.5888157894736842 0.09420289855072464 0.1611842105263158
0 0.5652173913043478 0.3815789473684211 0.08695652173913043 0.16776315789473684
0 0.6331521739130435 0.2730263157894737 0.08514492753623189 0.15789473684210525
0 0.2056159420289855 0.03125 0.06702898550724638 0.0625
0 0.31521739130434784 0.1299342105263158 0.09057971014492754 0.15460526315789475
0 0.16304347826086957 0.07236842105263158 0.10144927536231885 0.14473684210526316
1 0.057971014492753624 0.21546052631578946 0.07789855072463768 0.13486842105263158
1 0.15489130434782608 0.03782894736842105 0.07789855072463768 0.0756578947368421
1 0.3641304347826087 0.05921052631578947 0.08695652173913043 0.11842105263157894
1 0.4429347826086957 0.1118421052631579 0.08152173913043478 0.1513157894736842
1 0.39402173913043476 0.20888157894736842 0.08695652173913043 0.15460526315789475
1 0.7028985507246377 0.17927631578947367 0.08152173913043478 0.12828947368421054
1 0.7056159420289855 0.26151315789473684 0.08695652173913043 0.14473684210526316
1 0.9030797101449275 0.6167763157894737 0.10144927536231885 0.19078947368421054
1 0.4375 0.9473684210526315 0.08514492753623189 0.10526315789473684