0 0.014940239043824702 0.6654676258992805 0.029880478087649404 0.1079136690647482
0 0.037848605577689244 0.7733812949640287 0.05976095617529881 0.1223021582733813
0 0.061752988047808766 0.8597122302158273 0.05776892430278884 0.11510791366906475
0 0.3256972111553785 0.6672661870503597 0.08366533864541832 0.14388489208633093
0 0.4063745019920319 0.6888489208633094 0.11155378486055777 0.1906474820143885
0 0.47908366533864544 0.685251798561151 0.10358565737051793 0.17625899280575538
0 0.2539840637450199 0.7841726618705036 0.10956175298804781 0.1906474820143885
1 0.0697211155378486 0.5953237410071942 0.09362549800796813 0.15827338129496402
1 0.02888446215139442 0.6420863309352518 0.05776892430278884 0.1474820143884892
1 0.044820717131474105 0.7482014388489209 0.08366533864541832 0.14388489208633093
1 0.11354581673306773 0.8399280575539568 0.09561752988047809 0.18345323741007194
1 0.05776892430278884 0.8471223021582733 0.05976095617529881 0.1223021582733813
1 0.601593625498008 0.9244604316546763 0.10159362549800798 0.14388489208633093