0 0.9829317269076305 0.43795620437956206 0.03413654618473896 0.10948905109489052
0 0.9759036144578314 0.3813868613138686 0.04819277108433735 0.14233576642335766
0 0.9508032128514057 0.17335766423357665 0.05220883534136546 0.12043795620437957
0 0.9397590361445783 0.06934306569343066 0.04819277108433735 0.11678832116788321
0 0.9267068273092369 0.029197080291970802 0.04618473895582329 0.058394160583941604
0 0.6987951807228916 0.3248175182481752 0.08433734939759036 0.145985401459854
0 0.6516064257028112 0.45255474452554745 0.09236947791164658 0.15693430656934307
0 0.5803212851405622 0.5182481751824818 0.09437751004016064 0.15328467153284672
0 0.8945783132530121 0.6094890510948905 0.08433734939759036 0.145985401459854
1 0.571285140562249 0.8813868613138686 0.10441767068273092 0.145985401459854
1 0.7198795180722891 0.75 0.10040160642570281 0.145985401459854
1 0.7419678714859438 0.8613138686131386 0.08634538152610442 0.12773722627737227
1 0.8182730923694779 0.6222627737226277 0.10642570281124498 0.14233576642335766
1 0.9859437751004017 0.5784671532846716 0.028112449799196786 0.13503649635036497
1 0.8775100401606426 0.1989051094890511 0.0963855421686747 0.16058394160583941
1 0.9146586345381527 0.06569343065693431 0.07429718875502007 0.13138686131386862
1 0.8895582329317269 0.0364963503649635 0.08433734939759036 0.072992700729927
1 0.9508032128514057 0.1551094890510949 0.04618473895582329 0.0948905109489051