0 0.3241042345276873 0.9437869822485208 0.07166123778501629 0.11242603550295859
0 0.4828990228013029 0.621301775147929 0.07003257328990228 0.1390532544378698
0 0.44543973941368076 0.5118343195266272 0.0781758957654723 0.14497041420118342
0 0.36482084690553745 0.4068047337278107 0.07980456026058631 0.14497041420118342
1 0.21335504885993486 0.4171597633136095 0.03745928338762215 0.1390532544378698
1 0.2662866449511401 0.5695266272189349 0.06514657980456026 0.13609467455621302
1 0.33794788273615634 0.7781065088757396 0.06840390879478828 0.15384615384615385
1 0.24674267100977199 0.628698224852071 0.04234527687296417 0.13609467455621302
1 0.5138436482084691 0.8653846153846154 0.0732899022801303 0.15088757396449703
1 0.5773615635179153 0.9142011834319527 0.06351791530944625 0.1242603550295858
1 0.6302931596091205 0.863905325443787 0.06840390879478828 0.12130177514792899