0 0.6241007194244604 0.6437908496732027 0.07194244604316546 0.13398692810457516
0 0.5665467625899281 0.576797385620915 0.07553956834532374 0.14052287581699346
0 0.5134892086330936 0.4591503267973856 0.07913669064748201 0.16339869281045752
0 0.4316546762589928 0.31862745098039214 0.08273381294964029 0.17320261437908496
0 0.6564748201438849 0.14705882352941177 0.08453237410071943 0.1568627450980392
0 0.5800359712230215 0.0196078431372549 0.05935251798561151 0.0392156862745098
0 0.43884892086330934 0.04738562091503268 0.052158273381294966 0.08496732026143791
0 0.38758992805755393 0.06045751633986928 0.044964028776978415 0.06862745098039216
0 0.3408273381294964 0.08169934640522876 0.05575539568345324 0.0784313725490196
1 0.33363309352517984 0.12091503267973856 0.0737410071942446 0.13071895424836602
1 0.39118705035971224 0.08169934640522876 0.05935251798561151 0.11437908496732026
1 0.4505395683453237 0.11274509803921569 0.05575539568345324 0.11764705882352941
1 0.44064748201438847 0.04084967320261438 0.05935251798561151 0.07516339869281045
1 0.5386690647482014 0.0196078431372549 0.06294964028776978 0.0392156862745098
1 0.7562949640287769 0.3872549019607843 0.0341726618705036 0.1111111111111111
1 0.6429856115107914 0.22058823529411764 0.06474820143884892 0.14052287581699346
1 0.7239208633093526 0.42483660130718953 0.06294964028776978 0.1503267973856209
1 0.783273381294964 0.6601307189542484 0.046762589928057555 0.1437908496732026