0 0.645017793594306 0.11451612903225807 0.05871886120996441 0.1
0 0.6574733096085409 0.28225806451612906 0.08362989323843416 0.17096774193548386
0 0.7597864768683275 0.23225806451612904 0.0693950177935943 0.1064516129032258
0 0.5969750889679716 0.8564516129032258 0.08362989323843416 0.15806451612903225
0 0.5355871886120996 0.75 0.09786476868327403 0.1774193548387097
0 0.4128113879003559 0.8225806451612904 0.09074733096085409 0.16774193548387098
0 0.2491103202846975 0.7935483870967742 0.0693950177935943 0.09032258064516129
0 0.5071174377224199 0.9612903225806452 0.10320284697508897 0.07741935483870968
1 0.7233096085409253 0.3419354838709677 0.09074733096085409 0.15483870967741936
1 0.6725978647686833 0.5258064516129032 0.08185053380782918 0.14838709677419354
1 0.6218861209964412 0.432258064516129 0.08540925266903915 0.15806451612903225
1 0.7037366548042705 0.16774193548387098 0.06583629893238434 0.1
1 0.5453736654804271 0.027419354838709678 0.06227758007117438 0.054838709677419356
1 0.19661921708185054 0.5274193548387097 0.07473309608540925 0.14838709677419354
1 0.599644128113879 0.9661290322580646 0.09252669039145907 0.06774193548387097
1 0.6387900355871886 0.9596774193548387 0.06405693950177936 0.08064516129032258