0 0.9226804123711341 0.884375 0.06872852233676977 0.11875
0 0.834192439862543 0.6875 0.09106529209621993 0.140625
0 0.9828178694158075 0.6859375 0.03436426116838488 0.121875
0 0.622852233676976 0.271875 0.08247422680412371 0.14375
0 0.602233676975945 0.415625 0.09278350515463918 0.16875
0 0.48109965635738833 0.4703125 0.08934707903780069 0.153125
0 0.3316151202749141 0.6234375 0.09450171821305842 0.16875
0 0.5051546391752577 0.228125 0.09106529209621993 0.178125
1 0.8711340206185567 0.575 0.07903780068728522 0.159375
1 0.7774914089347079 0.471875 0.07731958762886598 0.140625
1 0.7628865979381443 0.596875 0.08247422680412371 0.146875
1 0.9639175257731959 0.7921875 0.05154639175257732 0.11875
1 0.38831615120274915 0.9140625 0.07731958762886598 0.125
1 0.5773195876288659 0.13125 0.0979381443298969 0.159375
1 0.6288659793814433 0.09375 0.07216494845360824 0.109375
1 0.3745704467353952 0.0421875 0.09278350515463918 0.084375