0 0.5542704626334519 0.7677419354838709 0.09252669039145907 0.16129032258064516
0 0.7126334519572953 0.17419354838709677 0.05338078291814947 0.08709677419354839
0 0.641459074733096 0.11451612903225807 0.07473309608540925 0.12258064516129032
0 0.42437722419928825 0.3 0.09074733096085409 0.17096774193548386
0 0.4919928825622776 0.024193548387096774 0.06227758007117438 0.04838709677419355
0 0.48665480427046265 0.02903225806451613 0.0800711743772242 0.05806451612903226
1 0.3994661921708185 0.02258064516129032 0.051601423487544484 0.04516129032258064
1 0.5738434163701067 0.08548387096774193 0.09430604982206406 0.17096774193548386
1 0.5480427046263345 0.02903225806451613 0.05338078291814947 0.05806451612903226
1 0.5951957295373665 0.05806451612903226 0.06405693950177936 0.1
1 0.701067615658363 0.22096774193548388 0.08718861209964412 0.15161290322580645
1 0.6423487544483986 0.4338709677419355 0.09608540925266904 0.15483870967741936
1 0.18683274021352314 0.5258064516129032 0.051601423487544484 0.13225806451612904