0 0.5354785478547854 0.5658682634730539 0.0891089108910891 0.1467065868263473
0 0.6072607260726073 0.6736526946107785 0.066006600660066 0.12275449101796407
0 0.6683168316831684 0.07784431137724551 0.0462046204620462 0.06287425149700598
0 0.3787128712871287 0.01347305389221557 0.037953795379537955 0.02694610778443114
0 0.33828382838283827 0.01347305389221557 0.0429042904290429 0.02694610778443114
0 0.3935643564356436 0.017964071856287425 0.05115511551155116 0.03592814371257485
1 0.5899339933993399 0.05389221556886228 0.04785478547854786 0.0748502994011976
1 0.5115511551155115 0.03143712574850299 0.04950495049504951 0.06287425149700598
1 0.36303630363036304 0.05239520958083832 0.0594059405940594 0.10479041916167664
1 0.3094059405940594 0.04491017964071856 0.06105610561056106 0.08982035928143713
1 0.22194719471947194 0.592814371257485 0.037953795379537955 0.09580838323353294
1 0.2632013201320132 0.7245508982035929 0.066006600660066 0.11976047904191617
1 0.6072607260726073 0.18862275449101795 0.066006600660066 0.11676646706586827
1 0.6468646864686468 0.16467065868263472 0.06435643564356436 0.12574850299401197
1 0.6460396039603961 0.3398203592814371 0.0594059405940594 0.12574850299401197