0 0.6647540983606557 0.8735119047619048 0.060655737704918035 0.09523809523809523
0 0.20245901639344263 0.31994047619047616 0.08852459016393442 0.17261904761904762
0 0.5081967213114754 0.24553571428571427 0.07704918032786885 0.13988095238095238
0 0.45737704918032784 0.38839285714285715 0.08360655737704918 0.1636904761904762
0 0.5327868852459017 0.49255952380952384 0.08852459016393442 0.15476190476190477
0 0.6008196721311475 0.39285714285714285 0.08524590163934426 0.15476190476190477
1 0.7147540983606557 0.8333333333333334 0.06393442622950819 0.08630952380952381
1 0.23688524590163934 0.6502976190476191 0.040983606557377046 0.10714285714285714
1 0.4860655737704918 0.022321428571428572 0.06393442622950819 0.044642857142857144
1 0.6180327868852459 0.23958333333333334 0.07213114754098361 0.14583333333333334
1 0.680327868852459 0.24404761904761904 0.08196721311475409 0.1488095238095238
1 0.680327868852459 0.7023809523809523 0.06885245901639345 0.12797619047619047
1 0.6311475409836066 0.78125 0.08032786885245902 0.13988095238095238