0 0.4234875444839858 0.6629032258064517 0.07829181494661921 0.12580645161290321
0 0.33274021352313166 0.6693548387096774 0.07473309608540925 0.13870967741935483
0 0.4830960854092527 0.49032258064516127 0.07295373665480427 0.14516129032258066
0 0.4101423487544484 0.3919354838709677 0.07473309608540925 0.13870967741935483
0 0.6797153024911032 0.05806451612903226 0.08540925266903915 0.11612903225806452
1 0.40480427046263345 0.9741935483870968 0.0693950177935943 0.05161290322580645
1 0.47419928825622776 0.9693548387096774 0.0693950177935943 0.06129032258064516
1 0.25 0.6338709677419355 0.04448398576512456 0.12903225806451613
1 0.2775800711743772 0.11612903225806452 0.0711743772241993 0.08709677419354839
1 0.28647686832740216 0.5951612903225807 0.07829181494661921 0.13870967741935483
1 0.7402135231316725 0.41451612903225804 0.0711743772241993 0.13225806451612904