0 0.30047318611987384 0.15857142857142856 0.050473186119873815 0.08285714285714285
0 0.3548895899053628 0.10285714285714286 0.055205047318611984 0.08571428571428572
0 0.4069400630914827 0.055714285714285716 0.056782334384858045 0.09142857142857143
0 0.47634069400630913 0.02 0.04416403785488959 0.04
0 0.4077287066246057 0.62 0.08201892744479496 0.1457142857142857
0 0.4219242902208202 0.24571428571428572 0.07097791798107256 0.13714285714285715
0 0.49369085173501576 0.3842857142857143 0.0804416403785489 0.15142857142857144
0 0.6577287066246057 0.34714285714285714 0.08990536277602523 0.16285714285714287
0 0.6056782334384858 0.07428571428571429 0.08832807570977919 0.14857142857142858
0 0.5709779179810726 0.03142857142857143 0.0694006309148265 0.06285714285714286
1 0.2854889589905363 0.18 0.06782334384858044 0.10571428571428572
1 0.3391167192429022 0.12571428571428572 0.055205047318611984 0.09428571428571429
1 0.3951104100946372 0.09285714285714286 0.08832807570977919 0.15142857142857144
1 0.5694006309148265 0.14 0.06466876971608833 0.14285714285714285
1 0.6435331230283912 0.03142857142857143 0.05362776025236593 0.06285714285714286
1 0.694794952681388 0.20142857142857143 0.07097791798107256 0.12857142857142856
1 0.6529968454258676 0.26285714285714284 0.06624605678233439 0.13428571428571429
1 0.7594637223974764 0.43714285714285717 0.06624605678233439 0.13714285714285715
1 0.3099369085173502 0.86 0.04889589905362776 0.10571428571428572
1 0.47712933753943215 0.8842857142857142 0.00946372239747634 0.011428571428571429