0 0.4495548961424332 0.6841397849462365 0.06231454005934718 0.09946236559139784
0 0.47700296735905046 0.571236559139785 0.06083086053412463 0.10752688172043011
0 0.5408011869436202 0.5228494623655914 0.0771513353115727 0.13709677419354838
0 0.7655786350148368 0.8696236559139785 0.06379821958456973 0.10752688172043011
0 0.6594955489614244 0.09005376344086022 0.05637982195845697 0.1532258064516129
0 0.6394658753709199 0.020161290322580645 0.05637982195845697 0.04032258064516129
0 0.6661721068249258 0.016129032258064516 0.04451038575667656 0.03225806451612903
0 0.4035608308605341 0.05241935483870968 0.05489614243323442 0.06989247311827956
1 0.39243323442136496 0.3467741935483871 0.07566765578635015 0.1478494623655914
1 0.38946587537091987 0.0967741935483871 0.057863501483679525 0.11559139784946236
1 0.478486646884273 0.15591397849462366 0.06083086053412463 0.09946236559139784
1 0.5593471810089021 0.11693548387096774 0.06231454005934718 0.12365591397849462
1 0.5059347181008902 0.07661290322580645 0.05489614243323442 0.11559139784946236
1 0.5333827893175074 0.016129032258064516 0.04302670623145401 0.03225806451612903
1 0.5741839762611276 0.01478494623655914 0.04747774480712166 0.02956989247311828
1 0.7700296735905044 0.553763440860215 0.04451038575667656 0.12365591397849462