0 0.7088150289017341 0.1793193717277487 0.046242774566473986 0.07591623036649214
0 0.6741329479768786 0.13612565445026178 0.0476878612716763 0.07853403141361257
0 0.6466763005780347 0.10471204188481675 0.05346820809248555 0.08638743455497382
0 0.5375722543352601 0.01963350785340314 0.046242774566473986 0.03926701570680628
0 0.43858381502890176 0.031413612565445025 0.06791907514450866 0.06282722513089005
0 0.5382947976878613 0.35732984293193715 0.06502890173410404 0.11780104712041885
0 0.49277456647398843 0.4306282722513089 0.08092485549132948 0.1518324607329843
0 0.4472543352601156 0.07068062827225131 0.06069364161849711 0.112565445026178
0 0.28395953757225434 0.29842931937172773 0.06358381502890173 0.12303664921465969
0 0.2897398843930636 0.4581151832460733 0.0838150289017341 0.14921465968586387
1 0.37716763005780346 0.506544502617801 0.08092485549132948 0.15706806282722513
1 0.3547687861271676 0.3023560209424084 0.059248554913294796 0.12303664921465969
1 0.32514450867052025 0.2604712041884817 0.05202312138728324 0.10471204188481675
1 0.4263005780346821 0.18979057591623036 0.07369942196531792 0.14659685863874344
1 0.4761560693641618 0.01963350785340314 0.044797687861271675 0.03926701570680628
1 0.6423410404624278 0.09293193717277487 0.03468208092485549 0.05759162303664921
1 0.6885838150289018 0.24345549738219896 0.06647398843930635 0.1256544502617801
1 0.653179190751445 0.17277486910994763 0.06069364161849711 0.11518324607329843
1 0.588150289017341 0.18455497382198952 0.0708092485549133 0.13350785340314136