0 0.3471337579617834 0.9696132596685083 0.08598726114649681 0.06077348066298342
0 0.5828025477707006 0.5082872928176796 0.09554140127388536 0.16298342541436464
0 0.49522292993630573 0.4972375690607735 0.09394904458598727 0.17403314917127072
0 0.15286624203821655 0.26795580110497236 0.06050955414012739 0.12154696132596685
0 0.1695859872611465 0.23342541436464087 0.0732484076433121 0.09944751381215469
1 0.6265923566878981 0.25 0.07484076433121019 0.13812154696132597
1 0.28662420382165604 0.13950276243093923 0.07006369426751592 0.08839779005524862
1 0.26512738853503187 0.6878453038674033 0.07643312101910828 0.13259668508287292
1 0.2484076433121019 0.5939226519337016 0.09076433121019108 0.15193370165745856
1 0.6743630573248408 0.7983425414364641 0.07802547770700637 0.143646408839779
1 0.6297770700636943 0.8812154696132597 0.09713375796178345 0.16298342541436464
1 0.5445859872611465 0.9392265193370166 0.09554140127388536 0.12154696132596685