0 0.9456521739130435 0.23648648648648649 0.08850931677018634 0.17297297297297298
0 0.8517080745341615 0.6554054054054054 0.09937888198757763 0.14864864864864866
0 0.5768633540372671 0.6878378378378378 0.11024844720496894 0.16216216216216217
0 0.2554347826086957 0.518918918918919 0.07298136645962733 0.12432432432432433
0 0.2204968944099379 0.5148648648648648 0.07453416149068323 0.12972972972972974
0 0.15527950310559005 0.9432432432432433 0.08385093167701864 0.11351351351351352
0 0.391304347826087 0.8324324324324325 0.08229813664596274 0.13783783783783785
1 0.12111801242236025 0.6662162162162162 0.09472049689440994 0.14594594594594595
1 0.41770186335403725 0.2918918918918919 0.08229813664596274 0.14864864864864866
1 0.406055900621118 0.41486486486486485 0.10093167701863354 0.15135135135135136
1 0.24611801242236025 0.8432432432432433 0.09627329192546584 0.12972972972972974
1 0.24145962732919254 0.9391891891891891 0.07608695652173914 0.12162162162162163
1 0.46273291925465837 0.9378378378378378 0.08074534161490683 0.12432432432432433
1 0.6358695652173914 0.8608108108108108 0.07608695652173914 0.14594594594594595
1 0.9021739130434783 0.572972972972973 0.09006211180124224 0.14054054054054055