0 0.6568441064638784 0.8923841059602649 0.08555133079847908 0.11258278145695365
0 0.4990494296577947 0.8228476821192053 0.0779467680608365 0.1423841059602649
0 0.39543726235741444 0.47516556291390727 0.08365019011406843 0.19205298013245034
0 0.3830798479087453 0.29635761589403975 0.07034220532319392 0.18211920529801323
0 0.32984790874524716 0.019867549668874173 0.07034220532319392 0.039735099337748346
1 0.7053231939163498 0.40728476821192056 0.08745247148288973 0.152317880794702
1 0.46577946768060835 0.033112582781456956 0.08365019011406843 0.06622516556291391
1 0.3897338403041825 0.023178807947019868 0.08745247148288973 0.046357615894039736
1 0.28517110266159695 0.27483443708609273 0.08365019011406843 0.1291390728476821
1 0.3897338403041825 0.7980132450331126 0.09315589353612168 0.12251655629139073
1 0.26140684410646386 0.7847682119205298 0.0741444866920152 0.15894039735099338