0 0.044753086419753084 0.4798387096774194 0.07561728395061729 0.11559139784946236
0 0.05632716049382716 0.6155913978494624 0.07407407407407407 0.12365591397849462
0 0.3263888888888889 0.9650537634408602 0.07561728395061729 0.06989247311827956
0 0.3410493827160494 0.9260752688172043 0.08024691358024691 0.12903225806451613
0 0.7986111111111112 0.6922043010752689 0.07407407407407407 0.12634408602150538
0 0.8148148148148148 0.6317204301075269 0.08333333333333333 0.13440860215053763
0 0.6944444444444444 0.33198924731182794 0.08950617283950617 0.13709677419354838
0 0.7021604938271605 0.23655913978494625 0.0787037037037037 0.12903225806451613
0 0.8587962962962963 0.056451612903225805 0.09104938271604938 0.11290322580645161
1 0.9313271604938271 0.34408602150537637 0.07716049382716049 0.12903225806451613
1 0.8109567901234568 0.3844086021505376 0.08333333333333333 0.15053763440860216
1 0.5972222222222222 0.6344086021505376 0.08641975308641975 0.13978494623655913
1 0.658179012345679 0.028225806451612902 0.08179012345679013 0.056451612903225805
1 0.6010802469135802 0.8494623655913979 0.0787037037037037 0.12903225806451613
1 0.5432098765432098 0.8655913978494624 0.07716049382716049 0.13172043010752688
1 0.12962962962962962 0.9838709677419355 0.06790123456790123 0.03225806451612903
1 0.10570987654320987 0.9032258064516129 0.08641975308641975 0.12634408602150538
1 0.25540123456790126 0.3870967741935484 0.07716049382716049 0.1586021505376344