0 0.4449685534591195 0.2896174863387978 0.08962264150943396 0.16666666666666666
0 0.4960691823899371 0.8907103825136612 0.08176100628930817 0.14207650273224043
0 0.3836477987421384 0.7650273224043715 0.07547169811320754 0.14207650273224043
0 0.38836477987421386 0.4248633879781421 0.09433962264150944 0.16393442622950818
0 0.45125786163522014 0.020491803278688523 0.05660377358490566 0.040983606557377046
1 0.6289308176100629 0.5532786885245902 0.08647798742138364 0.16393442622950818
1 0.3970125786163522 0.8674863387978142 0.08176100628930817 0.16120218579234974
1 0.21540880503144655 0.5942622950819673 0.0770440251572327 0.1448087431693989
1 0.300314465408805 0.6844262295081968 0.08490566037735849 0.1366120218579235
1 0.46540880503144655 0.06693989071038252 0.09748427672955975 0.13387978142076504
1 0.3333333333333333 0.1994535519125683 0.07389937106918239 0.13114754098360656