0 0.2976923076923077 0.6203208556149733 0.07230769230769231 0.14171122994652408
0 0.46923076923076923 0.3315508021390374 0.08 0.16042780748663102
0 0.42846153846153845 0.020053475935828877 0.06 0.040106951871657755
0 0.3607692307692308 0.0213903743315508 0.06923076923076923 0.0427807486631016
0 0.34615384615384615 0.02406417112299465 0.06461538461538462 0.0481283422459893
1 0.5353846153846153 0.8609625668449198 0.09384615384615384 0.1497326203208556
1 0.6461538461538462 0.28475935828877 0.08461538461538462 0.13636363636363635
1 0.49538461538461537 0.020053475935828877 0.06769230769230769 0.040106951871657755
1 0.3646153846153846 0.2393048128342246 0.06461538461538462 0.12032085561497326
1 0.2746153846153846 0.31684491978609625 0.06923076923076923 0.12299465240641712
1 0.2776923076923077 0.8021390374331551 0.10307692307692308 0.17379679144385027
1 0.3376923076923077 0.9024064171122995 0.06307692307692307 0.08823529411764706