0 0.5791139240506329 0.042582417582417584 0.05221518987341772 0.06868131868131869
0 0.567246835443038 0.04120879120879121 0.056962025316455694 0.07142857142857142
0 0.432753164556962 0.33653846153846156 0.06962025316455696 0.12637362637362637
0 0.5087025316455697 0.6002747252747253 0.06329113924050633 0.1620879120879121
0 0.5466772151898734 0.4958791208791209 0.0680379746835443 0.16483516483516483
0 0.6012658227848101 0.3557692307692308 0.06645569620253164 0.10989010989010989
0 0.7420886075949367 0.07417582417582418 0.056962025316455694 0.06318681318681318
0 0.7246835443037974 0.07280219780219781 0.060126582278481014 0.06868131868131869
1 0.3860759493670886 0.016483516483516484 0.056962025316455694 0.03296703296703297
1 0.39082278481012656 0.0260989010989011 0.05379746835443038 0.0521978021978022
1 0.5506329113924051 0.03159340659340659 0.06329113924050633 0.06043956043956044
1 0.6455696202531646 0.06318681318681318 0.058544303797468354 0.08241758241758242
1 0.627373417721519 0.18956043956043955 0.0680379746835443 0.17032967032967034
1 0.7642405063291139 0.17307692307692307 0.061708860759493674 0.1510989010989011
1 0.7357594936708861 0.48626373626373626 0.060126582278481014 0.17857142857142858
1 0.689873417721519 0.8008241758241759 0.058544303797468354 0.1401098901098901
1 0.5878164556962026 0.8901098901098901 0.08860759493670886 0.13736263736263737