0 0.25477707006369427 0.9419889502762431 0.04777070063694268 0.04143646408839779
0 0.6226114649681529 0.574585635359116 0.06847133757961783 0.11049723756906077
0 0.5111464968152867 0.034530386740331494 0.04777070063694268 0.06906077348066299
0 0.41878980891719747 0.029005524861878452 0.054140127388535034 0.058011049723756904
0 0.5987261146496815 0.04281767955801105 0.052547770700636945 0.06353591160220995
0 0.35668789808917195 0.06767955801104972 0.07006369426751592 0.12154696132596685
0 0.3001592356687898 0.013812154696132596 0.04936305732484077 0.027624309392265192
0 0.7285031847133758 0.6588397790055248 0.03503184713375796 0.08287292817679558
1 0.6695859872611465 0.06906077348066299 0.0732484076433121 0.09116022099447514
1 0.6568471337579618 0.21132596685082872 0.0732484076433121 0.12154696132596685
1 0.6042993630573248 0.7776243093922652 0.06847133757961783 0.12154696132596685
1 0.2961783439490446 0.5925414364640884 0.0732484076433121 0.1298342541436464
1 0.2611464968152866 0.07596685082872928 0.05732484076433121 0.12430939226519337
1 0.37022292993630573 0.015193370165745856 0.06210191082802548 0.03038674033149171
1 0.43789808917197454 0.020718232044198894 0.05732484076433121 0.04143646408839779
1 0.5828025477707006 0.029005524861878452 0.03980891719745223 0.03867403314917127