0 0.740210843373494 0.42428571428571427 0.04969879518072289 0.13428571428571429
0 0.6430722891566265 0.6414285714285715 0.061746987951807226 0.16
0 0.6746987951807228 0.8328571428571429 0.05572289156626506 0.1457142857142857
0 0.6167168674698795 0.7328571428571429 0.07379518072289157 0.14
0 0.44126506024096385 0.8514285714285714 0.05572289156626506 0.08285714285714285
0 0.43448795180722893 0.7928571428571428 0.06325301204819277 0.11428571428571428
0 0.6490963855421686 0.017142857142857144 0.0572289156626506 0.03428571428571429
0 0.7695783132530121 0.8942857142857142 0.05572289156626506 0.08857142857142856
1 0.4164156626506024 0.5357142857142857 0.058734939759036146 0.10285714285714286
1 0.6159638554216867 0.3242857142857143 0.06475903614457831 0.11714285714285715
1 0.7439759036144579 0.6157142857142858 0.061746987951807226 0.12571428571428572
1 0.7469879518072289 0.9142857142857143 0.03614457831325301 0.05714285714285714