0 0.5658333333333333 0.1518987341772152 0.07166666666666667 0.13291139240506328
0 0.6158333333333333 0.12183544303797468 0.07166666666666667 0.14240506329113925
0 0.9133333333333333 0.11234177215189874 0.056666666666666664 0.10443037974683544
0 0.85 0.1787974683544304 0.09 0.16139240506329114
0 0.65 0.5870253164556962 0.09666666666666666 0.18037974683544303
0 0.605 0.9367088607594937 0.07333333333333333 0.11075949367088607
0 0.7741666666666667 0.6550632911392406 0.08333333333333333 0.1550632911392405
0 0.8775 0.5870253164556962 0.09833333333333333 0.16455696202531644
1 0.7483333333333333 0.03639240506329114 0.07 0.07278481012658228
1 0.4583333333333333 0.30063291139240506 0.07333333333333333 0.1360759493670886
1 0.8033333333333333 0.3259493670886076 0.07 0.1360759493670886
1 0.9066666666666666 0.37183544303797467 0.07166666666666667 0.13924050632911392
1 0.9758333333333333 0.27848101265822783 0.04833333333333333 0.12658227848101267
1 0.9933333333333333 0.3528481012658228 0.013333333333333334 0.0981012658227848
1 0.7708333333333334 0.7167721518987342 0.07666666666666666 0.1360759493670886
1 0.4608333333333333 0.8085443037974683 0.005 0.006329113924050633
1 0.7966666666666666 0.04272151898734177 0.06666666666666667 0.08544303797468354