0 0.125 0.2122905027932961 0.08387096774193549 0.13687150837988826
0 0.16774193548387098 0.09916201117318436 0.07258064516129033 0.12290502793296089
0 0.717741935483871 0.4720670391061452 0.07741935483870968 0.15083798882681565
0 0.9790322580645161 0.3812849162011173 0.041935483870967745 0.13128491620111732
0 0.9701612903225807 0.520949720670391 0.05967741935483871 0.164804469273743
0 0.24435483870967742 0.8254189944134078 0.07580645161290323 0.11173184357541899
0 0.22580645161290322 0.7849162011173184 0.08709677419354839 0.15921787709497207
1 0.3685483870967742 0.24441340782122906 0.09516129032258064 0.18156424581005587
1 0.5370967741935484 0.6354748603351955 0.10483870967741936 0.164804469273743
1 0.8217741935483871 0.3756983240223464 0.07258064516129033 0.13687150837988826
1 0.8604838709677419 0.8016759776536313 0.09193548387096774 0.15083798882681565
1 0.9120967741935484 0.9315642458100558 0.07096774193548387 0.1340782122905028
1 0.49516129032258066 0.9650837988826816 0.08064516129032258 0.06983240223463687
1 0.4443548387096774 0.9273743016759777 0.08870967741935484 0.1452513966480447
1 0.04032258064516129 0.6284916201117319 0.08064516129032258 0.13966480446927373
1 0.06129032258064516 0.4972067039106145 0.0967741935483871 0.1424581005586592