0 0.7851796407185628 0.19010416666666666 0.0658682634730539 0.11458333333333333
0 0.782185628742515 0.2955729166666667 0.06287425149700598 0.12239583333333333
0 0.4154191616766467 0.33203125 0.06437125748502993 0.11458333333333333
0 0.6010479041916168 0.5989583333333334 0.0748502994011976 0.1484375
0 0.6601796407185628 0.9453125 0.0658682634730539 0.109375
0 0.3218562874251497 0.8020833333333334 0.07784431137724551 0.13541666666666666
1 0.3473053892215569 0.6875 0.0748502994011976 0.13802083333333334
1 0.5913173652694611 0.3984375 0.07335329341317365 0.1171875
1 0.6841317365269461 0.10807291666666667 0.07035928143712575 0.08333333333333333
1 0.7627245508982036 0.4231770833333333 0.06287425149700598 0.1328125
1 0.7080838323353293 0.6106770833333334 0.08682634730538923 0.1640625