0 0.5162866449511401 0.4305555555555556 0.057003257328990226 0.09567901234567901
0 0.510586319218241 0.5185185185185185 0.05863192182410423 0.08950617283950617
0 0.48452768729641693 0.30864197530864196 0.04560260586319218 0.09876543209876543
0 0.20846905537459284 0.3317901234567901 0.06351791530944625 0.12345679012345678
0 0.15716612377850162 0.3271604938271605 0.05211726384364821 0.07407407407407407
0 0.07166123778501629 0.8950617283950617 0.05537459283387622 0.08024691358024691
0 0.28583061889250816 0.8395061728395061 0.05211726384364821 0.08641975308641975
0 0.26384364820846906 0.9305555555555556 0.05374592833876222 0.09876543209876543
0 0.5496742671009772 0.9552469135802469 0.048859934853420196 0.08641975308641975
1 0.2695439739413681 0.4228395061728395 0.048859934853420196 0.11419753086419752
1 0.3338762214983713 0.30246913580246915 0.05863192182410423 0.07407407407407407
1 0.31514657980456023 0.39351851851851855 0.04723127035830619 0.08641975308641975
1 0.30537459283387625 0.4861111111111111 0.05211726384364821 0.09259259259259259
1 0.5969055374592834 0.19135802469135801 0.05374592833876222 0.08950617283950617
1 0.7679153094462541 0.9012345679012346 0.057003257328990226 0.12345679012345678
1 0.506514657980456 0.8287037037037037 0.05863192182410423 0.11728395061728394
1 0.4812703583061889 0.9475308641975309 0.050488599348534204 0.10493827160493827
1 0.2296416938110749 0.9228395061728395 0.04560260586319218 0.11419753086419752