0 0.48663522012578614 0.01639344262295082 0.05188679245283019 0.03278688524590164
0 0.5408805031446541 0.17896174863387979 0.07861635220125786 0.16120218579234974
0 0.5613207547169812 0.03825136612021858 0.06289308176100629 0.07650273224043716
0 0.6784591194968553 0.28415300546448086 0.07389937106918239 0.12295081967213115
0 0.36556603773584906 0.38934426229508196 0.09905660377358491 0.17759562841530055
0 0.3466981132075472 0.5163934426229508 0.07861635220125786 0.1557377049180328
0 0.42138364779874216 0.01912568306010929 0.05660377358490566 0.03825136612021858
1 0.27437106918238996 0.75 0.08176100628930817 0.13934426229508196
1 0.26022012578616355 0.453551912568306 0.07389937106918239 0.1284153005464481
1 0.4606918238993711 0.13524590163934427 0.08962264150943396 0.13387978142076504
1 0.6061320754716981 0.6502732240437158 0.08176100628930817 0.1557377049180328
1 0.7382075471698113 0.19398907103825136 0.06761006289308176 0.1284153005464481
1 0.675314465408805 0.11885245901639344 0.0440251572327044 0.07377049180327869
1 0.6132075471698113 0.050546448087431695 0.036163522012578615 0.040983606557377046
1 0.4921383647798742 0.01912568306010929 0.06289308176100629 0.03825136612021858
1 0.36556603773584906 0.06967213114754098 0.0770440251572327 0.13934426229508196