0 0.4759933774834437 0.6855345911949685 0.06456953642384106 0.11006289308176101
0 0.41804635761589404 0.7342767295597484 0.0728476821192053 0.13522012578616352
0 0.402317880794702 0.2248427672955975 0.056291390728476824 0.10062893081761007
0 0.37334437086092714 0.22955974842767296 0.061258278145695365 0.11006289308176101
0 0.07201986754966887 0.29559748427672955 0.06291390728476821 0.11635220125786164
0 0.3195364238410596 0.6792452830188679 0.08940397350993377 0.1509433962264151
0 0.3675496688741722 0.8773584905660378 0.076158940397351 0.14150943396226415
0 0.24834437086092714 0.7075471698113207 0.076158940397351 0.1289308176100629
0 0.15314569536423842 0.710691823899371 0.06622516556291391 0.09119496855345911
1 0.18543046357615894 0.1289308176100629 0.057947019867549666 0.10377358490566038
1 0.2293046357615894 0.10062893081761007 0.057947019867549666 0.11635220125786164
1 0.5380794701986755 0.3474842767295597 0.07119205298013245 0.1320754716981132
1 0.6721854304635762 0.8679245283018868 0.0728476821192053 0.13522012578616352
1 0.20364238410596028 0.7531446540880503 0.061258278145695365 0.09119496855345911
1 0.02566225165562914 0.5377358490566038 0.05132450331125828 0.1069182389937107
1 0.09271523178807947 0.5251572327044025 0.06788079470198675 0.1289308176100629
1 0.1564569536423841 0.4716981132075472 0.0695364238410596 0.12578616352201258