0 0.25385802469135804 0.385752688172043 0.07098765432098765 0.12096774193548387
0 0.2993827160493827 0.3978494623655914 0.07716049382716049 0.13172043010752688
0 0.1527777777777778 0.7943548387096774 0.07407407407407407 0.11827956989247312
0 0.2183641975308642 0.8575268817204301 0.08024691358024691 0.11021505376344086
0 0.12654320987654322 0.9704301075268817 0.07407407407407407 0.05913978494623656
0 0.6026234567901234 0.9005376344086021 0.08179012345679013 0.12903225806451613
0 0.8649691358024691 0.8306451612903226 0.08487654320987655 0.12634408602150538
0 0.9066358024691358 0.7661290322580645 0.06481481481481481 0.11559139784946236
0 0.9012345679012346 0.1935483870967742 0.09567901234567901 0.12634408602150538
1 0.023919753086419752 0.4206989247311828 0.047839506172839504 0.12096774193548387
1 0.4976851851851852 0.3024193548387097 0.06327160493827161 0.13440860215053763
1 0.8225308641975309 0.025537634408602152 0.08024691358024691 0.051075268817204304
1 0.9290123456790124 0.5174731182795699 0.08333333333333333 0.12634408602150538
1 0.7777777777777778 0.4946236559139785 0.0787037037037037 0.09946236559139784
1 0.3757716049382716 0.9502688172043011 0.06635802469135803 0.09946236559139784
1 0.3395061728395062 0.9516129032258065 0.06790123456790123 0.0967741935483871
1 0.2770061728395062 0.4932795698924731 0.07716049382716049 0.10752688172043011
1 0.21373456790123457 0.4637096774193548 0.07716049382716049 0.11021505376344086