0 0.627906976744186 0.05912162162162162 0.07364341085271318 0.06418918918918919
0 0.6133720930232558 0.0625 0.07364341085271318 0.08108108108108109
0 0.48158914728682173 0.8209459459459459 0.07945736434108527 0.15202702702702703
0 0.25290697674418605 0.3260135135135135 0.060077519379844964 0.14189189189189189
0 0.4437984496124031 0.02364864864864865 0.06589147286821706 0.0472972972972973
0 0.28875968992248063 0.15033783783783783 0.07945736434108527 0.1858108108108108
0 0.32945736434108525 0.011824324324324325 0.05813953488372093 0.02364864864864865
1 0.5736434108527132 0.03209459459459459 0.05813953488372093 0.057432432432432436
1 0.4312015503875969 0.015202702702702704 0.06395348837209303 0.030405405405405407
1 0.5852713178294574 0.38006756756756754 0.10852713178294573 0.17567567567567569
1 0.26841085271317827 0.8226351351351351 0.08333333333333333 0.18243243243243243
1 0.2063953488372093 0.6165540540540541 0.06201550387596899 0.125
1 0.34011627906976744 0.02027027027027027 0.0755813953488372 0.04054054054054054
1 0.32945736434108525 0.013513513513513514 0.06201550387596899 0.02702702702702703