0 0.40217391304347827 0.046232876712328765 0.06521739130434782 0.06506849315068493
0 0.4189723320158103 0.053082191780821915 0.07509881422924901 0.09246575342465753
0 0.599802371541502 0.23972602739726026 0.09881422924901186 0.1780821917808219
0 0.5385375494071146 0.5924657534246576 0.09683794466403162 0.21575342465753425
0 0.4792490118577075 0.4777397260273973 0.1007905138339921 0.2191780821917808
0 0.3952569169960474 0.3270547945205479 0.09288537549407115 0.15753424657534246
0 0.20948616600790515 0.1643835616438356 0.07509881422924901 0.0958904109589041
0 0.22727272727272727 0.1386986301369863 0.07312252964426877 0.0684931506849315
1 0.633399209486166 0.017123287671232876 0.0691699604743083 0.03424657534246575
1 0.6324110671936759 0.02910958904109589 0.07509881422924901 0.05821917808219178
1 0.43873517786561267 0.04452054794520548 0.08300395256916997 0.08904109589041095
1 0.32707509881422925 0.11472602739726027 0.07905138339920949 0.11986301369863013
1 0.3448616600790514 0.14726027397260275 0.09683794466403162 0.1952054794520548
1 0.17786561264822134 0.20034246575342465 0.07707509881422925 0.1267123287671233
1 0.2450592885375494 0.5376712328767124 0.09486166007905138 0.2328767123287671
1 0.3409090909090909 0.9058219178082192 0.08695652173913043 0.18835616438356165
1 0.4762845849802372 0.940068493150685 0.11857707509881422 0.11986301369863013