0 0.4444444444444444 0.015306122448979591 0.043010752688172046 0.030612244897959183
0 0.3324372759856631 0.1377551020408163 0.04838709677419355 0.08163265306122448
0 0.47580645161290325 0.4880952380952381 0.07706093189964158 0.14285714285714285
0 0.3817204301075269 0.4489795918367347 0.05734767025089606 0.11564625850340136
0 0.492831541218638 0.027210884353741496 0.06093189964157706 0.05442176870748299
0 0.5716845878136201 0.022108843537414966 0.053763440860215055 0.04421768707482993
1 0.41935483870967744 0.04421768707482993 0.06810035842293907 0.08843537414965986
1 0.5053763440860215 0.017006802721088437 0.04659498207885305 0.034013605442176874
1 0.6774193548387096 0.20068027210884354 0.08960573476702509 0.18027210884353742
1 0.4507168458781362 0.7414965986394558 0.07347670250896057 0.1360544217687075
1 0.34587813620071683 0.8197278911564626 0.07168458781362007 0.1326530612244898
1 0.3342293906810036 0.20748299319727892 0.0913978494623656 0.17006802721088435