0 0.30654761904761907 0.1489637305699482 0.0625 0.09326424870466321
0 0.31994047619047616 0.13601036269430053 0.05952380952380952 0.09326424870466321
0 0.5580357142857143 0.24740932642487046 0.08482142857142858 0.15284974093264247
0 0.21502976190476192 0.23704663212435234 0.05803571428571429 0.08549222797927461
0 0.33482142857142855 0.560880829015544 0.09821428571428571 0.17098445595854922
0 0.36235119047619047 0.5880829015544041 0.09821428571428571 0.16580310880829016
0 0.22172619047619047 0.41580310880829013 0.08482142857142858 0.15025906735751296
1 0.47098214285714285 0.022020725388601035 0.05505952380952381 0.04404145077720207
1 0.47098214285714285 0.02461139896373057 0.06101190476190476 0.04922279792746114
1 0.36904761904761907 0.08419689119170984 0.06101190476190476 0.09067357512953368
1 0.3132440476190476 0.2538860103626943 0.08630952380952381 0.13989637305699482
1 0.4107142857142857 0.29533678756476683 0.09077380952380952 0.17616580310880828
1 0.41369047619047616 0.9067357512953368 0.07738095238095238 0.14507772020725387
1 0.20461309523809523 0.3911917098445596 0.07589285714285714 0.13989637305699482
1 0.49776785714285715 0.8031088082901554 0.09226190476190477 0.16580310880829016