0 0.7798804780876494 0.8836805555555556 0.06772908366533864 0.1284722222222222
0 0.9352589641434262 0.5434027777777778 0.08167330677290836 0.13194444444444445
0 0.31175298804780877 0.8541666666666666 0.099601593625498 0.1875
0 0.04880478087649402 0.9583333333333334 0.045816733067729085 0.08333333333333333
0 0.026892430278884463 0.6822916666666666 0.043824701195219126 0.125
0 0.02888446215139442 0.6701388888888888 0.049800796812749 0.13194444444444445
0 0.1752988047808765 0.2517361111111111 0.08764940239043825 0.13541666666666666
0 0.26294820717131473 0.2951388888888889 0.08565737051792828 0.1527777777777778
1 0.012948207171314742 0.2725694444444444 0.025896414342629483 0.1284722222222222
1 0.010956175298804782 0.2690972222222222 0.021912350597609563 0.1284722222222222
1 0.018924302788844622 0.5694444444444444 0.037848605577689244 0.125
1 0.13844621513944222 0.6388888888888888 0.10358565737051793 0.13541666666666666
1 0.052788844621513946 0.8541666666666666 0.07171314741035857 0.16319444444444445
1 0.7639442231075697 0.6666666666666666 0.08764940239043825 0.16666666666666666