0 0.5269784172661871 0.028125 0.07194244604316546 0.05625
0 0.49640287769784175 0.0421875 0.08273381294964029 0.084375
0 0.802158273381295 0.1765625 0.05935251798561151 0.065625
0 0.6528776978417267 0.1671875 0.08992805755395683 0.16875
0 0.8561151079136691 0.209375 0.025179856115107913 0.040625
0 0.710431654676259 0.60625 0.10971223021582734 0.20625
0 0.6411870503597122 0.70625 0.10071942446043165 0.190625
1 0.6384892086330936 0.96875 0.07194244604316546 0.0625
1 0.7634892086330936 0.2265625 0.09172661870503597 0.153125
1 0.4091726618705036 0.4609375 0.09712230215827339 0.171875
1 0.6861510791366906 0.109375 0.0683453237410072 0.078125
1 0.7823741007194245 0.1734375 0.07553956834532374 0.0875
1 0.5827338129496403 0.0375 0.05575539568345324 0.059375