0 0.6027696793002916 0.976010101010101 0.07434402332361516 0.047979797979797977
0 0.6173469387755102 0.9431818181818182 0.08309037900874636 0.11363636363636363
0 0.49416909620991256 0.41035353535353536 0.07871720116618076 0.13383838383838384
0 0.42346938775510207 0.3648989898989899 0.08600583090379009 0.1388888888888889
0 0.782069970845481 0.2878787878787879 0.07871720116618076 0.14393939393939395
0 0.793731778425656 0.23232323232323232 0.07434402332361516 0.11363636363636363
1 0.3607871720116618 0.7702020202020202 0.09329446064139942 0.1414141414141414
1 0.32653061224489793 0.6919191919191919 0.07871720116618076 0.12626262626262627
1 0.41180758017492713 0.7285353535353535 0.09475218658892129 0.1414141414141414
1 0.706268221574344 0.6237373737373737 0.08454810495626822 0.1414141414141414
1 0.6756559766763849 0.12373737373737374 0.0641399416909621 0.09090909090909091
1 0.6705539358600583 0.1275252525252525 0.06851311953352769 0.10606060606060606