0 0.4325 0.02689873417721519 0.058333333333333334 0.04746835443037975
0 0.42083333333333334 0.46044303797468356 0.04833333333333333 0.11708860759493671
0 0.4625 0.5348101265822784 0.06166666666666667 0.11708860759493671
0 0.6833333333333333 0.0490506329113924 0.045 0.08860759493670886
0 0.73 0.07120253164556962 0.05333333333333334 0.0949367088607595
0 0.7375 0.569620253164557 0.056666666666666664 0.10443037974683544
0 0.6833333333333333 0.015822784810126583 0.04666666666666667 0.03164556962025317
0 0.67 0.030063291139240507 0.05 0.060126582278481014
0 0.4816666666666667 0.03481012658227848 0.051666666666666666 0.06962025316455696
1 0.35833333333333334 0.740506329113924 0.05333333333333334 0.0981012658227848
1 0.425 0.1360759493670886 0.045 0.0949367088607595
1 0.37583333333333335 0.15031645569620253 0.043333333333333335 0.09177215189873418
1 0.5816666666666667 0.012658227848101266 0.03666666666666667 0.02531645569620253
1 0.625 0.01740506329113924 0.04666666666666667 0.03481012658227848
1 0.7116666666666667 0.014240506329113924 0.056666666666666664 0.028481012658227847
1 0.6691666666666667 0.46677215189873417 0.07166666666666667 0.11075949367088607
1 0.7341666666666666 0.48417721518987344 0.06 0.09177215189873418
1 0.7391666666666666 0.9588607594936709 0.06666666666666667 0.05379746835443038