0 0.7307692307692307 0.04833333333333333 0.07692307692307693 0.04
0 0.7201923076923077 0.04833333333333333 0.08076923076923077 0.04666666666666667
0 0.7317307692307692 0.365 0.05 0.14
0 0.7548076923076923 0.455 0.0673076923076923 0.14333333333333334
0 0.7067307692307693 0.9716666666666667 0.0673076923076923 0.056666666666666664
0 0.46153846153846156 0.8033333333333333 0.11538461538461539 0.16
0 0.24615384615384617 0.2833333333333333 0.05576923076923077 0.13
0 0.26634615384615384 0.015 0.06346153846153846 0.03
0 0.29134615384615387 0.008333333333333333 0.07115384615384615 0.016666666666666666
0 0.35096153846153844 0.011666666666666667 0.05576923076923077 0.023333333333333334
1 0.7192307692307692 0.06666666666666667 0.08076923076923077 0.08
1 0.6163461538461539 0.30333333333333334 0.08076923076923077 0.17
1 0.5740384615384615 0.7183333333333334 0.08653846153846154 0.14666666666666667
1 0.7596153846153846 0.7766666666666666 0.038461538461538464 0.12333333333333334
1 0.225 0.7183333333333334 0.057692307692307696 0.15
1 0.3423076923076923 0.2966666666666667 0.08846153846153847 0.17333333333333334
1 0.275 0.01 0.08076923076923077 0.02
1 0.46057692307692305 0.021666666666666667 0.07884615384615384 0.043333333333333335
1 0.5663461538461538 0.021666666666666667 0.07115384615384615 0.03666666666666667