0 0.3769230769230769 0.21511627906976744 0.055384615384615386 0.11337209302325581
0 0.37 0.3008720930232558 0.05846153846153846 0.11918604651162791
0 0.5361538461538462 0.311046511627907 0.06769230769230769 0.12790697674418605
0 0.5846153846153846 0.125 0.06153846153846154 0.15406976744186046
0 0.6715384615384615 0.024709302325581394 0.06615384615384616 0.04941860465116279
0 0.7492307692307693 0.49273255813953487 0.05384615384615385 0.14534883720930233
0 0.4753846153846154 0.03343023255813953 0.046153846153846156 0.06686046511627906
0 0.6253846153846154 0.0188953488372093 0.05384615384615385 0.0377906976744186
1 0.4046153846153846 0.5319767441860465 0.052307692307692305 0.10174418604651163
1 0.3776923076923077 0.0625 0.046153846153846156 0.061046511627906974
1 0.4053846153846154 0.050872093023255814 0.04461538461538461 0.061046511627906974
1 0.5584615384615385 0.01308139534883721 0.052307692307692305 0.02616279069767442
1 0.5192307692307693 0.02616279069767442 0.047692307692307694 0.05232558139534884
1 0.5130769230769231 0.023255813953488372 0.05384615384615385 0.046511627906976744
1 0.5838461538461538 0.015988372093023256 0.05384615384615385 0.03197674418604651
1 0.6415384615384615 0.014534883720930232 0.04 0.029069767441860465
1 0.7023076923076923 0.15261627906976744 0.05692307692307692 0.11337209302325581