0 0.6461538461538462 0.64 0.12115384615384615 0.21333333333333335
0 0.725 0.785 0.09615384615384616 0.16333333333333333
0 0.9884615384615385 0.35833333333333334 0.023076923076923078 0.13666666666666666
0 0.9259615384615385 0.105 0.06346153846153846 0.12666666666666668
0 0.9134615384615384 0.105 0.08269230769230769 0.15333333333333332
0 0.55 0.06 0.1 0.12
0 0.49903846153846154 0.16333333333333333 0.10192307692307692 0.18
1 0.7278846153846154 0.043333333333333335 0.10576923076923077 0.08666666666666667
1 0.8105769230769231 0.03166666666666667 0.06346153846153846 0.06333333333333334
1 0.8336538461538462 0.075 0.09038461538461538 0.15
1 0.7086538461538462 0.3 0.11153846153846154 0.17666666666666667
1 0.8557692307692307 0.37166666666666665 0.11153846153846154 0.19666666666666666
1 0.9278846153846154 0.5066666666666667 0.08461538461538462 0.15666666666666668
1 0.6384615384615384 0.895 0.09230769230769231 0.13666666666666666
1 0.5221153846153846 0.9666666666666667 0.08269230769230769 0.06666666666666667
1 0.23653846153846153 0.9266666666666666 0.1076923076923077 0.14666666666666667