0 0.7101063829787234 0.7021604938271605 0.07446808510638298 0.1388888888888889
0 0.624113475177305 0.14969135802469136 0.07801418439716312 0.13271604938271606
0 0.24113475177304963 0.13425925925925927 0.07624113475177305 0.08641975308641975
0 0.37943262411347517 0.4722222222222222 0.07801418439716312 0.15123456790123457
0 0.31382978723404253 0.9320987654320988 0.07801418439716312 0.13580246913580246
0 0.3147163120567376 0.875 0.08156028368794327 0.15123456790123457
1 0.6303191489361702 0.9382716049382716 0.0549645390070922 0.05864197530864197
1 0.6835106382978723 0.5756172839506173 0.0851063829787234 0.12962962962962962
1 0.4592198581560284 0.6481481481481481 0.09397163120567376 0.1388888888888889
1 0.2632978723404255 0.4351851851851852 0.09042553191489362 0.1419753086419753
1 0.22429078014184398 0.1867283950617284 0.08687943262411348 0.1697530864197531
1 0.4078014184397163 0.2006172839506173 0.08687943262411348 0.15123456790123457