0 0.978515625 0.41496598639455784 0.04296875 0.10884353741496598
0 0.9345703125 0.38945578231292516 0.091796875 0.1326530612244898
0 0.564453125 0.0782312925170068 0.080078125 0.1360544217687075
0 0.060546875 0.8707482993197279 0.076171875 0.1564625850340136
0 0.44921875 0.5 0.09375 0.14285714285714285
0 0.484375 0.8554421768707483 0.099609375 0.1598639455782313
0 0.9443359375 0.6870748299319728 0.08984375 0.10884353741496598
0 0.9873046875 0.6972789115646258 0.025390625 0.09523809523809523
1 0.86328125 0.8486394557823129 0.08203125 0.1292517006802721
1 0.7314453125 0.5289115646258503 0.08984375 0.14965986394557823
1 0.8388671875 0.272108843537415 0.0859375 0.1598639455782313
1 0.8154296875 0.05612244897959184 0.099609375 0.11224489795918367
1 0.92578125 0.027210884353741496 0.07421875 0.05442176870748299
1 0.7763671875 0.8180272108843537 0.091796875 0.1326530612244898
1 0.3037109375 0.8877551020408163 0.080078125 0.13945578231292516
1 0.2890625 0.6666666666666666 0.099609375 0.16326530612244897
1 0.103515625 0.6394557823129252 0.0859375 0.1564625850340136