0 0.43284789644012944 0.6610169491525424 0.09870550161812297 0.1751412429378531
0 0.8042071197411004 0.7274011299435028 0.05663430420711974 0.07909604519774012
0 0.8300970873786407 0.673728813559322 0.08414239482200647 0.12994350282485875
0 0.5590614886731392 0.4929378531073446 0.11003236245954692 0.20056497175141244
0 0.5412621359223301 0.23728813559322035 0.09870550161812297 0.17231638418079095
0 0.5307443365695793 0.031073446327683617 0.07766990291262135 0.062146892655367235
1 0.3309061488673139 0.1426553672316384 0.0889967637540453 0.1384180790960452
1 0.4085760517799353 0.046610169491525424 0.06310679611650485 0.09322033898305085
1 0.5283171521035599 0.96045197740113 0.07928802588996764 0.07909604519774012
1 0.5533980582524272 0.9872881355932204 0.06796116504854369 0.025423728813559324
1 0.5784789644012945 0.7598870056497176 0.09870550161812297 0.17231638418079095
1 0.6739482200647249 0.2330508474576271 0.08737864077669903 0.17231638418079095
1 0.7273462783171522 0.3403954802259887 0.09061488673139159 0.15819209039548024