0 0.5416666666666666 0.03611111111111111 0.05448717948717949 0.07222222222222222
0 0.5296474358974359 0.029166666666666667 0.052884615384615384 0.058333333333333334
0 0.34775641025641024 0.3875 0.0641025641025641 0.10833333333333334
0 0.6875 0.027777777777777776 0.05448717948717949 0.04722222222222222
0 0.7091346153846154 0.04722222222222222 0.04487179487179487 0.08055555555555556
0 0.592948717948718 0.47638888888888886 0.06570512820512821 0.12777777777777777
0 0.4983974358974359 0.6680555555555555 0.05929487179487179 0.12222222222222222
0 0.7203525641025641 0.9736111111111111 0.05608974358974359 0.05277777777777778
1 0.3453525641025641 0.02638888888888889 0.046474358974358976 0.05277777777777778
1 0.34455128205128205 0.034722222222222224 0.04487179487179487 0.06944444444444445
1 0.46794871794871795 0.04027777777777778 0.057692307692307696 0.08055555555555556
1 0.6049679487179487 0.06666666666666667 0.052884615384615384 0.13055555555555556
1 0.5873397435897436 0.2722222222222222 0.0625 0.11388888888888889
1 0.7251602564102564 0.17777777777777778 0.057692307692307696 0.12777777777777777
1 0.6907051282051282 0.8111111111111111 0.049679487179487176 0.125
1 0.5464743589743589 0.9041666666666667 0.04807692307692308 0.1388888888888889