0 0.37925696594427244 0.07602339181286549 0.05263157894736842 0.07894736842105263
0 0.5294117647058824 0.16666666666666666 0.058823529411764705 0.10526315789473684
0 0.5526315789473685 0.20321637426900585 0.06501547987616099 0.1286549707602339
0 0.4419504643962848 0.5730994152046783 0.06191950464396285 0.13450292397660818
0 0.40092879256965946 0.5950292397660819 0.06501547987616099 0.13742690058479531
0 0.29024767801857587 0.5570175438596491 0.07430340557275542 0.15497076023391812
0 0.34520123839009287 0.3713450292397661 0.06656346749226007 0.14912280701754385
0 0.2786377708978328 0.2953216374269006 0.06037151702786378 0.14327485380116958
0 0.2089783281733746 0.19444444444444445 0.06037151702786378 0.1286549707602339
1 0.32275541795665635 0.10380116959064327 0.05727554179566564 0.07602339181286549
1 0.4760061919504644 0.027777777777777776 0.04489164086687306 0.05555555555555555
1 0.27012383900928794 0.1286549707602339 0.04643962848297214 0.06725146198830409
1 0.23374613003095976 0.14473684210526316 0.04179566563467492 0.05847953216374269
1 0.5030959752321982 0.017543859649122806 0.05572755417956656 0.03508771929824561
1 0.5921052631578947 0.45321637426900585 0.05727554179566564 0.11988304093567251
1 0.5154798761609907 0.922514619883041 0.07275541795665634 0.13450292397660818
1 0.32507739938080493 0.8918128654970761 0.06656346749226007 0.14327485380116958
1 0.22445820433436534 0.27923976608187134 0.06346749226006192 0.12573099415204678