0 0.63203125 0.6005434782608695 0.05625 0.11141304347826086
0 0.384375 0.7350543478260869 0.065625 0.15489130434782608
0 0.43359375 0.4388586956521739 0.0703125 0.12771739130434784
0 0.23046875 0.08967391304347826 0.0609375 0.07065217391304347
0 0.28359375 0.4741847826086957 0.06875 0.13043478260869565
1 0.65 0.936141304347826 0.046875 0.07336956521739131
1 0.5296875 0.9538043478260869 0.046875 0.09239130434782608
1 0.55703125 0.453804347826087 0.0625 0.11141304347826086
1 0.37265625 0.20923913043478262 0.059375 0.13858695652173914
1 0.26640625 0.23233695652173914 0.0625 0.11684782608695653
1 0.30078125 0.8777173913043478 0.071875 0.11684782608695653
1 0.38203125 0.9510869565217391 0.0703125 0.09782608695652174
1 0.28046875 0.938858695652174 0.0640625 0.12228260869565218