0 0.5602605863192183 0.96875 0.06514657980456026 0.0625
0 0.41286644951140067 0.5667613636363636 0.08794788273615635 0.1590909090909091
0 0.4812703583061889 0.022727272727272728 0.06026058631921824 0.045454545454545456
0 0.5749185667752443 0.03409090909090909 0.0749185667752443 0.06818181818181818
0 0.5879478827361564 0.03125 0.0749185667752443 0.0625
0 0.8648208469055375 0.6448863636363636 0.06351791530944625 0.10511363636363637
0 0.8729641693811075 0.6534090909090909 0.04723127035830619 0.07102272727272728
1 0.5456026058631922 0.8934659090909091 0.09609120521172639 0.16761363636363635
1 0.34609120521172637 0.12357954545454546 0.06840390879478828 0.11363636363636363
1 0.4755700325732899 0.06676136363636363 0.09446254071661238 0.13352272727272727
1 0.7125407166123778 0.23579545454545456 0.07980456026058631 0.14488636363636365
1 0.749185667752443 0.3536931818181818 0.0993485342019544 0.1846590909090909