0 0.927536231884058 0.5125786163522013 0.1105072463768116 0.16666666666666666
0 0.9094202898550725 0.6886792452830188 0.09420289855072464 0.14150943396226415
0 0.5289855072463768 0.9905660377358491 0.08333333333333333 0.018867924528301886
0 0.46105072463768115 0.29245283018867924 0.1068840579710145 0.1761006289308176
0 0.4003623188405797 0.41037735849056606 0.11413043478260869 0.18238993710691823
0 0.02717391304347826 0.6949685534591195 0.05434782608695652 0.11949685534591195
0 0.036231884057971016 0.7248427672955975 0.07246376811594203 0.08490566037735849
1 0.17119565217391305 0.5424528301886793 0.1068840579710145 0.18867924528301888
1 0.2608695652173913 0.8443396226415094 0.07608695652173914 0.11006289308176101
1 0.3170289855072464 0.8757861635220126 0.07608695652173914 0.11320754716981132
1 0.8206521739130435 0.9622641509433962 0.10144927536231885 0.07547169811320754
1 0.6865942028985508 0.5487421383647799 0.10507246376811594 0.17295597484276728
1 0.6947463768115942 0.38522012578616355 0.08876811594202899 0.13836477987421383
1 0.39221014492753625 0.04559748427672956 0.08514492753623189 0.09119496855345911