0 0.48502994011976047 0.016927083333333332 0.059880239520958084 0.033854166666666664
0 0.5666167664670658 0.04296875 0.05389221556886228 0.078125
0 0.7552395209580839 0.1328125 0.04491017964071856 0.06510416666666667
0 0.7095808383233533 0.30078125 0.0688622754491018 0.13541666666666666
0 0.5591317365269461 0.91796875 0.06437125748502993 0.1171875
0 0.592814371257485 0.9713541666666666 0.08083832335329341 0.057291666666666664
0 0.5329341317365269 0.6705729166666666 0.06736526946107785 0.13541666666666666
0 0.28293413173652693 0.68359375 0.04790419161676647 0.1171875
1 0.40119760479041916 0.8111979166666666 0.058383233532934134 0.11979166666666667
1 0.19161676646706588 0.71484375 0.059880239520958084 0.09895833333333333
1 0.3532934131736527 0.5768229166666666 0.06437125748502993 0.1171875
1 0.718562874251497 0.6341145833333334 0.07784431137724551 0.12760416666666666
1 0.7979041916167665 0.15104166666666666 0.05389221556886228 0.06510416666666667
1 0.7095808383233533 0.16536458333333334 0.07335329341317365 0.10416666666666667
1 0.7133233532934131 0.11328125 0.04790419161676647 0.0703125
1 0.4535928143712575 0.09895833333333333 0.08083832335329341 0.11979166666666667