0 0.6580756013745704 0.23952095808383234 0.08075601374570447 0.1497005988023952
0 0.2620274914089347 0.24850299401197604 0.09621993127147767 0.17664670658682635
0 0.06529209621993128 0.058383233532934134 0.0429553264604811 0.10479041916167664
0 0.3745704467353952 0.5134730538922155 0.07560137457044673 0.1407185628742515
0 0.3951890034364261 0.7050898203592815 0.09278350515463918 0.16766467065868262
0 0.6512027491408935 0.9580838323353293 0.07560137457044673 0.08383233532934131
0 0.12886597938144329 0.7709580838323353 0.10309278350515463 0.17365269461077845
0 0.012027491408934709 0.5793413173652695 0.024054982817869417 0.11676646706586827
1 0.654639175257732 0.11976047904191617 0.08247422680412371 0.1407185628742515
1 0.4097938144329897 0.1781437125748503 0.08247422680412371 0.16766467065868262
1 0.5240549828178694 0.3473053892215569 0.0859106529209622 0.16467065868263472
1 0.5996563573883161 0.4086826347305389 0.08247422680412371 0.1377245508982036
1 0.11426116838487972 0.3218562874251497 0.0979381443298969 0.16766467065868262
1 0.21563573883161513 0.1317365269461078 0.08419243986254296 0.1407185628742515
1 0.11168384879725086 0.7679640718562875 0.08934707903780069 0.15868263473053892
1 0.3548109965635739 0.8982035928143712 0.09106529209621993 0.1317365269461078
1 0.4252577319587629 0.8652694610778443 0.09106529209621993 0.20359281437125748