0 0.885576923076923 0.9483333333333334 0.09038461538461538 0.10333333333333333
0 0.8278846153846153 0.8666666666666667 0.09230769230769231 0.14333333333333334
0 0.6134615384615385 0.2683333333333333 0.08846153846153847 0.14333333333333334
0 0.5326923076923077 0.8033333333333333 0.12115384615384615 0.18
0 0.38653846153846155 0.5216666666666666 0.10576923076923077 0.18
0 0.021153846153846155 0.5883333333333334 0.04230769230769231 0.13
0 0.3105769230769231 0.8166666666666667 0.10576923076923077 0.17333333333333334
1 0.9538461538461539 0.55 0.09230769230769231 0.14666666666666667
1 0.8442307692307692 0.4683333333333333 0.09615384615384616 0.14
1 0.7682692307692308 0.6883333333333334 0.09230769230769231 0.13333333333333333
1 0.47596153846153844 0.30833333333333335 0.09038461538461538 0.15666666666666668
1 0.20865384615384616 0.48333333333333334 0.1076923076923077 0.16
1 0.1528846153846154 0.69 0.09615384615384616 0.16
1 0.5663461538461538 0.9783333333333334 0.09423076923076923 0.043333333333333335
1 0.6682692307692307 0.9333333333333333 0.10192307692307692 0.13333333333333333