0 0.4283276450511945 0.6160714285714286 0.05802047781569966 0.1488095238095238
0 0.7030716723549488 0.02976190476190476 0.07508532423208192 0.05952380952380952
0 0.31569965870307165 0.028273809523809524 0.04436860068259386 0.05654761904761905
0 0.2883959044368601 0.05654761904761905 0.06143344709897611 0.10119047619047619
0 0.2696245733788396 0.9702380952380952 0.06484641638225255 0.05952380952380952
1 0.6646757679180887 0.9553571428571429 0.08361774744027303 0.08928571428571429
1 0.6697952218430034 0.8363095238095238 0.06655290102389079 0.14285714285714285
1 0.674061433447099 0.25 0.05460750853242321 0.13690476190476192
1 0.5793515358361775 0.19791666666666666 0.06313993174061433 0.11011904761904762
1 0.46331058020477817 0.03869047619047619 0.04948805460750853 0.07738095238095238
1 0.3250853242320819 0.46726190476190477 0.07337883959044368 0.11904761904761904
1 0.27559726962457337 0.5446428571428571 0.06996587030716724 0.125