0 0.09044117647058823 0.6064102564102564 0.07205882352941176 0.07948717948717948
0 0.1514705882352941 0.5743589743589743 0.058823529411764705 0.08717948717948718
0 0.4117647058823529 0.2705128205128205 0.06470588235294118 0.07948717948717948
0 0.7161764705882353 0.1141025641025641 0.058823529411764705 0.10512820512820513
0 0.836764705882353 0.7743589743589744 0.052941176470588235 0.09230769230769231
0 0.5661764705882353 0.6346153846153846 0.07647058823529412 0.08974358974358974
0 0.49264705882352944 0.6448717948717949 0.07352941176470588 0.1
0 0.4963235294117647 0.7846153846153846 0.06911764705882353 0.13333333333333333
0 0.16838235294117648 0.7884615384615384 0.06323529411764706 0.07948717948717948
1 0.13014705882352942 0.2743589743589744 0.0661764705882353 0.05641025641025641
1 0.21470588235294116 0.2858974358974359 0.07941176470588235 0.07948717948717948
1 0.22205882352941175 0.48333333333333334 0.061764705882352944 0.07435897435897436
1 0.31176470588235294 0.6346153846153846 0.06764705882352941 0.08461538461538462
1 0.4308823529411765 0.358974358974359 0.06764705882352941 0.09743589743589744
1 0.8727941176470588 0.08461538461538462 0.0661764705882353 0.10256410256410256
1 0.649264705882353 0.6512820512820513 0.060294117647058824 0.1076923076923077
1 0.663235294117647 0.8294871794871795 0.07058823529411765 0.08461538461538462
1 0.3154411764705882 0.8974358974358975 0.06911764705882353 0.08717948717948718