0 0.6697247706422018 0.8164893617021277 0.0779816513761468 0.11702127659574468
0 0.5420489296636085 0.8656914893617021 0.0764525993883792 0.1356382978723404
0 0.3952599388379205 0.6835106382978723 0.0871559633027523 0.17553191489361702
0 0.3486238532110092 0.5625 0.0764525993883792 0.1622340425531915
0 0.2889908256880734 0.13164893617021275 0.06880733944954129 0.08244680851063829
0 0.20795107033639143 0.20611702127659576 0.06574923547400612 0.10372340425531915
1 0.6024464831804281 0.4375 0.08409785932721713 0.14893617021276595
1 0.3165137614678899 0.16489361702127658 0.08256880733944955 0.14095744680851063
1 0.2874617737003058 0.32845744680851063 0.08409785932721713 0.13297872340425532
1 0.27370030581039756 0.6103723404255319 0.07951070336391437 0.13031914893617022
1 0.45871559633027525 0.9175531914893617 0.08409785932721713 0.1276595744680851
1 0.36314984709480125 0.9574468085106383 0.07492354740061162 0.0851063829787234