0 0.40497076023391815 0.336734693877551 0.07309941520467836 0.12244897959183673
0 0.6659356725146199 0.20535714285714285 0.07017543859649122 0.1096938775510204
0 0.8421052631578947 0.6313775510204082 0.0804093567251462 0.1096938775510204
0 0.9298245614035088 0.5497448979591837 0.07017543859649122 0.09693877551020408
0 0.7755847953216374 0.7665816326530612 0.06871345029239766 0.12244897959183673
0 0.7288011695906432 0.7895408163265306 0.08187134502923976 0.125
0 0.5328947368421053 0.6505102040816326 0.07894736842105263 0.12755102040816327
0 0.32821637426900585 0.9426020408163265 0.06140350877192982 0.09693877551020408
0 0.29385964912280704 0.9502551020408163 0.07894736842105263 0.09948979591836735
1 0.85453216374269 0.1556122448979592 0.06286549707602339 0.10459183673469388
1 0.8720760233918129 0.24744897959183673 0.07456140350877193 0.10204081632653061
1 0.5964912280701754 0.2512755102040816 0.07163742690058479 0.11224489795918367
1 0.7953216374269005 0.3252551020408163 0.07017543859649122 0.11479591836734694
1 0.9385964912280702 0.6339285714285714 0.06140350877192982 0.09438775510204081
1 0.5380116959064327 0.8520408163265306 0.07163742690058479 0.11479591836734694
1 0.40131578947368424 0.9056122448979592 0.08187134502923976 0.11734693877551021
1 0.4057017543859649 0.6326530612244898 0.07894736842105263 0.125
1 0.15350877192982457 0.8227040816326531 0.07163742690058479 0.13010204081632654