0 0.32099697885196377 0.8565789473684211 0.07401812688821752 0.12368421052631579
0 0.5785498489425982 0.7986842105263158 0.0755287009063444 0.14736842105263157
0 0.5702416918429003 0.9328947368421052 0.08006042296072508 0.13421052631578947
0 0.7016616314199395 0.6671052631578948 0.08761329305135952 0.16842105263157894
0 0.6910876132930514 0.5394736842105263 0.08157099697885196 0.16052631578947368
0 0.8126888217522659 0.23289473684210527 0.06646525679758308 0.09473684210526316
1 0.3821752265861027 0.5013157894736842 0.08308157099697885 0.12894736842105264
1 0.38368580060422963 0.6578947368421053 0.06042296072507553 0.12368421052631579
1 0.6329305135951662 0.9513157894736842 0.07250755287009064 0.09736842105263158
1 0.6638972809667674 0.8881578947368421 0.07099697885196375 0.13157894736842105
1 0.7658610271903323 0.5381578947368421 0.06948640483383686 0.15526315789473685
1 0.6963746223564955 0.1355263157894737 0.0649546827794562 0.08947368421052632