0 0.7577519379844961 0.5422297297297297 0.09108527131782945 0.16216216216216217
0 0.5581395348837209 0.05067567567567568 0.10077519379844961 0.10135135135135136
0 0.16085271317829458 0.3260135135135135 0.06395348837209303 0.10472972972972973
0 0.17248062015503876 0.3108108108108108 0.07170542635658915 0.11148648648648649
0 0.374031007751938 0.39864864864864863 0.11627906976744186 0.21283783783783783
0 0.375 0.9307432432432432 0.10271317829457365 0.13851351351351351
0 0.4021317829457364 0.9679054054054054 0.1065891472868217 0.06418918918918919
1 0.7054263565891473 0.42567567567567566 0.09883720930232558 0.17905405405405406
1 0.3439922480620155 0.17567567567567569 0.1124031007751938 0.19256756756756757
1 0.15213178294573643 0.34797297297297297 0.07751937984496124 0.12837837837837837
1 0.24031007751937986 0.535472972972973 0.12209302325581395 0.20945945945945946