0 0.8442307692307692 0.18333333333333332 0.08846153846153847 0.16
0 0.49615384615384617 0.3433333333333333 0.09230769230769231 0.16
0 0.24615384615384617 0.985 0.09230769230769231 0.03
0 0.5663461538461538 0.9066666666666666 0.08076923076923077 0.14666666666666667
1 0.9442307692307692 0.15333333333333332 0.051923076923076926 0.13666666666666666
1 0.9625 0.30666666666666664 0.06538461538461539 0.12
1 0.9634615384615385 0.33166666666666667 0.07307692307692308 0.14333333333333334
1 0.7653846153846153 0.225 0.1 0.16666666666666666
1 0.3346153846153846 0.12 0.08076923076923077 0.13666666666666666
1 0.15 0.725 0.11730769230769231 0.17
1 0.6942307692307692 0.8566666666666667 0.08846153846153847 0.15