0 0.664568345323741 0.1359375 0.07733812949640288 0.140625
0 0.7446043165467626 0.696875 0.08273381294964029 0.13125
0 0.4442446043165468 0.86875 0.08093525179856115 0.146875
0 0.2949640287769784 0.2640625 0.0737410071942446 0.134375
0 0.24640287769784172 0.2765625 0.07553956834532374 0.178125
0 0.30845323741007197 0.1 0.0683453237410072 0.09375
0 0.33093525179856115 0.0875 0.0539568345323741 0.078125
1 0.6214028776978417 0.0203125 0.07733812949640288 0.040625
1 0.5467625899280576 0.021875 0.06115107913669065 0.04375
1 0.5377697841726619 0.028125 0.05755395683453238 0.05625
1 0.677158273381295 0.25 0.07913669064748201 0.11875
1 0.27697841726618705 0.1015625 0.06654676258992806 0.071875
1 0.3920863309352518 0.6828125 0.11870503597122302 0.178125
1 0.2868705035971223 0.5953125 0.07733812949640288 0.175
1 0.32643884892086333 0.8625 0.08453237410071943 0.1625