0 0.8576923076923076 0.7892441860465116 0.046153846153846156 0.09302325581395349
0 0.7046153846153846 0.6744186046511628 0.06923076923076923 0.11627906976744186
0 0.7146153846153847 0.7979651162790697 0.06615384615384616 0.12790697674418605
0 0.5223076923076924 0.9607558139534884 0.07538461538461538 0.07848837209302326
0 0.6107692307692307 0.6613372093023255 0.07384615384615385 0.1308139534883721
0 0.8569230769230769 0.6831395348837209 0.06 0.10755813953488372
0 0.9030769230769231 0.45203488372093026 0.06923076923076923 0.11337209302325581
0 0.6461538461538462 0.2558139534883721 0.052307692307692305 0.09302325581395349
0 0.6076923076923076 0.251453488372093 0.06923076923076923 0.1308139534883721
1 0.9692307692307692 0.6424418604651163 0.055384615384615386 0.09883720930232558
1 0.8238461538461539 0.25290697674418605 0.052307692307692305 0.09302325581395349
1 0.7776923076923077 0.2238372093023256 0.052307692307692305 0.09883720930232558
1 0.4823076923076923 0.32558139534883723 0.052307692307692305 0.10465116279069768
1 0.7807692307692308 0.5377906976744186 0.055384615384615386 0.11627906976744186
1 0.87 0.622093023255814 0.06 0.10465116279069768
1 0.7215384615384616 0.8648255813953488 0.07230769230769231 0.10755813953488372
1 0.5438461538461539 0.7950581395348837 0.06615384615384616 0.13953488372093023
1 0.6776923076923077 0.8938953488372093 0.05846153846153846 0.0872093023255814