0 0.2563868613138686 0.6385350318471338 0.10218978102189781 0.1751592356687898
0 0.23357664233576642 0.5254777070063694 0.10401459854014598 0.18152866242038215
0 0.7436131386861314 0.4410828025477707 0.10218978102189781 0.18471337579617833
0 0.6906934306569343 0.1592356687898089 0.07846715328467153 0.12420382165605096
0 0.7463503649635036 0.2229299363057325 0.08029197080291971 0.1337579617834395
0 0.46624087591240876 0.027070063694267517 0.07846715328467153 0.054140127388535034
0 0.48083941605839414 0.027070063694267517 0.07481751824817519 0.054140127388535034
1 0.593065693430657 0.9060509554140127 0.11313868613138686 0.18789808917197454
1 0.8658759124087592 0.32961783439490444 0.051094890510948905 0.08917197452229299
1 0.5784671532846716 0.5700636942675159 0.13138686131386862 0.2197452229299363
1 0.35675182481751827 0.1910828025477707 0.10401459854014598 0.17834394904458598
1 0.3895985401459854 0.08280254777070063 0.10401459854014598 0.16560509554140126
1 0.708941605839416 0.1480891719745223 0.08029197080291971 0.09554140127388536