0 0.4583333333333333 0.025590551181102362 0.06666666666666667 0.051181102362204724
0 0.434375 0.03346456692913386 0.07291666666666667 0.06692913385826772
0 0.5770833333333333 0.04330708661417323 0.04375 0.05905511811023622
0 0.7385416666666667 0.13582677165354332 0.058333333333333334 0.05905511811023622
0 0.625 0.8720472440944882 0.09791666666666667 0.18503937007874016
0 0.5583333333333333 0.8110236220472441 0.09166666666666666 0.18110236220472442
1 0.4114583333333333 0.31496062992125984 0.08333333333333333 0.15354330708661418
1 0.5010416666666667 0.027559055118110236 0.07291666666666667 0.05511811023622047
1 0.6291666666666667 0.08464566929133858 0.075 0.09448818897637795
1 0.6583333333333333 0.11220472440944881 0.08125 0.11811023622047244
1 0.7739583333333333 0.3543307086614173 0.07291666666666667 0.14566929133858267
1 0.821875 0.1968503937007874 0.022916666666666665 0.05511811023622047