0 0.47562893081761004 0.6532738095238095 0.06132075471698113 0.11011904761904762
0 0.41745283018867924 0.6830357142857143 0.07232704402515723 0.13392857142857142
0 0.4378930817610063 0.20238095238095238 0.055031446540880505 0.09821428571428571
0 0.41037735849056606 0.20089285714285715 0.059748427672955975 0.11011904761904762
0 0.12264150943396226 0.18601190476190477 0.06132075471698113 0.1130952380952381
0 0.32861635220125784 0.6086309523809523 0.08490566037735849 0.15178571428571427
0 0.360062893081761 0.8080357142857143 0.07547169811320754 0.13988095238095238
0 0.26022012578616355 0.6175595238095238 0.07232704402515723 0.13095238095238096
0 0.16430817610062892 0.6116071428571429 0.07389937106918239 0.13095238095238096
1 0.24135220125786164 0.05803571428571429 0.05660377358490566 0.10416666666666667
1 0.2838050314465409 0.049107142857142856 0.05817610062893082 0.09821428571428571
1 0.5573899371069182 0.35267857142857145 0.07075471698113207 0.13095238095238096
1 0.6477987421383647 0.8735119047619048 0.07232704402515723 0.13392857142857142
1 0.4889937106918239 0.9761904761904762 0.07861635220125786 0.047619047619047616
1 0.20911949685534592 0.6651785714285714 0.06918238993710692 0.125
1 0.05817610062893082 0.4017857142857143 0.05817610062893082 0.10714285714285714
1 0.12657232704402516 0.40773809523809523 0.0660377358490566 0.125
1 0.18946540880503146 0.37351190476190477 0.06761006289308176 0.125